0.128125
0.141875
0.148125
0.147539
0.15316400000000002
0.16003900000000001
0.160664
0.160664
0.161914
0.16378900000000002
0.16253900000000002
0.163164
0.163164
0.16378900000000002
0.16753900000000002
0.173164
0.175039
0.17566400000000001
0.18316400000000002
0.17941400000000002
0.180039
0.180039
0.185039
0.18316400000000002
0.18441400000000002
0.18441400000000002
0.18316400000000002
0.18566400000000002
0.18441400000000002
0.18566400000000002
0.182539
0.18191400000000002
0.17816400000000002
0.18191400000000002
0.183789
0.17941400000000002
0.178789
0.17816400000000002
0.17566400000000001
0.174414
0.174414
0.171289
0.173164
0.169414
0.169414
0.16878900000000002
0.16753900000000002
0.16628900000000002
0.16503900000000002
0.164414
0.164414
0.16253900000000002
0.163164
0.165
0.1675
0.1675
0.166875
0.168125
0.17691400000000002
0.185039
0.185625
0.186875
0.190625
0.2
0.205625
0.205039
0.209414
0.215
0.219414
0.220664
0.22003899999999998
0.219414
0.22691399999999998
0.23316399999999998
0.228789
0.236289
0.239414
0.250039
0.241914
0.240664
0.240664
0.24003899999999997
0.24003899999999997
0.239414
0.23691399999999999
0.237539
0.232539
0.232539
0.23191399999999998
0.22941399999999998
0.22566399999999998
0.22441399999999997
0.223789
0.221914
0.220664
0.22003899999999998
0.214414
0.218164
0.21503899999999998
0.21503899999999998
0.21628899999999998
0.214414
0.21253899999999998
0.211914
0.21253899999999998
0.21128899999999998
0.214414
0.213164
0.218164
0.215664
0.218164
0.21378899999999998
0.215664
0.214414
0.21378899999999998
0.214414
0.21503899999999998
0.216914
0.22128899999999999
0.235039
0.229375
0.235039
0.245664
0.243125
0.244414
0.24375
0.243125
0.243164
0.244414
0.2425
0.244375
0.24128899999999998
0.243125
0.25375
0.252539
0.256914
0.256289
0.256289
0.255664
0.256289
0.258164
0.258789
0.255664
0.255664
0.253789
0.25191399999999997
0.252539
0.25191399999999997
0.252539
0.251289
0.251289
0.251289
0.24878899999999998
0.24753899999999998
0.24878899999999998
0.246914
0.249414
0.246914
0.24628899999999998
0.246914
0.24628899999999998
0.245664
0.24753899999999998
0.246914
0.250039
0.246914
0.249414
0.24628899999999998
0.246914
0.24628899999999998
0.24628899999999998
0.245664
0.245664
0.24878899999999998
0.245664
0.24878899999999998
0.24878899999999998
0.248164
0.248164
0.251289
0.252539
0.251289
0.253164
0.25191399999999997
0.253164
0.253789
0.254414
0.253125
0.254375
0.25375
0.26003899999999996
0.265625
0.268164
0.27375
0.279375
0.2825
0.282539
0.28066399999999997
0.283125
0.28625
0.29125
0.29628899999999997
0.2975
0.29878899999999997
0.29878899999999997
0.300664
0.301289
0.30191399999999996
0.30191399999999996
0.305664
0.305039
0.305664
0.30191399999999996
0.30191399999999996
0.301289
0.301289
0.300664
0.300039
0.302539
0.298164
0.293164
0.297539
0.296914
0.295664
0.29378899999999997
0.292539
0.293164
0.29378899999999997
0.293164
0.294414
0.29378899999999997
0.295039
0.295039
0.293164
0.29378899999999997
0.298164
0.302539
0.30441399999999996
0.308789
0.310039
0.313164
0.315039
0.311289
0.315039
0.315039
0.323789
0.32753899999999997
0.326914
0.329414
0.336914
0.344414
0.345039
0.345039
0.33875
0.342539
0.351914
0.353164
0.352539
0.35378899999999996
0.351875
0.35128899999999996
0.34875
0.348164
0.34878899999999996
0.345625
0.34
0.34875
0.35625
0.354375
0.354414
0.353164
0.353164
0.351914
0.350664
0.350039
0.346289
0.344414
0.342539
0.341289
0.340039
0.339414
0.336914
0.336289
0.333789
0.332539
0.33316399999999996
0.33566399999999996
0.334414
0.331289
0.33316399999999996
0.334414
0.331914
0.332539
0.331289
0.331289
0.331289
0.330664
0.331914
0.33003899999999997
0.328789
0.326914
0.323789
0.32503899999999997
0.325664
0.328164
0.331289
0.330664
0.331914
0.33816399999999996
0.338789
0.33566399999999996
0.33816399999999996
0.342539
0.346914
0.352539
0.355039
0.359414
0.360664
0.358164
0.359375
0.35378899999999996
0.350039
0.351875
0.35128899999999996
0.350664
0.35
0.3475
0.3475
0.344375
0.3425
0.341875
0.34
0.34
0.3425
0.349414
0.35128899999999996
0.355039
0.35878899999999997
0.356914
0.359414
0.361914
0.363164
0.362539
0.35878899999999997
0.356914
0.355664
0.355039
0.355664
0.353164
0.355039
0.360039
0.370039
0.371289
0.373789
0.377539
0.388789
0.398789
0.398789
0.40316399999999997
0.406289
0.41253900000000004
0.41441400000000006
0.41253900000000004
0.41566400000000003
0.423789
0.424414
0.41566400000000003
0.42253900000000005
0.42566400000000004
0.434414
0.43128900000000003
0.43378900000000004
0.434414
0.43878900000000004
0.44878900000000005
0.455664
0.455039
0.453164
0.453164
0.46003900000000003
0.46503900000000004
0.46128900000000006
0.463164
0.466289
0.463164
0.46128900000000006
0.45878900000000006
0.45878900000000006
0.454375
0.452539
0.44628900000000005
0.44878900000000005
0.445039
0.443125
0.43878900000000004
0.43625
0.435
0.43625
0.435625
0.43125
0.4375
0.44375
0.44378900000000004
0.443125
0.44191400000000003
0.44191400000000003
0.442539
0.44191400000000003
0.44441400000000003
0.450664
0.44878900000000005
0.45628900000000006
0.453164
0.460664
0.45628900000000006
0.45941400000000004
0.46441400000000005
0.46191400000000005
0.463789
0.46253900000000003
0.46191400000000005
0.45878900000000006
0.455039
0.45441400000000004
0.450039
0.448164
0.450039
0.447539
0.445039
0.44378900000000004
0.44191400000000003
0.44128900000000004
0.44128900000000004
0.442539
0.43878900000000004
0.440039
0.436914
0.43378900000000004
0.43378900000000004
0.431914
0.43066400000000005
0.43003900000000006
0.43316400000000005
0.43628900000000004
0.437539
0.44128900000000004
0.44191400000000003
0.44316400000000006
0.442539
0.440039
0.44191400000000003
0.44316400000000006
0.44378900000000004
0.445
0.44378900000000004
0.44128900000000004
0.44125
0.44316400000000006
0.445625
0.44625
0.449375
0.448125
0.455625
0.45375
0.455
0.4575
0.455625
0.455
0.4675
0.470625
0.46691400000000005
0.471289
0.47253900000000004
0.473789
0.476289
0.481289
0.491914
0.494414
0.49628900000000004
0.500664
0.508789
0.515664
0.5187890000000001
0.521289
0.530664
0.537539
0.536289
0.545039
0.553164
0.5500390000000001
0.550664
0.552539
0.551914
0.551289
0.550664
0.5487890000000001
0.546914
0.545039
0.545039
0.5444140000000001
0.540039
0.540664
0.536289
0.531914
0.529414
0.530039
0.5287890000000001
0.529414
0.5344140000000001
0.536914
0.545039
0.551289
0.548164
0.552539
0.555664
0.556289
0.551914
0.5487890000000001
0.5500390000000001
0.548164
0.5494140000000001
0.548164
0.548125
0.546914
0.545
0.545039
0.543125
0.54375
0.546875
0.5575
0.560625
0.565
0.573125
0.575
0.57875
0.584375
0.584414
0.5862890000000001
0.590039
0.594414
0.6012890000000001
0.6019140000000001
0.6062890000000001
0.609414
0.610664
0.608789
0.613164
0.615664
0.620039
0.6281640000000001
0.630039
0.6275390000000001
0.630664
0.6375390000000001
0.639414
0.641289
0.640664
0.645039
0.635664
0.6325390000000001
0.631289
0.630664
0.628789
0.6281640000000001
0.6269140000000001
0.625664
0.625039
0.620039
0.615664
0.613789
0.610039
0.610664
0.610039
0.607539
0.605664
0.604414
0.603789
0.603164
0.603164
0.602539
0.597539
0.6006640000000001
0.6019140000000001
0.603164
0.603789
0.6062890000000001
0.605664
0.6069140000000001
0.605
0.606875
0.611875
0.614414
0.61875
0.6169140000000001
0.615
0.618125
0.619375
0.61875
0.615625
0.616875
0.619414
0.618125
0.620664
0.6175390000000001
0.614414
0.610664
0.610664
0.610039
0.608789
0.608164
0.610664
0.615664
0.613789
0.6162890000000001
0.618164
0.618789
0.613164
0.614414
0.613789
0.615664
0.620039
0.6219140000000001
0.621289
0.620664
0.6219140000000001
0.619414
0.620664
0.620039
0.6219140000000001
0.6269140000000001
0.630664
0.6325390000000001
0.638789
0.641914
0.641914
0.634414
0.636914
0.636289
0.635039
0.634414
0.631289
0.6281640000000001
0.6269140000000001
0.625039
0.623164
0.625039
0.628789
0.633789
0.636289
0.644414
0.6437890000000001
0.6425390000000001
0.644414
0.645664
0.6475390000000001
0.65
0.650039
0.6475390000000001
0.660039
0.654375
0.651289
0.651875
0.65875
0.656875
0.654375
0.655625
0.6644140000000001
0.664375
0.665039
0.665664
0.661289
0.6587890000000001
0.656289
0.6581640000000001
0.656914
0.6531640000000001
0.649414
0.646914
0.645664
0.6425390000000001
0.638789
0.638789
0.635664
0.636289
0.635664
0.631289
0.630039
0.6281640000000001
0.626289
0.625664
0.625039
0.620039
0.6162890000000001
0.614414
0.6125390000000001
0.6112890000000001
0.6112890000000001
0.610039
0.609414
0.615039
0.6162890000000001
0.620039
0.623164
0.6331640000000001
0.624414
0.623164
0.618164
0.620664
0.618789
0.618164
0.6169140000000001
0.620664
0.6281640000000001
0.6269140000000001
0.6275390000000001
0.633789
0.639414
0.644414
0.6431640000000001
0.641289
0.640664
0.641289
0.6431640000000001
0.64125
0.640625
0.636875
0.63375
0.634375
0.635
0.6325
0.63375
0.631875
0.630625
0.635625
0.634414
0.636289
0.636289
0.630039
0.631289
0.6319140000000001
0.633789
0.6331640000000001
0.629414
0.6275390000000001
0.626289
0.625664
0.6275390000000001
0.6225390000000001
0.620664
0.621289
0.613164
0.613789
0.619414
0.623789
0.6225390000000001
0.625664
0.630664
0.638789
0.636914
0.633789
0.631289
0.634414
0.630039
0.6281640000000001
0.6269140000000001
0.625039
0.623164
0.6219140000000001
0.621289
0.6175390000000001
0.615664
0.610664
0.608789
0.6062890000000001
0.603789
0.602539
0.6012890000000001
0.598789
0.5956640000000001
0.592539
0.5906640000000001
0.582539
0.5856640000000001
0.5806640000000001
0.577539
0.578789
0.576914
0.5750390000000001
0.573164
0.570625
0.566875
0.566875
0.5625
0.560664
0.561875
0.5625
0.560625
0.5594140000000001
0.5600390000000001
0.5600390000000001
0.560625
0.5675
0.56875
0.5656640000000001
0.5750390000000001
0.5694140000000001
0.5656640000000001
0.561289
0.561914
0.5600390000000001
0.5594140000000001
0.5594140000000001
0.558789
0.558164
0.558164
0.558164
0.556289
0.5550390000000001
0.552539
0.5537890000000001
0.556914
0.5594140000000001
0.558789
0.562539
0.566289
0.5656640000000001
0.573164
0.5800390000000001
0.578789
0.584414
0.5906640000000001
0.597539
0.600039
0.599414
0.598789
0.6012890000000001
0.6012890000000001
0.597539
0.595039
0.593789
0.589414
0.588789
0.5850390000000001
0.582539
0.5800390000000001
0.578789
0.573789
0.573789
0.5694140000000001
0.566289
0.5656640000000001
0.5694140000000001
0.567539
0.572539
0.576289
0.5775
0.575625
0.572539
0.572539
0.568789
0.56375
0.56375
0.561875
0.563789
0.555664
0.551875
0.5544140000000001
0.554375
0.555625
0.5544140000000001
0.552539
0.551289
0.546914
0.547539
0.5537890000000001
0.561289
0.561289
0.568164
0.576289
0.577539
0.5750390000000001
0.573789
0.572539
0.5706640000000001
0.5656640000000001
0.561914
0.563164
0.561289
0.566289
0.5706640000000001
0.568789
0.572539
0.5750390000000001
0.571289
0.563789
0.5656640000000001
0.563164
0.562539
0.560664
0.5594140000000001
0.561914
0.566289
0.5656640000000001
0.571289
0.571914
0.568164
0.567539
0.568164
0.566289
0.561914
0.557539
0.555664
0.553164
0.5500390000000001
0.548164
0.545039
0.5444140000000001
0.5437890000000001
0.550664
0.555664
0.557539
0.5644140000000001
0.568789
0.567539
0.5644140000000001
0.56125
0.56
0.554375
0.558125
0.55375
0.550664
0.546875
0.544375
0.546875
0.54875
0.55
0.548164
0.546914
0.543125
0.542539
0.550664
0.5550390000000001
0.557539
0.557539
0.566914
0.573789
0.574414
0.573789
0.574414
0.578789
0.582539
0.5812890000000001
0.5850390000000001
0.5850390000000001
0.581914
0.5812890000000001
0.578164
0.577539
0.576289
0.573789
0.568789
0.5650390000000001
0.562539
0.561289
0.562539
0.563164
0.560664
0.560664
0.558789
0.556289
0.5537890000000001
0.551914
0.5500390000000001
0.545664
0.542539
0.541914
0.537539
0.536914
0.535664
0.5337890000000001
0.531914
0.530039
0.5281640000000001
0.5237890000000001
0.5225390000000001
0.5181640000000001
0.515664
0.5175
0.515664
0.5131640000000001
0.5131640000000001
0.510664
0.50875
0.510625
0.51
0.508125
0.5069140000000001
0.5075
0.516289
0.5131640000000001
0.5175
0.53
0.535625
0.535625
0.536914
0.5381640000000001
0.542539
0.543164
0.548164
0.551289
0.5487890000000001
0.5487890000000001
0.548164
0.546289
0.5487890000000001
0.5544140000000001
0.557539
0.557539
0.558164
0.5650390000000001
0.5644140000000001
0.566289
0.566289
0.5656640000000001
0.573164
0.5800390000000001
0.578789
0.5806640000000001
0.577539
0.576914
0.577539
0.5806640000000001
0.576914
0.576289
0.574414
0.571914
0.5700390000000001
0.568789
0.568164
0.5644140000000001
0.561914
0.561289
0.557539
0.561289
0.562539
0.5650390000000001
0.571289
0.5750390000000001
0.573164
0.572539
0.568164
0.561289
0.566914
0.567539
0.5650390000000001
0.562539
0.561289
0.5600390000000001
0.556875
0.554375
0.553164
0.550664
0.54875
0.5444140000000001
0.543125
0.53625
0.541914
0.543164
0.545039
0.5444140000000001
0.5437890000000001
0.5425
0.541914
0.5344140000000001
0.5394140000000001
0.53625
0.5337890000000001
0.531914
0.529414
0.5281640000000001
0.525664
0.524414
0.5237890000000001
0.5237890000000001
0.5175390000000001
0.519414
0.516914
0.515039
0.514414
0.5125390000000001
0.510664
0.509414
0.5075390000000001
0.5075390000000001
0.505664
0.501289
0.5019140000000001
0.500039
0.49878900000000004
0.500664
0.500039
0.500039
0.497539
0.495039
0.49253900000000006
0.49253900000000006
0.49066400000000004
0.48816400000000004
0.48753900000000006
0.48503900000000005
0.483789
0.48503900000000005
0.48316400000000004
0.483789
0.48316400000000004
0.481914
0.479414
0.479414
0.481914
0.48253900000000005
0.48878900000000003
0.49128900000000003
0.48816400000000004
0.49253900000000006
0.5
0.5081640000000001
0.513125
0.513125
0.5125
0.511289
0.5125
0.52375
0.525625
0.529375
0.539375
0.542539
0.548164
0.5550390000000001
0.5525
0.560664
0.563789
0.5600390000000001
0.558164
0.5600390000000001
0.567539
0.568789
0.5650390000000001
0.561289
0.562539
0.562539
0.562539
0.5644140000000001
0.574414
0.5750390000000001
0.572539
0.5694140000000001
0.5700390000000001
0.5700390000000001
0.566289
0.563789
0.561289
0.556914
0.5550390000000001
0.551914
0.546914
0.545664
0.541914
0.540664
0.537539
0.535039
0.5331640000000001
0.529414
0.5281640000000001
0.5287890000000001
0.525664
0.5231640000000001
0.521914
0.520664
0.515039
0.5131640000000001
0.510664
0.5069140000000001
0.504414
0.5025390000000001
0.499414
0.49566400000000005
0.496914
0.491914
0.49003900000000006
0.489414
0.486289
0.48375
0.48125
0.48
0.48
0.479375
0.47441400000000006
0.479375
0.47
0.4725
0.474375
0.476875
0.476289
0.474375
0.47566400000000003
0.475
0.473789
0.47003900000000004
0.47316400000000003
0.468164
0.465664
0.465664
0.463789
0.460664
0.45753900000000003
0.458164
0.455664
0.45628900000000006
0.463789
0.46128900000000006
0.46941400000000005
0.47316400000000003
0.48066400000000004
0.48066400000000004
0.483789
0.483789
0.48503900000000005
0.484414
0.484414
0.49566400000000005
0.49816400000000005
0.5019140000000001
0.511289
0.520664
0.521914
0.520039
0.5187890000000001
0.516289
0.516289
0.515664
0.515039
0.514414
0.524414
0.515039
0.516289
0.519414
0.519414
0.516914
0.513789
0.511289
0.5081640000000001
0.506289
0.5025390000000001
0.500664
0.49816400000000005
0.49316400000000005
0.49066400000000004
0.49003900000000006
0.48625
0.483125
0.48003900000000005
0.479375
0.475625
0.4725
0.47253900000000004
0.468125
0.471289
0.47125
0.473789
0.47316400000000003
0.471289
0.47
0.46875
0.468789
0.46753900000000004
0.46441400000000005
0.46441400000000005
0.46003900000000003
0.46003900000000003
0.455039
0.453164
0.450664
0.44941400000000004
0.447539
0.44378900000000004
0.445039
0.44128900000000004
0.43816400000000005
0.43816400000000005
0.437539
0.44066400000000006
0.43566400000000005
0.434414
0.432539
0.43003900000000006
0.42816400000000004
0.43003900000000006
0.42878900000000003
0.43066400000000005
0.429414
0.426914
0.424414
0.42628900000000003
0.42503900000000006
0.421914
0.421289
0.42253900000000005
0.421914
0.421289
0.42316400000000004
0.421914
0.421289
0.42066400000000004
0.42066400000000004
0.42003900000000005
0.418789
0.41753900000000005
0.41566400000000003
0.413789
0.41316400000000003
0.406914
0.409414
0.409414
0.407539
0.40566399999999997
0.403125
0.403125
0.401875
0.40125
0.400625
0.400039
0.39625
0.393789
0.399414
0.405039
0.40375
0.403125
0.403789
0.403789
0.40316399999999997
0.405625
0.406914
0.405039
0.40066399999999996
0.405039
0.401289
0.407539
0.406289
0.406289
0.405039
0.407539
0.40816399999999997
0.41316400000000003
0.416914
0.42003900000000005
0.41753900000000005
0.421914
0.424414
0.423789
0.42066400000000004
0.42066400000000004
0.421289
0.42316400000000004
0.423789
0.423789
0.421289
0.42253900000000005
0.42066400000000004
0.421914
0.421914
0.424414
0.429414
0.43003900000000006
0.43316400000000005
0.439414
0.44316400000000006
0.436914
0.435039
0.437539
0.44066400000000006
0.44878900000000005
0.44691400000000003
0.450664
0.453164
0.455664
0.45128900000000005
0.450664
0.447539
0.448164
0.443125
0.44191400000000003
0.445625
0.443125
0.441875
0.4425
0.4425
0.440625
0.43875
0.44066400000000006
0.442539
0.446875
0.4575
0.46128900000000006
0.455664
0.455664
0.456875
0.455625
0.45378900000000005
0.45191400000000004
0.450664
0.450664
0.44378900000000004
0.44191400000000003
0.43816400000000005
0.43566400000000005
0.431914
0.429414
0.42503900000000006
0.423789
0.421289
0.42003900000000005
0.416914
0.41566400000000003
0.41566400000000003
0.41316400000000003
0.413789
0.41191400000000006
0.41066400000000003
0.407539
0.40566399999999997
0.404414
0.408789
0.41066400000000003
0.407539
0.41566400000000003
0.421289
0.42316400000000004
0.42066400000000004
0.41816400000000004
0.416289
0.41441400000000006
0.41316400000000003
0.41441400000000006
0.41066400000000003
0.41003900000000004
0.413789
0.42066400000000004
0.41753900000000005
0.42566400000000004
0.43128900000000003
0.431914
0.429414
0.42816400000000004
0.42753900000000006
0.42503900000000006
0.42503900000000006
0.42253900000000005
0.42003900000000005
0.418789
0.416875
0.41375
0.411875
0.411289
0.409414
0.40625
0.405
0.405039
0.409375
0.409375
0.41003900000000004
0.41003900000000004
0.41003900000000004
0.41
0.40816399999999997
0.406914
0.411875
0.416289
0.41503900000000005
0.42566400000000004
0.426914
0.42566400000000004
0.42066400000000004
0.42066400000000004
0.419414
0.418789
0.418789
0.42003900000000005
0.42316400000000004
0.42066400000000004
0.413789
0.42066400000000004
0.423789
0.42316400000000004
0.421914
0.42003900000000005
0.418789
0.41753900000000005
0.41566400000000003
0.41566400000000003
0.413789
0.41253900000000004
0.41191400000000006
0.41503900000000005
0.42003900000000005
0.419414
0.421914
0.42628900000000003
0.42628900000000003
0.42503900000000006
0.424414
0.42566400000000004
0.42816400000000004
0.43628900000000004
0.43628900000000004
0.43878900000000004
0.445039
0.45628900000000006
0.46253900000000003
0.46191400000000005
0.460664
0.46003900000000003
0.46191400000000005
0.45941400000000004
0.461875
0.458164
0.45441400000000004
0.458125
0.45625
0.455625
0.455
0.451875
0.44875
0.44878900000000005
0.45125
0.44628900000000005
0.446875
0.450625
0.4475
0.44875
0.448164
0.446875
0.44628900000000005
0.44441400000000003
0.44566400000000006
0.44378900000000004
0.442539
0.440039
0.43878900000000004
0.43316400000000005
0.434414
0.43316400000000005
0.432539
0.43003900000000006
0.42878900000000003
0.429414
0.429414
0.429414
0.42566400000000004
0.42753900000000006
0.423789
0.42316400000000004
0.42316400000000004
0.42316400000000004
0.421914
0.421289
0.42253900000000005
0.423789
0.424414
0.424414
0.423789
0.42253900000000005
0.419414
0.41753900000000005
0.416289
0.41503900000000005
0.41441400000000006
0.416914
0.421914
0.419414
0.41566400000000003
0.423789
0.42628900000000003
0.42878900000000003
0.42816400000000004
0.43003900000000006
0.43066400000000005
0.42878900000000003
0.42878900000000003
0.431914
0.43566400000000005
0.434414
0.4425
0.44441400000000003
0.439414
0.44375
0.44628900000000005
0.44875
0.44878900000000005
0.44878900000000005
0.450625
0.453164
0.458125
0.45753900000000003
0.455625
0.456875
0.463125
0.463789
0.464375
0.468164
0.46941400000000005
0.468789
0.468789
0.46253900000000003
0.46441400000000005
0.463164
0.46191400000000005
0.46253900000000003
0.46128900000000006
0.45691400000000004
0.455664
0.452539
0.45191400000000004
0.45191400000000004
0.44878900000000005
0.455039
0.455039
0.455039
0.45628900000000006
0.458164
0.45878900000000006
0.46003900000000003
0.45878900000000006
0.46128900000000006
0.46253900000000003
0.460664
0.45378900000000005
0.458164
0.458164
0.455039
0.453164
0.450664
0.450039
0.448164
0.445039
0.445039
0.442539
0.44128900000000004
0.43878900000000004
0.43878900000000004
0.437539
0.43878900000000004
0.437539
0.436914
0.43628900000000004
0.435039
0.43378900000000004
0.434414
0.43316400000000005
0.43003900000000006
0.43003900000000006
0.42628900000000003
0.42625
0.42628900000000003
0.42566400000000004
0.42375
0.42125
0.42625
0.429375
0.42628900000000003
0.43125
0.42875
0.4275
0.42816400000000004
0.426914
0.426875
0.42628900000000003
0.42316400000000004
0.42253900000000005
0.42316400000000004
0.421289
0.42503900000000006
0.421289
0.42003900000000005
0.413789
0.416914
0.41816400000000004
0.416289
0.416289
0.413789
0.41441400000000006
0.411289
0.41066400000000003
0.41003900000000004
0.404414
0.407539
0.409414
0.406914
0.406289
0.406289
0.404414
0.403789
0.403789
0.406914
0.401289
0.404414
0.400039
0.398789
0.397539
0.395039
0.395039
0.393789
0.393164
0.393164
0.391914
0.391914
0.391289
0.391914
0.386914
0.385664
0.38503899999999996
0.38503899999999996
0.38253899999999996
0.38253899999999996
0.38253899999999996
0.379375
0.383164
0.377539
0.379414
0.38503899999999996
0.38875
0.39125
0.396875
0.399375
0.400625
0.405625
0.40375
0.396875
0.404375
0.40316399999999997
0.398789
0.401875
0.399414
0.39816399999999996
0.39566399999999996
0.393789
0.39253899999999997
0.390664
0.390664
0.39003899999999997
0.395039
0.395039
0.399414
0.402539
0.40566399999999997
0.40316399999999997
0.401289
0.400039
0.400039
0.393164
0.397539
0.399414
0.402539
0.403789
0.40566399999999997
0.40816399999999997
0.40816399999999997
0.406914
0.404414
0.40566399999999997
0.402539
0.416914
0.42316400000000004
0.424414
0.431914
0.44066400000000006
0.44378900000000004
0.44128900000000004
0.439414
0.440039
0.440039
0.43816400000000005
0.44441400000000003
0.440039
0.436914
0.43878900000000004
0.43316400000000005
0.431914
0.42816400000000004
0.42503900000000006
0.42316400000000004
0.42253900000000005
0.419414
0.4175
0.415625
0.41191400000000006
0.409375
0.408125
0.405625
0.40125
0.400625
0.40125
0.404375
0.40375
0.4
0.396289
0.396289
0.393789
0.391914
0.39003899999999997
0.388164
0.38503899999999996
0.38253899999999996
0.381289
0.379414
0.373789
0.371289
0.373789
0.367539
0.376289
0.378789
0.379414
0.384414
0.388164
0.38753899999999997
0.38753899999999997
0.384414
0.388164
0.383164
0.383789
0.37691399999999997
0.377539
0.375664
0.37441399999999997
0.373164
0.371289
0.37191399999999997
0.367539
0.36691399999999996
0.365664
0.360039
0.355039
0.357539
0.355664
0.353164
0.350664
0.349414
0.346914
0.345039
0.343789
0.34066399999999997
0.341914
0.336914
0.33566399999999996
0.33566399999999996
0.334414
0.334414
0.333789
0.332539
0.333789
0.3325
0.335
0.333789
0.341875
0.345625
0.348125
0.346875
0.353164
0.355664
0.35625
0.360625
0.35878899999999997
0.361914
0.361875
0.360664
0.361914
0.36128899999999997
0.36128899999999997
0.360039
0.360039
0.358164
0.360664
0.357539
0.350664
0.35378899999999996
0.353164
0.350664
0.350039
0.34878899999999996
0.346914
0.345039
0.344414
0.34316399999999997
0.341289
0.342539
0.339414
0.33816399999999996
0.33816399999999996
0.334414
0.333789
0.334414
0.332539
0.331914
0.33316399999999996
0.33003899999999997
0.32503899999999997
0.32753899999999997
0.324414
0.32253899999999996
0.324414
0.323789
0.32253899999999996
0.321914
0.320664
0.32003899999999996
0.320664
0.316289
0.315664
0.316289
0.315664
0.313164
0.31441399999999997
0.313164
0.312539
0.313164
0.313125
0.313125
0.31
0.31125
0.308164
0.308164
0.304375
0.308164
0.308125
0.311875
0.315625
0.318164
0.32
0.318164
0.31875
0.318164
0.318789
0.316914
0.318789
0.318164
0.31753899999999996
0.316289
0.315664
0.315039
0.31441399999999997
0.31441399999999997
0.313164
0.311289
0.310039
0.31191399999999997
0.310664
0.30941399999999997
0.310664
0.31191399999999997
0.31191399999999997
0.313164
0.310039
0.30691399999999996
0.308789
0.305664
0.308164
0.305664
0.30691399999999996
0.306289
0.305039
0.303164
0.305664
0.302539
0.305039
0.300039
0.302539
0.30691399999999996
0.311289
0.31191399999999997
0.318789
0.324414
0.326289
0.32753899999999997
0.323789
0.326289
0.324414
0.323789
0.321289
0.321914
0.32253899999999996
0.319414
0.318789
0.31753899999999996
0.315664
0.315
0.315
0.3125
0.30875
0.310625
0.30875
0.310625
0.31375
0.31875
0.32
0.3175
0.316875
0.315625
0.311875
0.312539
0.31125
0.312539
0.31191399999999997
0.308789
0.307539
0.306289
0.305664
0.305039
0.301289
0.301289
0.29878899999999997
0.296914
0.292539
0.294414
0.29378899999999997
0.294414
0.291914
0.292539
0.295664
0.292539
0.288164
0.290039
0.290664
0.28878899999999996
0.288164
0.286914
0.286914
0.28628899999999996
0.284414
0.285039
0.283789
0.283789
0.281289
0.279414
0.279414
0.27566399999999996
0.276289
0.27566399999999996
0.273789
0.27316399999999996
0.272539
0.271289
0.265664
0.269414
0.264414
0.264414
0.265664
0.264414
0.26253899999999997
0.261289
0.260625
0.25875
0.260625
0.254375
0.256289
0.2525
0.25191399999999997
0.255625
0.258164
0.260625
0.26503899999999997
0.26503899999999997
0.26503899999999997
0.265
0.26125
0.268125
0.2625
0.264414
0.2675
0.27066399999999996
0.27066399999999996
0.276289
0.28066399999999997
0.281289
0.280039
0.27816399999999997
0.276914
0.276289
0.275039
0.274414
0.273789
0.271914
0.270039
0.268164
0.266914
0.26503899999999997
0.263789
0.263789
0.260664
0.259414
0.255664
0.253164
0.253164
0.25191399999999997
0.253164
0.250039
0.251289
0.252539
0.250664
0.249414
0.24753899999999998
0.24378899999999998
0.244414
0.24378899999999998
0.24253899999999998
0.24253899999999998
0.24003899999999997
0.237539
0.239414
0.23691399999999999
0.23066399999999998
0.232539
0.23316399999999998
0.23066399999999998
0.23191399999999998
0.23066399999999998
0.22816399999999998
0.22816399999999998
0.226875
0.227539
0.225039
0.216914
0.22441399999999997
0.22316399999999997
0.2275
0.228125
0.231875
0.23375
0.235039
0.23375
0.2325
0.2325
0.233789
0.233125
0.2325
0.23191399999999998
0.230039
0.22941399999999998
0.22816399999999998
0.22691399999999998
0.22566399999999998
0.22316399999999997
0.223789
0.22003899999999998
0.219414
0.21503899999999998
0.216914
0.216914
0.21503899999999998
0.213164
0.211914
0.21253899999999998
0.21128899999999998
0.210664
0.208164
0.208164
0.206914
0.203164
0.200664
0.204414
0.203789
0.203164
0.202539
0.201914
0.202539
0.20003900000000002
0.190664
0.196914
0.196914
0.20128900000000002
0.195664
0.194414
0.19378900000000002
0.19253900000000002
0.19128900000000001
0.191914
0.19128900000000001
0.190664
0.188164
0.188789
0.190039
0.187539
0.186914
0.186289
0.18566400000000002
0.185625
0.186289
0.185039
0.181875
0.182539
0.184375
0.18566400000000002
0.189375
0.193164
0.196875
0.195
0.19375
0.19375
0.194375
0.190625
0.19
0.19375
0.190664
0.191875
0.19128900000000001
0.190664
0.189414
0.188789
0.188164
0.188164
0.18441400000000002
0.19128900000000001
0.181289
0.182539
0.185039
0.18066400000000002
0.181289
0.178789
0.178789
0.17816400000000002
0.178789
0.17691400000000002
0.176289
0.17691400000000002
0.17691400000000002
0.177539
0.17816400000000002
0.17816400000000002
0.17816400000000002
0.17816400000000002
0.177539
0.17691400000000002
0.176289
0.177539
0.173164
0.174414
0.172539
0.170664
0.17003900000000002
0.16878900000000002
0.16878900000000002
0.16878900000000002
0.16878900000000002
0.168164
0.16753900000000002
0.168164
0.16503900000000002
0.16378900000000002
0.16253900000000002
0.161914
0.161914
0.16128900000000002
0.16128900000000002
0.16
0.160664
0.158164
0.16375
0.161875
0.165
0.165625
0.17125
0.1725
0.170664
0.169414
0.16875
0.17003900000000002
0.1675
0.16503900000000002
0.165625
0.16753900000000002
0.170664
0.16503900000000002
0.164414
0.16378900000000002
0.16253900000000002
0.16128900000000002
0.159414
0.159414
0.159414
0.157539
0.157539
0.157539
0.156289
0.156914
0.155039
0.155039
0.153789
0.15316400000000002
0.153789
0.148789
0.14941400000000002
0.15066400000000002
0.15066400000000002
0.14941400000000002
0.148789
0.15066400000000002
0.151289
0.152539
0.15441400000000002
0.153789
0.150039
0.153789
0.14941400000000002
0.14816400000000002
0.14566400000000002
0.14691400000000002
0.146289
0.14691400000000002
0.146289
0.14691400000000002
0.14816400000000002
0.145039
0.145039
0.14441400000000001
0.14566400000000002
0.150039
0.14441400000000001
0.143164
0.142539
0.141875
0.141289
0.14125
0.140039
0.141875
0.140625
0.14625
0.14875
0.153125
0.15375
0.153125
0.15125
0.150625
0.151289
0.1525
0.148125
0.152539
0.150625
0.14941400000000002
0.147539
0.14691400000000002
0.14691400000000002
0.14566400000000002
0.145039
0.143789
0.14566400000000002
0.139414
0.140039
0.140664
0.140664
0.141914
0.140039
0.139414
