0.13878900000000002
0.13628900000000002
0.135664
0.136914
0.136914
0.13753900000000002
0.13628900000000002
0.135664
0.13628900000000002
0.13378900000000002
0.13378900000000002
0.134414
0.131914
0.13378900000000002
0.13253900000000002
0.13128900000000002
0.13003900000000002
0.130664
0.129375
0.13125
0.12875
0.13
0.128125
0.12875
0.12625
0.12875
0.1275
0.12878900000000001
0.12625
0.1275
0.1275
0.12375
0.125664
0.12375
0.12253900000000001
0.120039
0.12316400000000001
0.125039
0.12316400000000001
0.12378900000000001
0.12253900000000001
0.12253900000000001
0.12191400000000001
0.12191400000000001
0.12066400000000001
0.12191400000000001
0.119414
0.12128900000000001
0.12128900000000001
0.12128900000000001
0.12128900000000001
0.12128900000000001
0.12128900000000001
0.12191400000000001
0.118164
0.118164
0.12128900000000001
0.117539
0.116914
0.117539
0.116914
0.117539
0.118164
0.125039
0.12878900000000001
0.13253900000000002
0.13628900000000002
0.135664
0.13253900000000002
0.13378900000000002
0.13253900000000002
0.131914
0.13128900000000002
0.130664
0.129414
0.130664
0.127539
0.12128900000000001
0.126289
0.12878900000000001
0.12878900000000001
0.126914
0.125664
0.125039
0.12441400000000001
0.124375
0.124375
0.12375
0.124375
0.1225
0.121875
0.12316400000000001
0.12125
0.12125
0.120625
0.12
0.12
0.119414
0.118125
0.1125
0.11375
0.1125
0.11375
0.11625
0.115625
0.11503900000000002
0.11503900000000002
0.11503900000000002
0.11441400000000002
0.116289
0.11128900000000001
0.11128900000000001
0.11253900000000001
0.11253900000000001
0.11003900000000001
0.11191400000000001
0.11191400000000001
0.11128900000000001
0.11253900000000001
0.11253900000000001
0.11316400000000001
0.11003900000000001
0.11253900000000001
0.11003900000000001
0.10941400000000001
0.10691400000000001
0.10566400000000001
0.10753900000000001
0.10753900000000001
0.10691400000000001
0.11503900000000002
0.120039
0.12316400000000001
0.126289
0.12441400000000001
0.12441400000000001
0.126289
0.12441400000000001
0.12441400000000001
0.125039
0.12378900000000001
0.12378900000000001
0.12378900000000001
0.12378900000000001
0.125664
0.12253900000000001
0.12191400000000001
0.125039
0.12441400000000001
0.127539
0.128164
0.12878900000000001
0.12878900000000001
0.128125
0.129375
0.128125
0.126914
0.125039
0.125039
0.128164
0.127539
0.128164
0.12878900000000001
0.1275
0.126875
0.129414
0.125039
0.125625
0.125664
0.128125
0.1275
0.12625
0.125039
0.125039
0.12378900000000001
0.12316400000000001
0.126289
0.12253900000000001
0.12378900000000001
0.12441400000000001
0.12441400000000001
0.12128900000000001
0.12253900000000001
0.12441400000000001
0.12316400000000001
0.12378900000000001
0.12191400000000001
0.12128900000000001
0.12066400000000001
0.12128900000000001
0.119414
0.118164
0.11503900000000002
0.116289
0.116289
0.11503900000000002
0.118164
0.12253900000000001
0.127539
0.130664
0.129414
0.126914
0.125039
0.125039
0.125664
0.126914
0.125039
0.125039
0.125664
0.126914
0.12878900000000001
0.128164
0.13128900000000002
0.126289
0.126289
0.126914
0.12441400000000001
0.12378900000000001
0.125664
0.131914
0.131914
0.136914
0.13878900000000002
0.13753900000000002
0.141875
0.143125
0.143164
0.1425
0.14375
0.149375
0.15316400000000002
0.155625
0.1575
0.163125
0.175
0.179375
0.179375
0.180625
0.18066400000000002
0.181875
0.18566400000000002
0.193164
0.20566399999999999
0.20753899999999997
0.21878899999999998
0.22566399999999998
0.23191399999999998
0.23066399999999998
0.237539
0.238164
0.24128899999999998
0.241914
0.240664
0.23878899999999997
0.24003899999999997
0.241914
0.23691399999999999
0.238164
0.23878899999999997
0.23316399999999998
0.231289
0.22816399999999998
0.226289
0.230039
0.23191399999999998
0.23691399999999999
0.237539
0.233789
0.232539
0.226289
0.226289
0.22691399999999998
0.222539
0.22003899999999998
0.218164
0.216914
0.215664
0.215664
0.21378899999999998
0.211914
0.210664
0.21003899999999998
0.208164
0.206914
0.20753899999999997
0.20566399999999999
0.205039
0.204414
0.201914
0.202539
0.203125
0.2
0.202539
0.2
0.199414
0.196914
0.19625
0.195
0.194375
0.194375
0.195625
0.2
0.206875
0.208125
0.214375
0.220625
0.222539
0.222539
0.22316399999999997
0.22316399999999997
0.22316399999999997
0.22566399999999998
0.22316399999999997
0.218164
0.221914
0.220664
0.219414
0.221914
0.220664
0.220664
0.22003899999999998
0.21878899999999998
0.22128899999999999
0.218164
0.210664
0.216914
0.21753899999999998
0.220664
0.215664
0.215664
0.22316399999999997
0.227539
0.232539
0.233789
0.23441399999999998
0.235039
0.23316399999999998
0.23316399999999998
0.233789
0.232539
0.231289
0.231289
0.231289
0.23191399999999998
0.231289
0.23316399999999998
0.230039
0.23066399999999998
0.23441399999999998
0.23191399999999998
0.23191399999999998
0.23316399999999998
0.232539
0.23316399999999998
0.23316399999999998
0.23441399999999998
0.234375
0.232539
0.235039
0.23566399999999998
0.233125
0.231875
0.23875
0.24
0.240625
0.243125
0.245
0.24625
0.24375
0.239375
0.248125
0.249414
0.25503899999999996
0.250039
0.250039
0.250664
0.251289
0.253789
0.263164
0.268789
0.271914
0.279414
0.288164
0.290039
0.28878899999999996
0.288164
0.29128899999999996
0.29128899999999996
0.291914
0.29128899999999996
0.293164
0.294414
0.296914
0.300664
0.302539
0.305039
0.308789
0.31191399999999997
0.319414
0.32753899999999997
0.332539
0.333789
0.329414
0.331914
0.33566399999999996
0.33816399999999996
0.33816399999999996
0.337539
0.33566399999999996
0.334414
0.33316399999999996
0.33316399999999996
0.33316399999999996
0.329414
0.337539
0.32753899999999997
0.32753899999999997
0.331289
0.32503899999999997
0.32253899999999996
0.321914
0.321289
0.319414
0.32003899999999996
0.31753899999999996
0.32
0.324375
0.323125
0.328125
0.33375
0.335625
0.335
0.33375
0.33125
0.330664
0.331875
0.335039
0.331289
0.335
0.333789
0.338789
0.34066399999999997
0.34316399999999997
0.350039
0.355039
0.355664
0.354414
0.354414
0.355664
0.355039
0.355039
0.355039
0.353164
0.353164
0.351914
0.35128899999999996
0.350039
0.350664
0.350664
0.35878899999999997
0.353164
0.357539
0.363789
0.367539
0.368164
0.368789
0.370039
0.370664
0.370664
0.367539
0.365039
0.373789
0.375039
0.379414
0.37441399999999997
0.375039
0.375039
0.375039
0.37441399999999997
0.372539
0.370039
0.368789
0.365664
0.365039
0.363789
0.360664
0.360039
0.359414
0.35875
0.358125
0.361875
0.365625
0.364375
0.375625
0.380625
0.379375
0.378125
0.37875
0.3775
0.375625
0.373164
0.37191399999999997
0.3725
0.370039
0.373789
0.368789
0.368164
0.365039
0.365039
0.363164
0.362539
0.366289
0.372539
0.373164
0.37691399999999997
0.383789
0.383789
0.383164
0.388164
0.383164
0.383789
0.383164
0.381914
0.38253899999999996
0.381289
0.379414
0.376289
0.373789
0.372539
0.370039
0.378164
0.378789
0.381289
0.384414
0.383789
0.383789
0.386289
0.386914
0.389414
0.390664
0.389414
0.38753899999999997
0.386289
0.385664
0.38503899999999996
0.386914
0.388789
0.388789
0.38253899999999996
0.381914
0.385664
0.388164
0.398789
0.40066399999999996
0.398789
0.39566399999999996
0.402539
0.410625
0.4175
0.414375
0.428125
0.43128900000000003
0.43375
0.44128900000000004
0.43875
0.440625
0.43878900000000004
0.435
0.43316400000000005
0.434375
0.4325
0.43128900000000003
0.43128900000000003
0.431914
0.431914
0.434414
0.43566400000000005
0.435039
0.434414
0.431914
0.429414
0.42878900000000003
0.43066400000000005
0.42503900000000006
0.42878900000000003
0.421289
0.42066400000000004
0.419414
0.41816400000000004
0.418789
0.416914
0.41566400000000003
0.416289
0.41316400000000003
0.40816399999999997
0.413789
0.416289
0.421289
0.432539
0.439414
0.440039
0.43878900000000004
0.44066400000000006
0.44191400000000003
0.439414
0.44191400000000003
0.44691400000000003
0.46128900000000006
0.46191400000000005
0.47191400000000006
0.48878900000000003
0.5031640000000001
0.506289
0.5031640000000001
0.504414
0.501289
0.5019140000000001
0.501289
0.49878900000000004
0.49628900000000004
0.49316400000000005
0.49003900000000006
0.49066400000000004
0.49566400000000005
0.5025
0.500625
0.501875
0.50625
0.504375
0.500664
0.5019140000000001
0.505039
0.5031640000000001
0.50125
0.49816400000000005
0.495
0.495039
0.496914
0.49066400000000004
0.494414
0.49316400000000005
0.48878900000000003
0.49128900000000003
0.49003900000000006
0.48816400000000004
0.486289
0.486289
0.484414
0.483789
0.478789
0.47816400000000003
0.476289
0.47816400000000003
0.48253900000000005
0.48566400000000004
0.48753900000000006
0.49378900000000003
0.49878900000000004
0.500664
0.49878900000000004
0.49378900000000003
0.49316400000000005
0.49003900000000006
0.49566400000000005
0.499414
0.49878900000000004
0.49816400000000005
0.49816400000000005
0.495039
0.49378900000000003
0.49378900000000003
0.49378900000000003
0.499414
0.5025390000000001
0.5031640000000001
0.509414
0.511914
0.510664
0.5125390000000001
0.5181640000000001
0.5187890000000001
0.5187890000000001
0.520664
0.5181640000000001
0.5187890000000001
0.520039
0.516914
0.516914
0.521914
0.52125
0.525039
0.526289
0.526875
0.530625
0.526914
0.524414
0.526875
0.525
0.531914
0.5325
0.531875
0.53
0.530664
0.533125
0.535039
0.535625
0.545039
0.5387890000000001
0.5394140000000001
0.5381640000000001
0.546289
0.5500390000000001
0.551914
0.551289
0.5494140000000001
0.5544140000000001
0.555664
0.556289
0.557539
0.563164
0.566289
0.566289
0.566914
0.566914
0.568164
0.567539
0.568789
0.567539
0.566289
0.5656640000000001
0.578789
0.578789
0.588164
0.5969140000000001
0.600039
0.599414
0.5969140000000001
0.5962890000000001
0.5962890000000001
0.5962890000000001
0.593789
0.593789
0.6006640000000001
0.6006640000000001
0.605664
0.6112890000000001
0.613164
0.610664
0.609414
0.608164
0.605039
0.6006640000000001
0.6006640000000001
0.5969140000000001
0.598164
0.595039
0.593164
0.590039
0.586914
0.5850390000000001
0.58625
0.582539
0.58
0.578789
0.579414
0.575625
0.574414
0.570625
0.571289
0.57125
0.5725
0.57375
0.571914
0.5750390000000001
0.5812890000000001
0.594414
0.6006640000000001
0.608164
0.6225390000000001
0.630664
0.636914
0.638789
0.6375390000000001
0.641914
0.641914
0.6481640000000001
0.6437890000000001
0.640664
0.641289
0.638789
0.635664
0.6325390000000001
0.630039
0.6269140000000001
0.624414
0.6175390000000001
0.620664
0.6281640000000001
0.625664
0.628789
0.639414
0.641914
0.6487890000000001
0.656914
0.656914
0.654414
0.649414
0.655664
0.656914
0.651914
0.6437890000000001
0.646289
0.6475390000000001
0.651289
0.654414
0.655039
0.654414
0.654414
0.655039
0.654414
0.650664
0.650664
0.650039
0.6487890000000001
0.648125
0.645
0.64375
0.643125
0.6425390000000001
0.640039
0.639375
0.643125
0.645
0.645039
0.649375
0.650664
0.648125
0.646914
0.64625
0.648125
0.646289
0.6437890000000001
0.6431640000000001
0.639414
0.640664
0.640039
0.640664
0.638789
0.6375390000000001
0.635664
0.641914
0.639414
0.636914
0.639414
0.638789
0.635664
0.6437890000000001
0.645039
0.641914
0.6437890000000001
0.6481640000000001
0.651289
0.649414
0.645664
0.6531640000000001
0.6631640000000001
0.667539
0.665039
0.661289
0.661914
0.660664
0.661289
0.6687890000000001
0.671914
0.6737890000000001
0.673164
0.677539
0.677539
0.683164
0.693789
0.7006640000000001
0.698789
0.698164
0.699414
0.698789
0.6956640000000001
0.6944140000000001
0.693789
0.6944140000000001
0.696914
0.697539
0.6975
0.701914
0.7056640000000001
0.708125
0.70625
0.7006640000000001
0.696289
0.696875
0.6925
0.691289
0.686875
0.685625
0.6825
0.6800390000000001
0.676914
0.67625
0.670039
0.661289
0.665664
0.6637890000000001
0.666289
0.661289
0.6594140000000001
0.660039
0.662539
0.6631640000000001
0.661914
0.6587890000000001
0.660039
0.656289
0.655039
0.656289
0.660664
0.6587890000000001
0.661914
0.665664
0.668164
0.665664
0.6637890000000001
0.665039
0.670039
0.667539
0.665039
0.6631640000000001
0.660664
0.6594140000000001
0.657539
0.6537890000000001
0.651914
0.651289
0.645039
0.644414
0.645039
0.641914
0.645664
0.645039
0.6431640000000001
0.641289
0.641289
0.6475390000000001
0.650039
0.6481640000000001
0.6487890000000001
0.646914
0.645039
0.6437890000000001
0.6487890000000001
0.655664
0.660664
0.661289
0.663125
0.666914
0.679375
0.689375
0.690625
0.6906640000000001
0.6906640000000001
0.688125
0.68625
0.68875
0.693125
0.6944140000000001
0.697539
0.702539
0.703164
0.703789
0.706914
0.703164
0.698789
0.698164
0.703164
0.706914
0.707539
0.713164
0.716914
0.712539
0.7106640000000001
0.707539
0.701914
0.7000390000000001
0.6956640000000001
0.6950390000000001
0.691289
0.688789
0.6844140000000001
0.685664
0.685664
0.6900390000000001
0.688164
0.685664
0.683789
0.681914
0.6794140000000001
0.6744140000000001
0.671289
0.6687890000000001
0.667539
0.661289
0.660664
0.656914
0.656289
0.649414
0.6481640000000001
0.645039
0.6431640000000001
0.640664
0.636914
0.633789
0.6319140000000001
0.630039
0.625039
0.624414
0.619414
0.619414
0.6162890000000001
0.613789
0.6119140000000001
0.609414
0.608164
0.606875
0.601875
0.601875
0.600625
0.598125
0.594375
0.591875
0.59125
0.5906640000000001
0.5912890000000001
0.5906640000000001
0.589414
0.586914
0.589414
0.5856640000000001
0.583164
0.579414
0.578789
0.576914
0.5756640000000001
0.573789
0.572539
0.572539
0.5694140000000001
0.568164
0.566914
0.566289
0.568789
0.563789
0.5650390000000001
0.5700390000000001
0.571289
0.571914
0.5750390000000001
0.5756640000000001
0.5800390000000001
0.577539
0.576914
0.5800390000000001
0.592539
0.598789
0.6012890000000001
0.599414
0.600039
0.602539
0.605039
0.5969140000000001
0.6012890000000001
0.599414
0.5962890000000001
0.5962890000000001
0.593789
0.5912890000000001
0.589414
0.589414
0.586914
0.586914
0.578164
0.583164
0.5856640000000001
0.5856640000000001
0.5850390000000001
0.5925
0.593125
0.59125
0.59
0.59375
0.6
0.59875
0.60375
0.6025
0.603789
0.598125
0.599414
0.598789
0.59625
0.593789
0.591914
0.589414
0.584414
0.5806640000000001
0.5800390000000001
0.576289
0.5756640000000001
0.5750390000000001
0.572539
0.568789
0.566914
0.5650390000000001
0.563164
0.566914
0.568164
0.5650390000000001
0.567539
0.561914
0.5650390000000001
0.5706640000000001
0.573164
0.5706640000000001
0.5700390000000001
0.578164
0.578164
0.576914
0.574414
0.572539
0.572539
0.5700390000000001
0.568789
0.5650390000000001
0.561289
0.556914
0.552539
0.5550390000000001
0.556914
0.553164
0.556914
0.558789
0.557539
0.556289
0.5594140000000001
0.561289
0.558164
0.556289
0.555664
0.550664
0.5500390000000001
0.545664
0.541914
0.5381640000000001
0.535664
0.534375
0.53125
0.52875
0.52625
0.523125
0.520625
0.518125
0.513789
0.511289
0.506289
0.503789
0.5025390000000001
0.501289
0.499414
0.497539
0.494414
0.49316400000000005
0.48753900000000006
0.48753900000000006
0.49003900000000006
0.494414
0.504414
0.505039
0.509414
0.5175390000000001
0.526914
0.5331640000000001
0.530664
0.526914
0.527539
0.527539
0.525664
0.5237890000000001
0.5231640000000001
0.526289
0.531289
0.5331640000000001
0.535664
0.5487890000000001
0.558164
0.5644140000000001
0.561289
0.556289
0.556914
0.556914
0.5537890000000001
0.551914
0.5494140000000001
0.545664
0.542539
0.536914
0.5344140000000001
0.529414
0.526289
0.5237890000000001
0.520039
0.5175390000000001
0.513789
0.510664
0.5075390000000001
0.506289
0.504414
0.499414
0.500664
0.494414
0.494375
0.494414
0.498125
0.500625
0.504375
0.509375
0.51
0.509414
0.504375
0.503125
0.5
0.49816400000000005
0.494375
0.491914
0.490625
0.49003900000000006
0.49566400000000005
0.49628900000000004
0.49816400000000005
0.499414
0.508789
0.497539
0.495039
0.49128900000000003
0.49316400000000005
0.49316400000000005
0.49066400000000004
0.489414
0.486289
0.48566400000000004
0.48253900000000005
0.481914
0.47753900000000005
0.47566400000000003
0.471289
0.471289
0.47003900000000004
0.468164
0.46941400000000005
0.47003900000000004
0.473789
0.47503900000000004
0.47566400000000003
0.471289
0.470664
0.468789
0.46753900000000004
0.46441400000000005
0.460664
0.45878900000000006
0.455664
0.45441400000000004
0.452539
0.450664
0.450039
0.44878900000000005
0.44441400000000003
0.44378900000000004
0.442539
0.44066400000000006
0.43878900000000004
0.436914
0.43378900000000004
0.434414
0.431914
0.43128900000000003
0.44128900000000004
0.445625
0.45375
0.4575
0.46128900000000006
0.46375
0.46191400000000005
0.46
0.463125
0.46253900000000003
0.470625
0.47191400000000006
0.4725
0.479414
0.47875
0.47816400000000003
0.476289
0.47503900000000004
0.473789
0.47253900000000004
0.47191400000000006
0.470664
0.46691400000000005
0.46753900000000004
0.471289
0.47191400000000006
0.47191400000000006
0.47566400000000003
0.476289
0.47566400000000003
0.47253900000000004
0.47253900000000004
0.46503900000000004
0.468789
0.468164
0.463789
0.463164
0.460664
0.45941400000000004
0.47003900000000004
0.47191400000000006
0.479414
0.48816400000000004
0.489414
0.48878900000000003
0.494414
0.495039
0.49316400000000005
0.49378900000000003
0.49378900000000003
0.49253900000000006
0.49066400000000004
0.49128900000000003
0.49003900000000006
0.484414
0.47816400000000003
0.486289
0.48753900000000006
0.49628900000000004
0.489414
0.48816400000000004
0.486289
0.48253900000000005
0.48066400000000004
0.478789
0.47566400000000003
0.473789
0.470664
0.468164
0.466875
0.463125
0.46128900000000006
0.46128900000000006
0.46253900000000003
0.46128900000000006
0.463125
0.46503900000000004
0.460625
0.46191400000000005
0.458125
0.460625
0.458164
0.46
0.46003900000000003
0.4575
0.455664
0.45378900000000005
0.45441400000000004
0.448164
0.445039
0.44628900000000005
0.442539
0.44441400000000003
0.442539
0.44128900000000004
0.43878900000000004
0.43816400000000005
0.435039
0.434414
0.432539
0.42816400000000004
0.43066400000000005
0.432539
0.42628900000000003
0.42878900000000003
0.42878900000000003
0.43066400000000005
0.43378900000000004
0.435039
0.43628900000000004
0.435039
0.435039
0.43816400000000005
0.44691400000000003
0.44941400000000004
0.44441400000000003
0.442539
0.445039
0.450664
0.45441400000000004
0.453164
0.452539
0.455039
0.453164
0.45441400000000004
0.452539
0.44941400000000004
0.44878900000000005
0.44628900000000005
0.445039
0.44316400000000006
0.44191400000000003
0.44
0.43878900000000004
0.438125
0.43628900000000004
0.43378900000000004
0.433125
0.43066400000000005
0.431914
0.43003900000000006
0.43125
0.42878900000000003
0.42816400000000004
0.423789
0.416914
0.419375
0.4175
0.41625
0.416875
0.41566400000000003
0.415
0.416914
0.419414
0.421914
0.421289
0.421914
0.426914
0.42753900000000006
0.423789
0.423789
0.42316400000000004
0.42253900000000005
0.421914
0.42003900000000005
0.42003900000000005
0.42066400000000004
0.42566400000000004
0.424414
0.42503900000000006
0.43128900000000003
0.43066400000000005
0.43816400000000005
0.447539
0.44878900000000005
0.458164
0.47003900000000004
0.47753900000000005
0.47316400000000003
0.476289
0.47753900000000005
0.476289
0.47503900000000004
0.47753900000000005
0.47566400000000003
0.47191400000000006
0.468789
0.466289
0.46441400000000005
0.460664
0.46253900000000003
0.455664
0.45441400000000004
0.45191400000000004
0.44878900000000005
0.44566400000000006
0.44378900000000004
0.44066400000000006
0.440039
0.44128900000000004
0.43628900000000004
0.431914
0.434414
0.434375
0.434414
0.43816400000000005
0.43875
0.437539
0.43566400000000005
0.43375
0.433125
0.4325
0.430625
0.42816400000000004
0.4275
0.42625
0.42566400000000004
0.42375
0.42316400000000004
0.42316400000000004
0.42253900000000005
0.421914
0.42003900000000005
0.419414
0.42316400000000004
0.424414
0.426914
0.42316400000000004
0.42253900000000005
0.42503900000000006
0.43128900000000003
0.43566400000000005
0.43566400000000005
0.434414
0.43003900000000006
0.43316400000000005
0.42816400000000004
0.43316400000000005
0.43066400000000005
0.43628900000000004
0.43628900000000004
0.437539
0.436914
0.43566400000000005
0.43566400000000005
0.437539
0.44128900000000004
0.44066400000000006
0.445039
0.45128900000000005
0.452539
0.450039
0.447539
0.447539
0.448164
0.45128900000000005
0.44878900000000005
0.448164
0.45128900000000005
0.452539
0.453164
0.45378900000000005
0.450664
0.447539
0.450039
0.45628900000000006
0.45941400000000004
0.460625
0.466289
0.46375
0.46441400000000005
0.46191400000000005
0.466875
0.468125
0.465625
0.46375
0.46375
0.464375
0.47125
0.475625
0.47625
0.48
0.48503900000000005
0.481875
0.478789
0.47566400000000003
0.47441400000000006
0.47316400000000003
0.47191400000000006
0.47003900000000004
0.465664
0.46253900000000003
0.46003900000000003
0.458164
0.45628900000000006
0.45191400000000004
0.450039
0.44691400000000003
0.44441400000000003
0.44128900000000004
0.44128900000000004
0.436914
0.43378900000000004
0.431914
0.42816400000000004
0.43378900000000004
0.43316400000000005
0.43378900000000004
0.434414
0.432539
0.43066400000000005
0.43066400000000005
0.42878900000000003
0.42878900000000003
0.42816400000000004
0.42566400000000004
0.423789
0.419414
0.419414
0.41753900000000005
0.416289
0.41441400000000006
0.41316400000000003
0.41503900000000005
0.41566400000000003
0.42253900000000005
0.42253900000000005
0.432539
0.43816400000000005
0.439414
0.442539
0.448164
0.44941400000000004
0.45378900000000005
0.45878900000000006
0.45691400000000004
0.46003900000000003
0.46003900000000003
0.466289
0.46375
0.465625
0.464375
0.468125
0.47
0.469375
0.4675
0.461875
0.45875
0.4625
0.46253900000000003
0.46003900000000003
0.460664
0.46
0.45691400000000004
0.455664
0.45441400000000004
0.45441400000000004
0.45128900000000005
0.44941400000000004
0.447539
0.44566400000000006
0.44441400000000003
0.44378900000000004
0.44378900000000004
0.44941400000000004
0.45128900000000005
0.455664
0.46191400000000005
0.46503900000000004
0.465664
0.46503900000000004
0.46691400000000005
0.468789
0.468789
0.47566400000000003
0.47566400000000003
0.47566400000000003
0.47441400000000006
0.47503900000000004
0.47566400000000003
0.47253900000000004
0.47503900000000004
0.47316400000000003
0.47191400000000006
0.468164
0.466289
0.46503900000000004
0.46253900000000003
0.46003900000000003
0.458164
0.458164
0.45441400000000004
0.45941400000000004
0.45128900000000005
0.45191400000000004
0.45441400000000004
0.447539
0.44691400000000003
0.450664
0.45753900000000003
0.455664
0.463125
0.465625
0.46753900000000004
0.46625
0.463164
0.4625
0.463125
0.463164
0.46
0.46128900000000006
0.460625
0.45875
0.4575
0.45691400000000004
0.453164
0.463789
0.46503900000000004
0.468164
0.47503900000000004
0.479414
0.481914
0.479414
0.48003900000000005
0.48566400000000004
0.49253900000000006
0.491914
0.500039
0.505039
0.5019140000000001
0.500039
0.499414
0.496914
0.49878900000000004
0.49816400000000005
0.49816400000000005
0.49816400000000005
0.497539
0.49628900000000004
0.499414
0.5019140000000001
0.506289
0.5131640000000001
0.514414
0.513789
0.510664
0.511914
0.509414
0.500664
0.505664
0.501289
0.5019140000000001
0.499414
0.49628900000000004
0.495039
0.49378900000000003
0.49003900000000006
0.489414
0.48503900000000005
0.486289
0.48316400000000004
0.481289
0.479414
0.476289
0.47566400000000003
0.47316400000000003
0.470664
0.46941400000000005
0.468164
0.468164
0.460625
0.46375
0.46003900000000003
0.459375
0.461875
0.459375
0.458125
0.456875
0.455
0.452539
0.45191400000000004
0.44878900000000005
0.450039
0.44878900000000005
0.450039
0.446875
0.44628900000000005
0.445039
0.44441400000000003
0.44378900000000004
0.44378900000000004
0.44378900000000004
0.44066400000000006
0.44628900000000005
0.43816400000000005
0.43628900000000004
0.43628900000000004
0.43566400000000005
0.43628900000000004
0.435039
0.43378900000000004
0.43316400000000005
0.43378900000000004
0.431914
0.43316400000000005
0.431914
0.43378900000000004
0.437539
0.44066400000000006
0.44066400000000006
0.439414
0.439414
0.440039
0.44066400000000006
0.439414
0.440039
0.43628900000000004
0.43566400000000005
0.43316400000000005
0.432539
0.43128900000000003
0.43003900000000006
0.42878900000000003
0.42878900000000003
0.43066400000000005
0.43066400000000005
0.429414
0.42816400000000004
0.429414
0.42628900000000003
0.42628900000000003
0.42566400000000004
0.42503900000000006
0.424414
0.421914
0.42
0.4225
0.418125
0.42125
0.416875
0.41875
0.42125
0.4175
0.416289
0.41503900000000005
0.41375
0.411875
0.411875
0.408125
0.409414
0.406914
0.40316399999999997
0.401289
0.403789
0.40816399999999997
0.41316400000000003
0.41441400000000006
0.42003900000000005
0.424414
0.42566400000000004
0.42566400000000004
0.423789
0.42566400000000004
0.426914
0.431914
0.43003900000000006
0.432539
0.43378900000000004
0.43378900000000004
0.432539
0.43128900000000003
0.42878900000000003
0.43378900000000004
0.43566400000000005
0.432539
0.43566400000000005
0.435039
0.43316400000000005
0.43128900000000003
0.432539
0.431914
0.431914
0.43128900000000003
0.43566400000000005
0.432539
0.435039
0.435039
0.43816400000000005
0.43566400000000005
0.43316400000000005
0.431914
0.43003900000000006
0.43128900000000003
0.426914
0.421289
0.421914
0.42066400000000004
0.41753900000000005
0.41566400000000003
0.41316400000000003
0.411289
0.41003900000000004
0.406875
0.405
0.4025
0.401289
0.399414
0.3975
0.397539
0.39625
0.39375
0.395039
0.391875
0.389375
0.386875
0.385
0.3775
0.380625
0.375625
0.377539
0.37691399999999997
0.375664
0.372539
0.37191399999999997
0.36941399999999996
0.366289
0.365664
0.35878899999999997
0.35628899999999997
0.358164
0.355039
0.354414
0.352539
0.351914
0.349414
0.347539
0.346914
0.346289
0.34316399999999997
0.348164
0.352539
0.354414
0.347539
0.35128899999999996
0.350039
0.349414
0.349414
0.348164
0.346914
0.34566399999999997
0.34316399999999997
0.340039
0.337539
0.333789
0.334414
0.331914
0.330664
0.328789
0.328164
0.326289
0.325664
0.32503899999999997
0.321914
0.321289
0.321914
0.326914
0.328164
0.332539
0.338789
0.343125
0.343125
0.3425
0.341289
0.341289
0.34125
0.33816399999999996
0.336914
0.335039
0.33375
0.331875
0.328164
0.325
0.32503899999999997
0.3225
0.32
0.32
0.318164
0.318164
0.315664
0.313789
0.312539
0.311289
0.30941399999999997
0.310039
0.305664
0.302539
0.302539
0.301289
0.29628899999999997
0.29628899999999997
0.29628899999999997
0.295039
0.293164
0.292539
0.289414
0.291914
0.297539
0.299414
0.301289
0.300664
0.298164
0.29878899999999997
0.297539
0.296914
0.298164
0.301289
0.308789
0.307539
0.310039
0.31441399999999997
0.316914
0.318164
0.316289
0.315039
0.313164
0.311289
0.310039
0.308164
0.306289
0.305039
0.305664
0.305039
0.30191399999999996
0.308789
0.30941399999999997
0.307539
0.306289
0.303789
0.304375
0.301289
0.29625
0.299375
0.299414
0.295
0.29375
0.291875
0.290625
0.289375
0.290625
0.293125
0.2925
0.29625
0.3
0.303164
0.303164
0.30191399999999996
0.300664
0.300039
0.29878899999999997
0.29878899999999997
0.29628899999999997
0.295039
0.290039
0.292539
0.287539
0.288164
0.286914
0.285664
0.285664
0.28316399999999997
0.281289
0.28066399999999997
0.28316399999999997
0.281289
0.285039
0.288164
0.287539
0.287539
0.285039
0.285664
0.284414
0.284414
0.285039
0.284414
0.278789
0.285664
0.276914
0.278789
0.271914
0.271289
0.270039
0.269414
0.26753899999999997
0.26753899999999997
0.268164
0.26753899999999997
0.26503899999999997
0.264414
0.26253899999999997
0.264414
0.266289
0.26503899999999997
0.264414
0.264414
0.263125
0.26253899999999997
0.261289
0.2625
0.260664
0.263164
0.26125
0.258789
0.258164
0.261875
0.266875
0.266875
0.2725
0.279375
0.280625
0.288125
0.290625
0.292539
0.298164
0.299414
0.30191399999999996
0.307539
0.30691399999999996
0.306289
0.30691399999999996
0.303164
0.303789
0.305664
0.306289
0.305664
0.306289
0.313164
0.31441399999999997
0.315664
0.31753899999999996
0.32253899999999996
0.32253899999999996
0.315039
0.319414
0.318164
0.32253899999999996
0.319414
0.318164
0.316914
0.315664
0.313789
0.312539
0.30941399999999997
0.307539
0.30441399999999996
0.302539
0.300664
0.298164
0.298164
0.295664
0.29378899999999997
0.293164
0.292539
0.293164
0.288164
0.290039
0.289414
0.28878899999999996
0.286914
0.285664
0.283789
0.283789
0.285039
0.285625
0.285664
0.283125
0.28375
0.2825
0.279375
0.280625
0.2775
0.27625
0.27375
0.27375
0.2725
0.274375
0.271875
0.26503899999999997
0.27066399999999996
0.274414
0.279414
0.276289
0.27566399999999996
0.27816399999999997
0.279414
0.28316399999999997
0.286914
0.285664
0.286914
0.28628899999999996
0.286914
0.28628899999999996
0.286914
0.285039
0.286914
0.28878899999999996
0.290664
0.295664
0.301289
0.297539
0.30191399999999996
0.30191399999999996
0.302539
0.308164
0.31441399999999997
0.316289
0.318164
0.318164
0.31753899999999996
0.318789
0.313789
0.316914
0.32753899999999997
0.33003899999999997
0.328789
0.326289
0.328789
0.332539
0.33316399999999996
0.332539
0.332539
0.328164
0.33316399999999996
0.326289
0.324414
0.323789
0.323164
0.321289
0.320664
0.31875
0.3175
0.316914
0.314375
0.313164
0.312539
0.309375
0.30875
0.30875
0.305625
0.30375
0.30125
0.301289
0.2975
0.29878899999999997
0.300664
0.29628899999999997
0.299414
0.295664
0.295039
0.294414
0.293164
0.291914
0.29128899999999996
0.29128899999999996
0.290664
0.290664
0.287539
0.28878899999999996
0.283789
0.284414
0.28628899999999996
0.285039
0.285664
0.289414
0.291914
0.299414
0.29878899999999997
0.300039
0.299414
0.29878899999999997
0.297539
0.299414
0.300039
0.300039
0.300664
0.29878899999999997
0.29878899999999997
0.294414
0.295039
0.29378899999999997
0.29128899999999996
0.293164
0.291914
0.290039
0.290664
0.290039
0.290039
0.28878899999999996
0.287539
0.28878899999999996
0.288164
0.290039
0.290664
0.29128899999999996
0.29128899999999996
0.29125
0.290625
0.289375
0.289375
0.290625
0.28625
0.288125
0.2875
0.286875
0.28625
0.285
0.284375
0.2825
0.28066399999999997
0.281289
0.281875
0.279375
0.281914
0.28
0.279414
0.276914
0.277539
0.276289
0.27566399999999996
0.27566399999999996
0.275039
0.275039
0.272539
0.277539
0.27066399999999996
0.269414
0.269414
0.272539
0.271289
0.271289
0.276914
0.278789
0.283789
0.28316399999999997
0.28316399999999997
0.28066399999999997
0.279414
0.281289
0.282539
0.28316399999999997
0.282539
0.282539
0.281289
0.280039
0.278789
0.273789
0.277539
0.27816399999999997
0.28066399999999997
0.280039
0.283789
0.287539
0.29128899999999996
0.292539
0.290664
0.294414
0.298164
0.30191399999999996
0.306289
0.31191399999999997
0.318164
0.316289
0.315039
0.31375
0.31375
0.313125
0.31375
0.311875
0.318125
0.31
0.30875
0.304375
0.305625
0.304375
0.3025
0.300039
0.300664
0.30191399999999996
0.29875
0.300039
0.298164
0.29378899999999997
0.290039
0.293164
0.291914
0.290039
0.289414
0.288164
0.285039
0.284414
0.283789
0.28066399999999997
0.280039
0.276289
0.276914
0.275039
0.273789
0.277539
0.28066399999999997
0.28316399999999997
0.282539
0.281914
0.279414
0.27816399999999997
0.278789
0.279414
0.277539
0.276914
0.27566399999999996
0.273789
0.271289
0.271289
0.268164
0.261914
0.264414
0.263164
0.263164
0.261289
0.261289
0.263789
0.268164
0.266914
0.27316399999999996
0.274414
0.276914
0.27566399999999996
0.275039
0.27316399999999996
0.274414
0.27566399999999996
0.274375
0.273125
0.27125
0.271875
0.27125
0.27066399999999996
0.26875
0.27
0.27125
0.27066399999999996
0.27375
0.277539
0.276875
0.27625
0.277539
0.27875
0.27316399999999996
0.27566399999999996
0.27566399999999996
0.274414
0.275039
0.273789
0.27316399999999996
0.271914
0.270039
0.26753899999999997
0.269414
0.263789
0.261914
0.266914
0.266914
0.26253899999999997
0.260664
0.263164
0.266914
0.271289
0.271914
0.269414
0.266289
0.271914
0.268789
0.265664
0.260664
0.263789
0.261914
0.261914
0.260664
0.258164
0.256914
0.254414
0.253789
0.251289
0.249414
0.248164
0.248164
0.24753899999999998
0.24628899999999998
0.24503899999999998
0.24378899999999998
0.243164
0.24128899999999998
0.24003899999999997
0.240664
0.23878899999999997
0.24128899999999998
0.239375
0.240664
0.23875
0.238164
0.238125
0.237539
0.240664
0.236875
0.23441399999999998
0.235
0.23191399999999998
0.23375
0.23125
0.230625
0.22941399999999998
0.22941399999999998
0.228789
0.231289
0.22816399999999998
0.230039
0.227539
0.22566399999999998
0.22566399999999998
0.225039
0.225039
0.225039
0.230039
0.23191399999999998
0.237539
0.24003899999999997
0.240664
0.24253899999999998
0.24253899999999998
0.24253899999999998
0.24378899999999998
0.248164
0.251289
0.255664
0.254414
0.252539
0.254414
0.256289
0.254414
0.255664
0.254414
0.253789
0.255664
0.256289
0.255664
0.25753899999999996
0.26003899999999996
0.26253899999999997
0.27066399999999996
0.27566399999999996
0.269414
0.276289
0.276914
0.279414
0.281914
0.281289
0.280039
0.281289
0.288164
0.289414
0.28628899999999996
0.294414
0.295039
0.297539
0.29375
0.293164
0.292539
0.293125
0.291914
0.29375
0.29125
0.286875
0.285625
0.285625
0.289375
0.28316399999999997
0.2825
0.2825
0.283125
0.281289
0.28066399999999997
0.27816399999999997
0.27816399999999997
0.275039
0.273789
0.27316399999999996
0.270039
0.268789
0.26753899999999997
0.266289
0.266289
0.264414
0.263164
0.256289
0.26253899999999997
0.261289
0.261914
0.259414
0.26503899999999997
0.268164
0.271289
0.270039
0.268789
0.266914
0.265664
0.26503899999999997
0.268789
0.264414
0.265664
0.263789
0.264414
0.26253899999999997
0.261289
0.260664
0.26003899999999996
0.256914
0.253789
0.256289
0.254414
0.260664
0.253789
0.253789
0.252539
0.25191399999999997
0.251289
0.250664
0.249414
0.250039
0.24753899999999998
0.248164
0.246875
0.246914
0.245664
0.24503899999999998
0.24503899999999998
0.245
0.245664
0.245
0.245
0.243125
0.24125
0.243164
0.239414
0.23875
0.238125
0.239414
0.23875
0.23875
0.239375
0.236289
0.2375
0.236289
0.233789
0.236289
0.236289
0.238164
0.23878899999999997
0.238164
0.238164
0.24003899999999997
0.23878899999999997
0.238164
0.23566399999999998
0.232539
0.24378899999999998
0.24503899999999998
0.249414
0.250664
0.251289
0.25503899999999996
0.263164
0.263789
0.269414
0.276914
0.28316399999999997
0.286914
0.282539
0.284414
0.285664
0.283789
0.281914
0.28066399999999997
0.281914
0.281914
0.276914
0.277539
0.274414
0.275039
0.278789
0.279414
0.284414
0.285039
0.289414
0.295664
0.29878899999999997
0.30191399999999996
0.301289
0.300039
0.296914
0.299375
0.29875
0.296914
0.2975
0.296914
0.297539
0.29375
0.289375
0.290625
0.289375
0.288125
0.289375
0.289414
0.28625
0.285625
0.284375
0.28628899999999996
0.28316399999999997
0.276289
0.28316399999999997
0.284414
0.29628899999999997
0.293164
0.29378899999999997
0.297539
0.297539
0.296914
0.297539
0.298164
0.299414
0.300664
0.306289
0.312539
0.318789
0.320664
0.320664
0.326914
0.330664
0.331289
0.341914
0.33566399999999996
0.34066399999999997
0.34066399999999997
0.342539
0.34878899999999996
0.348164
0.351914
0.352539
0.350664
0.35128899999999996
0.351914
0.346914
0.348164
0.344414
0.345039
0.34316399999999997
0.341914
0.34066399999999997
0.340039
0.33816399999999996
0.338789
0.337539
0.332539
0.329414
0.330664
0.33316399999999996
0.332539
0.33316399999999996
0.331914
0.334414
0.341875
0.345625
0.348125
0.345
0.344414
0.345
0.346875
0.345
0.343125
0.34125
0.340625
0.338789
0.33625
0.335039
0.333789
0.333789
0.329414
0.331289
0.328164
0.325664
0.32503899999999997
0.32253899999999996
0.321289
0.32003899999999996
0.319414
0.318789
0.316289
0.313789
0.316914
0.318164
0.321914
0.324414
0.323164
0.321914
0.32253899999999996
0.321289
0.323164
0.321289
0.316914
0.315039
0.315039
0.31753899999999996
0.318164
0.316914
0.31441399999999997
0.313789
0.312539
0.31441399999999997
0.311289
0.313164
0.310664
0.308789
0.307539
0.308789
0.308789
0.30691399999999996
0.306289
0.306289
0.305664
0.305664
0.305664
0.302539
0.304375
0.30125
0.302539
0.301875
0.301289
0.301875
0.301875
0.30125
0.301875
0.29875
0.29875
0.299375
0.300039
0.29628899999999997
0.294414
0.296875
0.2975
0.296914
0.2975
0.297539
0.296914
0.303164
0.298164
0.298164
0.296914
0.298164
0.29878899999999997
0.298164
0.300039
0.300664
0.303789
0.301289
0.30941399999999997
0.30691399999999996
0.30691399999999996
0.324414
0.321289
0.321914
0.321914
0.323164
0.32503899999999997
0.32503899999999997
0.32503899999999997
0.326914
0.32503899999999997
0.326914
0.32753899999999997
0.326914
0.326289
0.324414
0.323789
0.32253899999999996
0.321289
0.321914
0.315664
0.318164
0.31441399999999997
0.315664
0.316914
0.31753899999999996
0.316289
0.315039
0.313789
0.313164
0.315039
0.308789
0.312539
0.310625
0.311289
0.308125
0.313125
0.31875
0.32125
0.326875
0.334375
0.33875
0.336875
0.340625
0.33375
0.333125
0.330664
0.33625
0.343125
0.343125
0.345625
0.35
0.353164
0.350664
0.350039
0.34878899999999996
0.346289
0.34566399999999997
0.346914
0.347539
0.34566399999999997
0.345039
0.344414
0.34316399999999997
0.342539
0.342539
0.343789
0.346914
0.34878899999999996
0.348164
0.346289
0.345039
0.341914
0.340039
0.340039
0.341914
0.342539
0.348164
0.346914
0.349414
0.346289
0.345039
0.350039
0.354414
0.35378899999999996
0.351914
0.35378899999999996
0.350039
0.349414
0.346914
0.34878899999999996
0.345039
0.346289
0.345039
0.341914
0.34066399999999997
0.339414
0.339414
0.335039
0.335039
0.33316399999999996
0.330625
0.330664
0.329375
0.32875
0.32625
0.32625
0.32375
0.32125
0.32
0.318789
0.315
0.313164
0.310664
0.309375
0.310039
0.30941399999999997
0.307539
0.307539
0.30691399999999996
0.30691399999999996
0.302539
0.30191399999999996
0.30441399999999996
0.300664
0.300039
0.298164
0.297539
0.29628899999999997
0.295039
0.293164
0.29378899999999997
0.290664
0.294414
0.300664
0.30191399999999996
0.298164
0.29878899999999997
0.297539
0.295664
0.29628899999999997
0.295039
0.295664
0.293164
0.285039
0.29128899999999996
0.288164
0.28628899999999996
0.288164
0.286914
0.285664
0.285039
0.283789
0.28316399999999997
0.281914
0.281289
0.279414
0.278789
0.278789
0.276914
0.27566399999999996
0.275039
0.273789
0.272539
0.271914
0.27066399999999996
0.265664
0.269414
0.266289
0.26875
0.271914
0.27125
0.27125
0.270625
0.26875
0.266875
0.2675
0.261914
0.26003899999999996
0.260625
0.259375
0.260664
0.26
0.259375
0.25753899999999996
0.258164
0.256914
0.258164
0.25503899999999996
0.258164
0.25191399999999997
0.250039
0.24878899999999998
0.250664
0.249414
0.24878899999999998
0.24878899999999998
0.24753899999999998
0.248164
0.24878899999999998
0.254414
0.25753899999999996
0.258789
0.261289
0.26753899999999997
0.26753899999999997
0.271289
0.274414
0.276914
0.276289
0.277539
0.277539
0.274414
0.27566399999999996
0.273789
0.271289
0.271914
0.268789
0.26753899999999997
0.266289
0.265664
0.26503899999999997
0.26253899999999997
0.261289
0.26003899999999996
0.25753899999999996
0.26003899999999996
0.258789
0.258789
0.258164
0.256289
0.253789
0.25503899999999996
0.25191399999999997
0.249375
0.25125
0.25125
0.253789
0.2475
0.246875
0.246914
0.244375
0.2425
0.24378899999999998
0.240664
0.240625
0.236875
0.23566399999999998
0.24
0.23441399999999998
0.235
0.234375
0.23441399999999998
0.23441399999999998
0.235039
0.233789
0.233789
0.235039
0.23316399999999998
0.233789
0.232539
0.23191399999999998
0.231289
0.23191399999999998
0.231289
0.230039
0.23441399999999998
0.235039
0.24003899999999997
0.24003899999999997
0.24503899999999998
0.245664
0.250664
0.252539
0.253789
0.253164
0.253789
0.256289
0.25753899999999996
0.26253899999999997
0.261289
0.258789
0.258164
0.25753899999999996
0.258164
0.261914
0.261289
0.26253899999999997
0.268789
0.266289
0.263789
0.271914
0.273789
0.266289
0.270039
0.268789
0.270039
0.27316399999999996
0.273789
0.27375
0.27316399999999996
0.27375
0.271875
0.274375
0.27875
0.277539
0.28066399999999997
0.287539
0.285625
0.288164
0.29
0.28875
0.283789
0.283789
0.278789
0.28125
0.281875
0.281914
0.280039
0.27816399999999997
0.27816399999999997
0.282539
0.285039
0.282539
0.290039
0.293164
0.29128899999999996
0.293164
0.292539
0.291914
0.29128899999999996
0.290664
0.290039
0.295664
0.295664
0.295664
0.29378899999999997
0.295664
0.291914
0.29378899999999997
0.291914
0.290664
0.289414
0.287539
0.286914
0.284414
0.28316399999999997
0.282539
0.279414
0.275039
0.275039
0.27066399999999996
0.271289
0.268789
0.268164
0.266914
0.265664
0.266289
0.261289
0.264414
0.260664
0.26003899999999996
0.259414
0.258789
0.256914
0.25753899999999996
0.256289
0.25503899999999996
0.25503899999999996
0.253789
0.2525
0.25125
0.250664
0.250039
0.25
0.24878899999999998
0.24753899999999998
0.245625
0.2475
0.24375
0.238125
0.241875
0.241914
0.2425
0.24378899999999998
0.24253899999999998
0.243164
0.24378899999999998
0.24378899999999998
0.246914
0.24503899999999998
0.237539
0.24378899999999998
0.24628899999999998
0.250664
0.24628899999999998
0.24503899999999998
0.245664
0.24503899999999998
0.248164
0.253164
0.256914
0.26003899999999996
0.258164
0.258789
0.26003899999999996
0.259414
0.25753899999999996
0.258789
0.259414
0.259414
0.258789
0.260664
0.258789
0.260664
0.26253899999999997
0.263164
0.261289
0.260664
0.260664
0.260664
0.26003899999999996
0.260664
0.261289
0.258789
0.26253899999999997
0.260664
0.258164
0.26003899999999996
0.261289
0.260664
0.261289
0.260664
0.263789
0.263789
0.261914
0.255664
0.2625
0.26375
0.263125
0.264414
0.263125
0.264375
0.263789
0.26375
0.263125
0.26253899999999997
0.26125
0.25875
0.26
0.261289
0.26125
0.26125
0.26253899999999997
0.261289
0.260664
0.261289
0.261289
0.26003899999999996
0.258789
0.261914
0.258164
0.261289
0.26253899999999997
0.261289
0.26253899999999997
0.268164
0.271289
0.276914
0.273789
0.277539
0.27816399999999997
0.277539
0.276914
0.276289
0.27566399999999996
0.27566399999999996
0.276289
0.276289
0.27816399999999997
0.277539
0.286914
0.279414
0.280039
0.280039
0.28066399999999997
0.280039
0.278789
0.27816399999999997
0.277539
0.279414
0.277539
0.278789
0.276914
0.273789
0.27316399999999996
0.27316399999999996
0.27316399999999996
0.271289
0.270039
0.270039
0.268164
0.268164
0.269375
0.265
0.268164
0.265
0.265
0.264414
0.263164
0.26125
0.260625
0.259375
0.25875
0.2575
0.258125
0.258125
0.258164
0.25625
0.254414
0.255664
0.254414
0.253789
0.253164
0.253164
0.250039
0.253789
0.248164
0.24878899999999998
0.246914
0.24753899999999998
0.24628899999999998
0.24628899999999998
0.250664
0.253164
0.259414
0.25753899999999996
0.248164
0.255664
0.254414
0.251289
0.252539
0.253164
0.25191399999999997
0.251289
0.251289
0.25191399999999997
0.250664
0.250039
0.248164
0.24503899999999998
0.244414
0.24378899999999998
0.243164
0.241914
0.24003899999999997
0.239414
0.238164
0.238164
0.23191399999999998
0.233789
0.233789
0.23191399999999998
0.23191399999999998
0.231289
0.230039
0.22816399999999998
0.227539
0.226875
0.22816399999999998
0.224375
0.2275
0.22441399999999997
0.224375
0.22
0.2225
0.22
0.219375
0.21875
0.21875
0.218125
0.214414
0.21375
0.21378899999999998
0.21378899999999998
0.20753899999999997
0.211914
0.21128899999999998
0.210664
0.209414
0.20878899999999997
0.20878899999999997
0.206289
0.206289
0.204414
0.205039
0.200664
0.201914
0.201914
0.203164
0.206914
0.210664
0.213164
0.211914
0.209414
0.21003899999999998
0.210664
0.20878899999999997
0.206289
0.20566399999999999
0.20566399999999999
0.205039
0.204414
0.203164
0.204414
0.199414
0.196914
0.194414
0.20003900000000002
0.19753900000000002
0.193164
0.193164
0.19253900000000002
0.190664
0.189414
0.190664
0.187539
0.194414
0.185039
0.185039
0.19128900000000001
0.182539
0.18191400000000002
0.181289
0.182539
0.184375
0.185
0.181289
0.180625
0.179375
0.178125
0.17875
0.17875
0.1775
0.175
0.175039
0.173125
0.170625
0.169375
0.169375
0.166875
0.17003900000000002
0.165664
0.166914
0.16628900000000002
0.164414
0.163164
0.163164
0.161914
0.16128900000000002
0.159414
0.155664
0.157539
0.158164
0.156289
0.153789
0.158789
0.16378900000000002
0.16628900000000002
0.16753900000000002
0.16753900000000002
0.165664
0.169414
0.16628900000000002
0.166914
0.164414
0.163164
0.165664
0.172539
0.174414
0.17941400000000002
0.188164
0.188164
0.183789
0.18566400000000002
0.18316400000000002
0.186289
0.185039
0.187539
0.189414
0.190664
0.19378900000000002
0.194414
0.194414
0.194414
0.19253900000000002
0.190664
0.19128900000000001
0.188789
0.188164
0.186914
0.185039
0.182539
0.18066400000000002
0.180625
0.1725
0.175
0.173789
0.172539
0.173125
0.171875
0.169375
0.168125
0.1675
0.165625
0.166875
0.160664
0.161875
0.16128900000000002
0.16128900000000002
0.16128900000000002
0.159414
0.16253900000000002
0.16753900000000002
0.169414
0.17691400000000002
0.18191400000000002
0.182539
0.18566400000000002
0.181289
0.185039
0.181289
0.18316400000000002
0.187539
0.190664
0.193164
0.19253900000000002
0.19253900000000002
0.189414
0.190039
0.188789
0.18441400000000002
0.183789
0.18441400000000002
0.182539
0.182539
0.181289
0.18066400000000002
0.180039
0.18066400000000002
0.17816400000000002
0.17816400000000002
0.17566400000000001
0.173789
0.170664
0.170664
0.169414
0.168164
0.168164
0.16753900000000002
0.168164
0.164414
0.161914
0.161914
0.160664
0.16128900000000002
0.161914
0.16253900000000002
0.161914
0.161914
0.159414
0.160625
0.158125
0.161875
0.16
0.159414
0.16625
0.161875
0.16253900000000002
0.165664
0.165625
0.166875
0.173125
0.173789
0.179375
0.1825
0.183789
0.186289
0.186289
0.189414
0.19378900000000002
0.198164
0.198164
0.20128900000000002
0.204414
0.20566399999999999
0.203789
0.202539
0.204414
0.206289
0.211914
0.21503899999999998
0.216914
0.21628899999999998
0.215664
0.216914
0.22003899999999998
0.22441399999999997
0.227539
0.22941399999999998
0.23566399999999998
0.24128899999999998
0.24253899999999998
0.241914
0.241914
0.24128899999999998
0.24253899999999998
0.238164
0.23441399999999998
0.23566399999999998
0.232539
0.23441399999999998
0.23191399999999998
0.231289
0.23066399999999998
0.22941399999999998
0.22941399999999998
0.230039
0.226289
0.223789
0.223789
0.225039
0.22003899999999998
0.219414
0.22003899999999998
0.220664
0.22003899999999998
0.219375
0.21875
0.216875
0.2175
0.2175
0.2175
0.21878899999999998
0.216914
0.215625
0.21503899999999998
0.213164
0.213164
0.21125
0.211875
0.206914
0.213125
0.20878899999999997
0.21003899999999998
0.210664
0.211914
0.21128899999999998
0.211914
0.21128899999999998
0.21003899999999998
0.211914
0.20753899999999997
0.21003899999999998
0.20878899999999997
0.21003899999999998
0.21878899999999998
0.220664
0.22691399999999998
0.230039
0.228789
0.23066399999999998
0.232539
0.231289
0.23878899999999997
0.23316399999999998
0.232539
0.232539
0.230039
0.231289
0.233789
0.24128899999999998
0.244414
0.249414
0.255664
0.256914
0.25753899999999996
0.255664
0.25753899999999996
0.259414
0.258164
0.258789
0.256289
0.256914
0.25753899999999996
0.25753899999999996
0.258164
0.256914
0.255664
0.256289
0.254414
0.253164
0.25191399999999997
0.251289
0.25125
0.25125
0.25191399999999997
0.25
0.249414
0.249375
0.24628899999999998
0.250625
0.25
0.250664
0.250039
0.25
0.248125
0.25125
0.249375
0.245
0.249414
0.249414
0.250039
0.24878899999999998
0.24878899999999998
0.249414
0.249414
0.249414
0.252539
0.254414
0.252539
0.261289
0.266914
0.273789
0.276289
0.280039
0.279414
0.28066399999999997
0.281289
0.282539
0.283789
0.283789
0.281289
0.281289
0.281289
0.281289
0.281289
0.280039
0.278789
0.279414
0.278789
0.27816399999999997
0.27566399999999996
0.275039
0.27316399999999996
0.27316399999999996
0.271289
0.27066399999999996
0.27066399999999996
0.270039
0.270039
0.269414
0.270039
0.266914
0.264414
0.26503899999999997
0.263164
0.259414
0.266289
0.26753899999999997
0.26753899999999997
0.27066399999999996
0.27125
0.278125
0.281289
0.283125
0.289375
0.290625
0.288125
0.29125
0.29
0.28875
0.286914
0.28625
0.286875
0.2875
0.28625
0.28375
0.284414
0.283789
0.28316399999999997
0.28066399999999997
0.279414
0.278789
0.276914
0.276289
0.27566399999999996
0.27066399999999996
0.27316399999999996
0.275039
0.27816399999999997
0.28316399999999997
0.285664
0.284414
0.282539
0.281289
0.281289
0.282539
0.276289
0.27316399999999996
0.277539
0.272539
0.276289
0.275039
0.273789
0.274414
0.27316399999999996
0.273789
0.271289
0.268164
0.27066399999999996
0.266914
0.265664
0.27066399999999996
0.264414
0.263789
0.261914
0.26253899999999997
0.261289
0.261914
0.259414
0.25753899999999996
0.256289
0.254414
0.254414
0.25503899999999996
0.253789
0.253164
0.2525
0.2525
0.251289
0.25125
0.253125
0.250039
0.25
0.249375
0.245625
0.245625
0.24375
0.243125
0.241875
0.24125
0.24375
0.24253899999999998
0.2425
0.239414
0.240664
0.239414
0.239414
0.239414
0.23691399999999999
0.236289
0.23441399999999998
0.23691399999999999
0.233789
0.238164
0.24378899999999998
0.24128899999999998
0.251289
0.25191399999999997
0.251289
0.251289
0.251289
0.251289
0.25191399999999997
0.248164
0.24753899999999998
0.245664
0.24628899999999998
0.241914
0.243164
0.24378899999999998
0.241914
0.24253899999999998
0.24128899999999998
0.23878899999999997
0.238164
0.23878899999999997
0.23441399999999998
0.236289
0.233789
0.23316399999999998
0.232539
0.231289
0.231289
0.23066399999999998
0.22941399999999998
0.22941399999999998
0.227539
0.22816399999999998
0.231289
0.231289
0.23066399999999998
0.231289
0.23441399999999998
0.23566399999999998
0.239375
0.245
0.249375
0.248125
0.250625
0.24875
0.2475
0.2475
0.249375
0.248125
0.245
0.24375
0.24503899999999998
0.24628899999999998
0.243164
0.239414
0.24128899999999998
0.24128899999999998
0.237539
0.238164
0.237539
0.236289
0.23441399999999998
0.232539
0.233789
0.23191399999999998
0.23316399999999998
0.233789
0.23691399999999999
0.240664
0.240664
0.238164
0.24003899999999997
0.237539
0.236289
0.235039
0.233789
0.22566399999999998
0.231289
0.228789
0.230039
0.22691399999999998
0.228789
0.226289
0.22691399999999998
0.22566399999999998
0.221914
0.222539
0.215664
0.21628899999999998
0.21503899999999998
0.215664
0.210664
0.210664
0.21003899999999998
0.20878899999999997
0.211914
0.21628899999999998
0.21878899999999998
0.21753899999999998
0.22691399999999998
0.226289
0.22566399999999998
0.22566399999999998
0.225039
0.227539
0.22625
0.22441399999999997
0.22375
0.224375
0.22316399999999997
0.22
0.218125
0.215625
0.214375
0.21625
0.216875
0.213125
0.21375
0.21375
0.214414
0.21375
0.21503899999999998
0.210664
0.213164
0.209414
0.208164
0.208164
0.208164
0.206289
0.204414
0.203789
0.203164
0.20566399999999999
0.206289
0.21253899999999998
0.215664
0.214414
0.214414
0.211914
0.21503899999999998
0.218164
0.22441399999999997
0.228789
0.230039
0.23191399999999998
0.23316399999999998
0.23566399999999998
0.239414
0.24378899999999998
0.24878899999999998
0.250039
0.24753899999999998
0.246914
0.250039
0.248164
0.252539
0.254414
0.253164
0.254414
0.258164
0.260664
0.258164
0.256914
0.254414
0.25503899999999996
0.254414
0.254414
0.253164
0.253789
0.25191399999999997
0.250664
0.25
0.24875
0.246875
0.245
0.243125
0.243125
0.2375
0.2375
0.23625
0.234375
0.2325
0.23
0.227539
0.226875
0.227539
0.225625
0.226289
0.223789
0.22566399999999998
0.222539
0.22316399999999997
0.22941399999999998
0.228789
0.23066399999999998
0.233789
0.236289
0.239414
0.238164
0.24128899999999998
0.251289
0.250664
0.248164
0.251289
0.249414
0.249414
0.248164
0.24753899999999998
0.24628899999999998
0.244414
0.24128899999999998
0.24253899999999998
0.24128899999999998
0.239414
0.240664
0.240664
0.24003899999999997
0.24003899999999997
0.24003899999999997
0.23878899999999997
0.238164
0.239414
0.235039
0.237539
0.23191399999999998
0.233789
0.233789
0.23441399999999998
0.233789
0.233789
0.232539
0.23191399999999998
0.23316399999999998
0.227539
0.227539
0.23066399999999998
0.231289
0.233789
0.233125
0.231875
0.230625
0.230625
0.23125
0.23375
0.23125
0.23875
0.229375
0.230625
0.22816399999999998
0.22875
0.22875
0.2275
0.22625
0.228125
0.22941399999999998
0.227539
0.22941399999999998
0.22816399999999998
0.22566399999999998
0.225039
0.22691399999999998
0.226289
0.227539
0.22691399999999998
0.226289
0.226289
0.23441399999999998
0.239414
0.240664
0.241914
0.246914
0.253164
0.255664
0.263164
0.26753899999999997
0.268789
0.26753899999999997
0.268164
0.270039
0.272539
0.27066399999999996
0.272539
0.27066399999999996
0.271289
0.270039
0.268789
0.266914
0.264414
0.265664
0.26253899999999997
0.258164
0.261289
0.260664
0.254414
0.258789
0.258164
0.25753899999999996
0.255664
0.254414
0.258164
0.254414
0.255664
0.254414
0.254414
0.25503899999999996
0.254414
0.255
0.253125
0.2525
0.251875
0.25375
0.253125
0.253164
0.25125
0.25125
0.250039
0.24875
0.246914
0.2475
0.2475
0.24753899999999998
0.24625
0.24753899999999998
0.24128899999999998
0.245664
0.243164
0.243164
0.24378899999999998
0.24503899999999998
0.24378899999999998
0.241914
0.243164
0.245664
0.251289
0.253789
0.254414
0.256914
0.255664
0.255664
0.256914
0.256914
0.256289
0.256289
0.255664
0.25503899999999996
0.252539
0.249414
0.253789
0.250664
0.248164
0.25191399999999997
0.252539
0.25191399999999997
0.25191399999999997
0.250039
0.248164
0.24753899999999998
0.24628899999999998
0.244414
0.244414
0.244414
0.243164
0.244414
0.243164
0.24378899999999998
0.24378899999999998
0.24378899999999998
0.244414
0.24128899999999998
0.241914
0.237539
0.240664
0.239375
0.239375
0.23875
0.23878899999999997
0.23875
0.238164
0.238125
0.23375
0.232539
0.233789
0.23
0.23191399999999998
0.23066399999999998
0.230039
0.231289
0.230625
0.230039
0.23191399999999998
0.22941399999999998
0.22566399999999998
0.228789
0.22941399999999998
0.22816399999999998
0.226289
0.226289
0.22816399999999998
0.233789
0.243164
0.250039
0.261289
0.27066399999999996
0.271914
0.271289
0.268164
0.27066399999999996
0.271914
0.271914
0.27066399999999996
0.269414
0.268164
0.269414
0.26753899999999997
0.263164
0.263789
0.26253899999999997
0.26253899999999997
0.260664
0.26003899999999996
0.256289
0.25503899999999996
0.253164
0.253164
0.251289
0.250664
0.24878899999999998
0.246914
0.246914
0.243164
0.24253899999999998
0.24128899999999998
0.239414
0.237539
0.238164
0.23441399999999998
0.228789
0.23191399999999998
0.23066399999999998
0.23125
0.228789
0.22816399999999998
0.226289
0.22625
0.225
0.2275
0.22128899999999999
0.218164
0.21878899999999998
0.218125
0.221875
0.213125
0.213125
0.2125
0.2125
0.2125
0.21253899999999998
0.210625
0.21128899999999998
0.208164
0.208164
0.206289
0.206289
0.203789
0.203789
0.203789
0.21003899999999998
0.211914
0.216914
0.211914
0.216914
0.21253899999999998
0.21378899999999998
0.21253899999999998
0.213164
0.211914
0.210664
0.208164
0.206914
0.206914
0.204414
0.208164
0.20128900000000002
0.205039
0.205039
0.203164
0.201914
0.199414
0.198164
0.198164
0.198164
0.194414
0.188164
0.191914
0.19128900000000001
0.19253900000000002
0.190664
0.190664
0.189414
0.188164
0.186914
0.186914
0.185039
0.18566400000000002
0.183789
0.18566400000000002
0.18375
0.1825
0.18191400000000002
0.18191400000000002
0.18125
0.18066400000000002
0.18
0.179375
0.17816400000000002
0.175625
0.173125
0.175
0.1725
0.17125
0.171875
0.17125
0.170625
0.171289
0.171914
0.16878900000000002
0.171914
0.171289
0.166914
0.166914
0.166914
0.16628900000000002
0.168164
0.172539
0.17566400000000001
0.18066400000000002
0.17941400000000002
0.175039
0.174414
0.17691400000000002
0.173164
0.17816400000000002
0.17691400000000002
0.17566400000000001
0.173789
0.173164
0.173164
0.171914
0.171914
0.171914
0.171289
0.168164
0.169414
0.168164
0.166914
0.16628900000000002
0.164414
0.16378900000000002
0.16378900000000002
0.163164
0.16003900000000001
0.16378900000000002
0.158164
0.158164
0.157539
0.157539
0.157539
0.156289
0.155039
0.156289
0.155664
0.156289
0.155039
0.155039
0.15191400000000002
0.151289
0.15066400000000002
0.151289
0.15125
0.151875
0.151875
0.149375
0.146875
0.14625
0.145625
0.14375
0.143125
0.14375
0.144375
0.143789
0.143164
0.145039
0.141289
0.13753900000000002
0.140039
0.138164
0.134414
0.13753900000000002
0.13628900000000002
0.143164
0.14566400000000002
0.150039
0.15191400000000002
0.151289
0.15191400000000002
0.150039
0.150039
0.150039
0.151289
0.15066400000000002
0.148789
0.14816400000000002
0.145039
0.145039
0.14691400000000002
0.140039
0.143164
0.145039
0.145039
0.143164
0.143164
0.140664
0.140039
0.13878900000000002
0.13753900000000002
0.13753900000000002
0.134414
0.13878900000000002
0.13503900000000002
0.135664
0.135664
0.13503900000000002
0.134414
0.13378900000000002
0.13378900000000002
0.13378900000000002
0.13378900000000002
0.130664
0.12878900000000001
0.129414
0.12875
0.126289
0.127539
0.128125
0.128164
0.128125
0.1275
0.126875
0.125625
0.123125
0.1225
0.121875
0.118125
0.120625
0.120625
0.120625
0.120039
0.12
0.119414
0.120039
0.12191400000000001
0.118164
0.118789
0.118164
0.117539
0.117539
0.12253900000000001
0.126914
0.12878900000000001
0.13128900000000002
0.130664
0.129414
0.133164
0.131914
0.133164
0.131914
0.129414
0.128164
0.127539
0.126289
0.125039
0.126289
0.12441400000000001
0.128164
0.12378900000000001
0.12441400000000001
0.125039
0.12378900000000001
0.12191400000000001
0.12253900000000001
0.12066400000000001
0.120039
0.12253900000000001
0.118789
0.119414
0.118164
0.117539
0.118164
0.118789
0.119414
0.117539
0.116914
0.116289
0.11566400000000002
0.11503900000000002
0.11503900000000002
0.11128900000000001
0.115
0.11125
0.1125
0.11253900000000001
0.1125
0.11375
0.11375
0.1125
0.113125
0.109375
0.10875
0.11
0.109375
0.1075
0.106875
0.106875
0.10628900000000001
0.10691400000000001
0.10691400000000001
0.10753900000000001
0.10503900000000001
0.10566400000000001
0.10503900000000001
0.10566400000000001
0.10566400000000001
0.10628900000000001
0.11003900000000001
0.11566400000000002
0.116914
0.11566400000000002
0.118789
0.116914
0.11066400000000001
0.116914
0.11441400000000002
0.11378900000000002
0.11566400000000002
0.11566400000000002
0.11316400000000001
0.11253900000000001
0.11253900000000001
0.11316400000000001
0.11316400000000001
0.11378900000000002
0.11378900000000002
0.11191400000000001
0.11191400000000001
0.11003900000000001
0.10941400000000001
0.10941400000000001
0.10816400000000001
0.10753900000000001
0.10753900000000001
0.10878900000000001
0.101914
0.10503900000000001
0.103164
0.104414
0.10628900000000001
0.10628900000000001
0.10628900000000001
0.10566400000000001
0.10503900000000001
0.10566400000000001
0.10628900000000001
0.102539
0.10566400000000001
0.10375
0.105625
0.104375
0.104375
0.104375
0.10375
0.104375
0.104375
0.104375
0.100625
0.10875
0.099375
0.09875
0.100039
0.1
0.1
0.099414
0.099414
0.099414
0.100664
0.099414
0.101289
0.098789
0.097539
0.098789
0.102539
0.10566400000000001
0.11066400000000001
0.11316400000000001
0.11253900000000001
0.11316400000000001
0.11441400000000002
0.11441400000000002
0.11316400000000001
0.11378900000000002
0.11066400000000001
0.11128900000000001
0.11128900000000001
0.11066400000000001
0.11003900000000001
0.11003900000000001
0.11003900000000001
0.11066400000000001
0.10816400000000001
0.10816400000000001
0.11316400000000001
0.11003900000000001
0.10878900000000001
0.10816400000000001
0.10753900000000001
0.10753900000000001
0.10628900000000001
0.104414
0.10566400000000001
0.103789
0.10691400000000001
0.103789
0.10503900000000001
0.102539
0.101914
0.101289
0.100039
0.101289
0.101289
0.102539
0.099414
0.101289
0.099375
0.098164
0.098789
0.1
0.10125
0.10125
0.101875
0.1
0.100039
0.09875
0.099375
0.097539
0.097539
0.095664
0.09625
0.097539
0.098164
0.098164
0.098164
0.097539
0.098164
0.095664
0.096914
0.097539
0.096914
0.103164
0.10878900000000001
0.11191400000000001
0.11316400000000001
0.11378900000000002
0.11441400000000002
0.116289
0.11566400000000002
0.120039
0.116289
0.116289
0.11441400000000002
0.11316400000000001
0.11191400000000001
0.11066400000000001
0.11128900000000001
0.10941400000000001
0.11253900000000001
0.10941400000000001
0.103789
0.10941400000000001
0.11128900000000001
0.11503900000000002
0.10878900000000001
0.10691400000000001
0.10691400000000001
0.10691400000000001
0.10628900000000001
0.10753900000000001
0.10628900000000001
0.10753900000000001
0.10628900000000001
0.10566400000000001
0.10691400000000001
0.10566400000000001
0.10566400000000001
0.10566400000000001
0.104414
0.104414
0.104414
0.105
0.100039
0.10375
0.099414
0.100625
0.103164
0.104375
0.105
0.104375
0.103164
0.103125
0.103125
0.098164
0.096875
0.098125
0.098789
0.098789
0.099375
0.100625
0.099414
0.100039
0.101289
0.101914
0.099414
0.095039
0.098789
0.100039
0.10878900000000001
0.11066400000000001
0.11378900000000002
0.11441400000000002
0.11378900000000002
0.11503900000000002
0.116289
0.11441400000000002
0.11566400000000002
0.11503900000000002
0.11441400000000002
0.11378900000000002
0.11191400000000001
0.11191400000000001
0.11128900000000001
0.11253900000000001
0.11191400000000001
0.11191400000000001
0.11191400000000001
0.11441400000000002
0.11191400000000001
0.11378900000000002
0.11066400000000001
0.10878900000000001
0.10816400000000001
0.10753900000000001
0.10753900000000001
0.10753900000000001
0.10753900000000001
0.10816400000000001
0.10753900000000001
0.10566400000000001
0.10691400000000001
0.104414
0.10566400000000001
0.10566400000000001
0.10566400000000001
0.10566400000000001
0.10503900000000001
0.1025
0.104414
0.102539
0.100625
0.101289
0.1025
0.10875
0.103789
0.10375
0.102539
0.1025
0.101875
0.105
0.100664
0.098164
0.098164
0.09875
0.105
0.098125
0.099414
0.09875
0.099414
0.100039
0.100039
0.099414
0.100039
0.098164
0.104414
0.10816400000000001
0.11316400000000001
0.11441400000000002
0.11378900000000002
0.11441400000000002
0.116914
0.116289
0.116914
0.11503900000000002
0.11316400000000001
0.11316400000000001
0.11316400000000001
0.11441400000000002
0.11316400000000001
0.11191400000000001
0.11191400000000001
0.11253900000000001
0.11316400000000001
0.11378900000000002
0.11191400000000001
0.11378900000000002
0.11253900000000001
0.10941400000000001
0.10878900000000001
0.10816400000000001
0.10816400000000001
0.10878900000000001
0.10753900000000001
0.10691400000000001
0.10878900000000001
0.10753900000000001
0.101289
0.10691400000000001
0.10753900000000001
0.103164
0.103789
0.103789
0.10628900000000001
0.10566400000000001
0.10566400000000001
0.10566400000000001
