0.11253900000000001
0.11378900000000002
0.11566400000000002
0.11503900000000002
0.118164
0.118164
0.117539
0.118164
0.119414
0.118164
0.11503900000000002
0.117539
0.11503900000000002
0.11191400000000001
0.11316400000000001
0.11503900000000002
0.11503900000000002
0.11316400000000001
0.11191400000000001
0.11253900000000001
0.11191400000000001
0.11066400000000001
0.11316400000000001
0.11003900000000001
0.11128900000000001
0.11066400000000001
0.10878900000000001
0.10753900000000001
0.10753900000000001
0.10875
0.10691400000000001
0.106875
0.10625
0.10628900000000001
0.10753900000000001
0.10875
0.10566400000000001
0.1075
0.10375
0.105
0.103789
0.103789
0.102539
0.103125
0.10375
0.105
0.101875
0.10375
0.10566400000000001
0.10503900000000001
0.104414
0.103789
0.103164
0.101914
0.100664
0.102539
0.103164
0.103164
0.103164
0.102539
0.101289
0.100039
0.102539
0.101914
0.101914
0.103164
0.10816400000000001
0.11441400000000002
0.11503900000000002
0.117539
0.118789
0.11566400000000002
0.11316400000000001
0.118164
0.119414
0.116914
0.119414
0.118164
0.117539
0.116914
0.118164
0.116289
0.11503900000000002
0.11503900000000002
0.11378900000000002
0.11378900000000002
0.11316400000000001
0.11316400000000001
0.11253900000000001
0.11253900000000001
0.11316400000000001
0.10816400000000001
0.11128900000000001
0.10628900000000001
0.10816400000000001
0.10941400000000001
0.110625
0.10941400000000001
0.109375
0.11003900000000001
0.10941400000000001
0.1125
0.108125
0.10816400000000001
0.10878900000000001
0.10941400000000001
0.10875
0.10628900000000001
0.105625
0.10375
0.105625
0.106875
0.109375
0.10875
0.118125
0.10878900000000001
0.10878900000000001
0.10566400000000001
0.11128900000000001
0.11191400000000001
0.11191400000000001
0.11316400000000001
0.11378900000000002
0.11441400000000002
0.11253900000000001
0.11503900000000002
0.11378900000000002
0.11503900000000002
0.11066400000000001
0.11316400000000001
0.11316400000000001
0.11253900000000001
0.117539
0.12128900000000001
0.125039
0.126914
0.129414
0.125039
0.128164
0.127539
0.13128900000000002
0.136914
0.13753900000000002
0.139414
0.143789
0.14816400000000002
0.150039
0.148789
0.14816400000000002
0.14941400000000002
0.146289
0.14691400000000002
0.14691400000000002
0.14691400000000002
0.146289
0.145039
0.143164
0.145039
0.141914
0.140664
0.140039
0.141289
0.14566400000000002
0.13875
0.136875
0.136875
0.136875
0.13625
0.139414
0.135625
0.13625
0.133125
0.1325
0.13
0.13
0.129414
0.128125
0.12875
0.12875
0.12875
0.128125
0.12878900000000001
0.128164
0.128164
0.127539
0.126914
0.125664
0.125664
0.125039
0.125039
0.12441400000000001
0.125664
0.12066400000000001
0.12441400000000001
0.125664
0.12128900000000001
0.12316400000000001
0.12253900000000001
0.12253900000000001
0.13003900000000002
0.13378900000000002
0.13753900000000002
0.138164
0.13628900000000002
0.139414
0.141289
0.13878900000000002
0.140039
0.13878900000000002
0.139414
0.138164
0.136914
0.136914
0.138164
0.134414
0.126289
0.13378900000000002
0.133164
0.140039
0.133164
0.13253900000000002
0.13378900000000002
0.13128900000000002
0.13128900000000002
0.135664
0.13878900000000002
0.142539
0.147539
0.151289
0.15191400000000002
0.157539
0.163125
0.16503900000000002
0.17
0.173164
0.175
0.175
0.170625
0.17375
0.169375
0.1725
0.171875
0.172539
0.170625
0.170625
0.170625
0.169375
0.170664
0.16503900000000002
0.163164
0.165664
0.163164
0.16628900000000002
0.164414
0.163164
0.16378900000000002
0.16378900000000002
0.163164
0.16503900000000002
0.163164
0.160664
0.16503900000000002
0.17003900000000002
0.171914
0.17816400000000002
0.178789
0.18191400000000002
0.19503900000000002
0.202539
0.202539
0.202539
0.20753899999999997
0.208164
0.21253899999999998
0.22316399999999997
0.22566399999999998
0.228789
0.23316399999999998
0.236289
0.23566399999999998
0.236289
0.236289
0.243164
0.240664
0.24253899999999998
0.24503899999999998
0.246914
0.246914
0.245664
0.244414
0.244414
0.24378899999999998
0.243164
0.241914
0.24125
0.239414
0.23691399999999999
0.233789
0.232539
0.231289
0.23
0.228789
0.22691399999999998
0.226875
0.224375
0.223125
0.23191399999999998
0.2325
0.23375
0.231875
0.23375
0.238164
0.245
0.248164
0.250039
0.24753899999999998
0.24753899999999998
0.25191399999999997
0.255664
0.258789
0.253789
0.252539
0.251289
0.250664
0.249414
0.25191399999999997
0.258789
0.26253899999999997
0.259414
0.259414
0.268789
0.274414
0.280039
0.280039
0.28066399999999997
0.279414
0.279414
0.282539
0.281914
0.286914
0.282539
0.283789
0.283789
0.289414
0.292539
0.293164
0.296914
0.29878899999999997
0.302539
0.30191399999999996
0.307539
0.308164
0.31441399999999997
0.315039
0.313789
0.31441399999999997
0.318789
0.325664
0.33003899999999997
0.332539
0.33316399999999996
0.32753899999999997
0.330664
0.331914
0.334414
0.33625
0.335039
0.334375
0.335
0.34
0.345
0.343789
0.34125
0.340625
0.34
0.341289
0.34066399999999997
0.339375
0.338789
0.33816399999999996
0.337539
0.336289
0.334414
0.33316399999999996
0.33316399999999996
0.328164
0.331289
0.32753899999999997
0.326914
0.32753899999999997
0.32503899999999997
0.324414
0.323789
0.323789
0.32003899999999996
0.321289
0.315664
0.319414
0.318164
0.324414
0.328164
0.33316399999999996
0.33316399999999996
0.332539
0.334414
0.33316399999999996
0.334414
0.330664
0.332539
0.335039
0.336289
0.33566399999999996
0.336289
0.340039
0.34316399999999997
0.345039
0.349414
0.35628899999999997
0.35878899999999997
0.358164
0.36128899999999997
0.370039
0.37691399999999997
0.37691399999999997
0.385664
0.393789
0.396914
0.396914
0.398789
0.39875
0.407539
0.41253900000000004
0.414375
0.418125
0.425
0.42753900000000006
0.42625
0.425625
0.42625
0.42628900000000003
0.42753900000000006
0.424375
0.42566400000000004
0.420625
0.42
0.419414
0.419414
0.418125
0.41566400000000003
0.416914
0.413789
0.41253900000000004
0.41191400000000006
0.41441400000000006
0.41816400000000004
0.42003900000000005
0.42503900000000006
0.43128900000000003
0.434414
0.43316400000000005
0.43628900000000004
0.43816400000000005
0.43816400000000005
0.44066400000000006
0.44066400000000006
0.450039
0.44878900000000005
0.450039
0.45128900000000005
0.44941400000000004
0.44941400000000004
0.45441400000000004
0.45753900000000003
0.45878900000000006
0.46253900000000003
0.463789
0.463789
0.46441400000000005
0.460664
0.46003900000000003
0.46003900000000003
0.460664
0.46003900000000003
0.458164
0.45191400000000004
0.452539
0.44878900000000005
0.44941400000000004
0.450664
0.45128900000000005
0.452539
0.452539
0.45378900000000005
0.45691400000000004
0.45878900000000006
0.46253900000000003
0.470664
0.468164
0.468789
0.465664
0.473125
0.473125
0.474375
0.4725
0.4725
0.4725
0.46875
0.463164
0.46691400000000005
0.466875
0.463164
0.466289
0.46691400000000005
0.466289
0.46441400000000005
0.46441400000000005
0.46503900000000004
0.463164
0.46128900000000006
0.45941400000000004
0.45878900000000006
0.45753900000000003
0.45691400000000004
0.45628900000000006
0.455664
0.455664
0.455664
0.45441400000000004
0.45441400000000004
0.455664
0.452539
0.452539
0.455039
0.45753900000000003
0.46191400000000005
0.463789
0.46441400000000005
0.463164
0.46441400000000005
0.46753900000000004
0.465664
0.473789
0.479414
0.481914
0.48816400000000004
0.49253900000000006
0.491914
0.49066400000000004
0.49378900000000003
0.5025390000000001
0.510664
0.509414
0.524414
0.524414
0.526914
0.5281640000000001
0.525039
0.524414
0.526914
0.5331640000000001
0.532539
0.536914
0.536289
0.537539
0.535039
0.530664
0.5281640000000001
0.526914
0.524414
0.521914
0.520625
0.5187890000000001
0.516289
0.514375
0.513125
0.506875
0.5081640000000001
0.5025390000000001
0.5019140000000001
0.500664
0.500039
0.49878900000000004
0.497539
0.5025390000000001
0.506289
0.505039
0.510664
0.515039
0.513789
0.510039
0.5075390000000001
0.506289
0.509414
0.515664
0.520039
0.521289
0.526289
0.5344140000000001
0.536289
0.536289
0.537539
0.536914
0.5344140000000001
0.536289
0.5444140000000001
0.548164
0.5494140000000001
0.548164
0.5444140000000001
0.5500390000000001
0.545664
0.5444140000000001
0.5444140000000001
0.542539
0.540039
0.536289
0.5331640000000001
0.531289
0.527539
0.526289
0.5225390000000001
0.520039
0.520664
0.520039
0.516914
0.515039
0.5131640000000001
0.5125390000000001
0.509414
0.510664
0.510664
0.514375
0.515
0.515625
0.516914
0.516289
0.519414
0.520664
0.520625
0.5187890000000001
0.520664
0.516914
0.51875
0.515039
0.51625
0.515625
0.5175390000000001
0.516914
0.514414
0.5131640000000001
0.511289
0.511289
0.509414
0.5181640000000001
0.509414
0.5081640000000001
0.505039
0.505039
0.508789
0.5081640000000001
0.510039
0.510664
0.514414
0.516914
0.520664
0.5237890000000001
0.521914
0.527539
0.5281640000000001
0.527539
0.530664
0.5394140000000001
0.5437890000000001
0.5444140000000001
0.546289
0.5444140000000001
0.545039
0.546289
0.546914
0.5537890000000001
0.551914
0.551289
0.5544140000000001
0.558164
0.561289
0.561914
0.555664
0.553164
0.5544140000000001
0.551914
0.553164
0.550664
0.5494140000000001
0.5500390000000001
0.547539
0.5437890000000001
0.545039
0.540664
0.543164
0.536914
0.536875
0.535039
0.531914
0.530625
0.529414
0.529414
0.53
0.531875
0.5275
0.530625
0.5325
0.53125
0.531875
0.530039
0.531875
0.5287890000000001
0.5281640000000001
0.525039
0.5231640000000001
0.520664
0.5187890000000001
0.515664
0.515664
0.516914
0.5231640000000001
0.5231640000000001
0.526914
0.530039
0.5331640000000001
0.531289
0.530664
0.5281640000000001
0.5331640000000001
0.5394140000000001
0.536289
0.5381640000000001
0.5437890000000001
0.546289
0.545664
0.543164
0.5437890000000001
0.545664
0.545664
0.5487890000000001
0.545664
0.5444140000000001
0.5387890000000001
0.537539
0.535039
0.532539
0.530664
0.529414
0.536914
0.541289
0.5387890000000001
0.545039
0.546289
0.541914
0.546914
0.5544140000000001
0.5594140000000001
0.5600390000000001
0.5594140000000001
0.556914
0.556289
0.558164
0.561289
0.561289
0.560664
0.55875
0.558789
0.557539
0.5550390000000001
0.551875
0.548125
0.5475
0.544375
0.550625
0.548125
0.550664
0.55375
0.563789
0.571289
0.572539
0.5706640000000001
0.571289
0.573789
0.568789
0.5694140000000001
0.5706640000000001
0.568164
0.568164
0.5650390000000001
0.563789
0.561289
0.5594140000000001
0.558164
0.556289
0.550664
0.556914
0.5594140000000001
0.5594140000000001
0.555664
0.552539
0.5494140000000001
0.548164
0.5494140000000001
0.5550390000000001
0.556914
0.558789
0.563164
0.5650390000000001
0.562539
0.557539
0.560664
0.566289
0.566289
0.5700390000000001
0.5706640000000001
0.568789
0.567539
0.5694140000000001
0.571289
0.5706640000000001
0.5694140000000001
0.568164
0.574414
0.578789
0.578164
0.5806640000000001
0.583789
0.583164
0.5800390000000001
0.5800390000000001
0.57875
0.579414
0.5912890000000001
0.595
0.594414
0.6006640000000001
0.608164
0.6069140000000001
0.609414
0.604375
0.6025
0.6
0.599414
0.598125
0.594414
0.592539
0.5906640000000001
0.588789
0.586914
0.588789
0.586914
0.583789
0.582539
0.5862890000000001
0.592539
0.593789
0.603789
0.6125390000000001
0.6162890000000001
0.6162890000000001
0.618789
0.629414
0.635664
0.6431640000000001
0.651289
0.646914
0.645664
0.6437890000000001
0.641289
0.6381640000000001
0.6331640000000001
0.6331640000000001
0.6319140000000001
0.629414
0.625664
0.620664
0.618164
0.615664
0.6119140000000001
0.609414
0.6069140000000001
0.605664
0.608164
0.608164
0.608164
0.607539
0.605664
0.6012890000000001
0.598164
0.604414
0.608789
0.608789
0.613789
0.6169140000000001
0.618164
0.613789
0.608164
0.610039
0.610625
0.609414
0.608125
0.605
0.603125
0.605
0.61
0.60875
0.610625
0.611875
0.609375
0.610664
0.610664
0.613164
0.6119140000000001
0.6112890000000001
0.609414
0.607539
0.608164
0.615039
0.608789
0.615039
0.613789
0.6169140000000001
0.615039
0.614414
0.613789
0.6112890000000001
0.6119140000000001
0.6119140000000001
0.614414
0.613164
0.621289
0.624414
0.6219140000000001
0.620039
0.619414
0.6225390000000001
0.628789
0.634414
0.638789
0.644414
0.654414
0.671289
0.668164
0.665039
0.660039
0.6594140000000001
0.660664
0.662539
0.660664
0.656289
0.654414
0.651914
0.6481640000000001
0.646289
0.6437890000000001
0.6431640000000001
0.641289
0.640039
0.6375390000000001
0.634414
0.633789
0.631289
0.630664
0.630664
0.62625
0.62625
0.625625
0.62375
0.6225
0.62
0.61875
0.61625
0.613125
0.6119140000000001
0.608164
0.606875
0.603789
0.6012890000000001
0.6012890000000001
0.599414
0.598789
0.5969140000000001
0.594414
0.5912890000000001
0.591914
0.588164
0.5856640000000001
0.5856640000000001
0.584414
0.584414
0.5812890000000001
0.5812890000000001
0.579414
0.577539
0.574414
0.583789
0.581914
0.573789
0.578789
0.582539
0.582539
0.5862890000000001
0.5856640000000001
0.588789
0.597539
0.599414
0.603164
0.607539
0.610664
0.608789
0.607539
0.6062890000000001
0.6069140000000001
0.608789
0.6069140000000001
0.605039
0.603789
0.6019140000000001
0.603164
0.599414
0.599414
0.598789
0.5962890000000001
0.593164
0.5906640000000001
0.588789
0.586914
0.5856640000000001
0.5862890000000001
0.5856640000000001
0.59
0.598789
0.59875
0.606875
0.61375
0.620625
0.618164
0.618125
0.616875
0.614375
0.615039
0.61125
0.603789
0.609414
0.614414
0.626289
0.629414
0.6381640000000001
0.650664
0.650039
0.654414
0.6581640000000001
0.656289
0.6644140000000001
0.6737890000000001
0.676914
0.6737890000000001
0.6744140000000001
0.6750390000000001
0.6787890000000001
0.681289
0.6850390000000001
0.688164
0.693164
0.6894140000000001
0.693164
0.6906640000000001
0.683789
0.681289
0.6787890000000001
0.678164
0.6744140000000001
0.670664
0.667539
0.665039
0.656914
0.651289
0.651914
0.6475390000000001
0.641914
0.6381640000000001
0.633789
0.630664
0.6281640000000001
0.628789
0.6275390000000001
0.623789
0.6281640000000001
0.619414
0.615039
0.615039
0.609414
0.6062890000000001
0.602539
0.598789
0.5962890000000001
0.5956640000000001
0.5906640000000001
0.586914
0.584375
0.581875
0.5806640000000001
0.578164
0.575625
0.571875
0.5700390000000001
0.570625
0.571875
0.5706640000000001
0.57375
0.5750390000000001
0.579375
0.5756640000000001
0.576914
0.579414
0.578789
0.579414
0.5800390000000001
0.582539
0.5806640000000001
0.579414
0.576914
0.577539
0.5750390000000001
0.5806640000000001
0.581914
0.581914
0.584414
0.5856640000000001
0.5850390000000001
0.589414
0.586914
0.5862890000000001
0.584414
0.5812890000000001
0.5812890000000001
0.586914
0.591914
0.5912890000000001
0.5962890000000001
0.600039
0.603789
0.6006640000000001
0.598164
0.5956640000000001
0.5906640000000001
0.594414
0.586914
0.584414
0.582539
0.5806640000000001
0.578789
0.577539
0.5756640000000001
0.574414
0.5700390000000001
0.568789
0.566914
0.563164
0.561289
0.5594140000000001
0.558164
0.556914
0.554375
0.553164
0.5475
0.548164
0.55125
0.546875
0.545625
0.545039
0.543164
0.540664
0.54
0.5387890000000001
0.536914
0.532539
0.536914
0.53125
0.531914
0.52875
0.526914
0.525039
0.5231640000000001
0.521914
0.520039
0.5187890000000001
0.514414
0.520664
0.511289
0.5081640000000001
0.503789
0.5081640000000001
0.506289
0.505039
0.510039
0.510664
0.515039
0.513789
0.513789
0.511914
0.515039
0.521289
0.521289
0.5231640000000001
0.524414
0.5287890000000001
0.530664
0.530039
0.5337890000000001
0.535664
0.5387890000000001
0.542539
0.545039
0.5437890000000001
0.542539
0.541914
0.541914
0.541914
0.542539
0.5444140000000001
0.536914
0.535039
0.5344140000000001
0.531914
0.530039
0.526914
0.5231640000000001
0.521289
0.519414
0.5175
0.516289
0.511875
0.51625
0.514414
0.520625
0.5275
0.5275
0.53375
0.5331640000000001
0.53
0.529375
0.5287890000000001
0.524414
0.524414
0.525039
0.520039
0.515664
0.5175390000000001
0.516914
0.5125390000000001
0.510039
0.506289
0.5025390000000001
0.500664
0.49878900000000004
0.495039
0.494414
0.49128900000000003
0.49128900000000003
0.49003900000000006
0.48753900000000006
0.49128900000000003
0.494414
0.49566400000000005
0.495039
0.49878900000000004
0.501289
0.499414
0.504414
0.5075390000000001
0.5081640000000001
0.5075390000000001
0.5081640000000001
0.5075390000000001
0.505039
0.504414
0.49816400000000005
0.49128900000000003
0.494414
0.495039
0.494414
0.49378900000000003
0.491914
0.489414
0.486289
0.483789
0.483789
0.478789
0.47753900000000005
0.47503900000000004
0.47316400000000003
0.470664
0.468164
0.466289
0.46253900000000003
0.46128900000000006
0.460664
0.45941400000000004
0.45753900000000003
0.46125
0.461875
0.463125
0.468164
0.469375
0.46875
0.466875
0.465625
0.465
0.465
0.4675
0.466875
0.48125
0.48503900000000005
0.486289
0.497539
0.500039
0.497539
0.495039
0.496914
0.500664
0.503789
0.49878900000000004
0.495039
0.5019140000000001
0.504414
0.509414
0.514414
0.516289
0.516289
0.5181640000000001
0.525664
0.530664
0.5281640000000001
0.530664
0.5237890000000001
0.520039
0.521289
0.5175390000000001
0.516289
0.513789
0.511914
0.509414
0.5075390000000001
0.500664
0.49628900000000004
0.491914
0.48816400000000004
0.486289
0.48316400000000004
0.48066400000000004
0.47816400000000003
0.47503900000000004
0.47316400000000003
0.471289
0.468789
0.465664
0.466289
0.46128900000000006
0.46191400000000005
0.45691400000000004
0.45628900000000006
0.452539
0.45128900000000005
0.450039
0.44875
0.447539
0.441875
0.44128900000000004
0.44125
0.43816400000000005
0.434375
0.43375
0.432539
0.43128900000000003
0.428125
0.425625
0.425625
0.425625
0.43316400000000005
0.432539
0.434414
0.44316400000000006
0.44628900000000005
0.44566400000000006
0.445039
0.44566400000000006
0.44441400000000003
0.44566400000000006
0.44191400000000003
0.439414
0.43816400000000005
0.43878900000000004
0.440039
0.436914
0.44128900000000004
0.44316400000000006
0.44566400000000006
0.44441400000000003
0.442539
0.442539
0.442539
0.43628900000000004
0.437539
0.437539
0.43566400000000005
0.434414
0.432539
0.43128900000000003
0.43003900000000006
0.42878900000000003
0.42753900000000006
0.42816400000000004
0.42753900000000006
0.42253900000000005
0.426914
0.424414
0.42253900000000005
0.421289
0.42003900000000005
0.418789
0.416914
0.416914
0.41316400000000003
0.407539
0.41253900000000004
0.42003900000000005
0.426914
0.42878900000000003
0.43816400000000005
0.44691400000000003
0.448164
0.44941400000000004
0.45191400000000004
0.453125
0.45691400000000004
0.455664
0.455625
0.453125
0.45625
0.455625
0.45441400000000004
0.455664
0.45625
0.45375
0.453164
0.453164
0.45125
0.450039
0.45191400000000004
0.45128900000000005
0.44878900000000005
0.448164
0.44441400000000003
0.44441400000000003
0.44441400000000003
0.44566400000000006
0.43878900000000004
0.44316400000000006
0.440039
0.43878900000000004
0.436914
0.445039
0.44378900000000004
0.44316400000000006
0.448164
0.45378900000000005
0.455664
0.450039
0.44691400000000003
0.447539
0.44378900000000004
0.44378900000000004
0.442539
0.44316400000000006
0.44316400000000006
0.44191400000000003
0.44378900000000004
0.445039
0.439414
0.435039
0.43628900000000004
0.434414
0.439414
0.432539
0.43316400000000005
0.43628900000000004
0.436914
0.44128900000000004
0.447539
0.44441400000000003
0.44191400000000003
0.440039
0.440039
0.43816400000000005
0.43816400000000005
0.43628900000000004
0.43566400000000005
0.434414
0.43125
0.430625
0.429375
0.42875
0.42566400000000004
0.421914
0.42375
0.419375
0.418125
0.415
0.413125
0.41125
0.41
0.41125
0.406914
0.406914
0.403789
0.40066399999999996
0.401914
0.40066399999999996
0.401289
0.405039
0.408789
0.408789
0.41816400000000004
0.421289
0.421289
0.42628900000000003
0.42878900000000003
0.43628900000000004
0.43816400000000005
0.44566400000000006
0.448164
0.44691400000000003
0.44691400000000003
0.448164
0.445039
0.44628900000000005
0.445039
0.44566400000000006
0.43878900000000004
0.44066400000000006
0.440039
0.43878900000000004
0.43628900000000004
0.43378900000000004
0.43066400000000005
0.429414
0.429414
0.423789
0.423789
0.42003900000000005
0.419414
0.41816400000000004
0.41816400000000004
0.416914
0.416914
0.41753900000000005
0.416914
0.41503900000000005
0.413789
0.41191400000000006
0.41003900000000004
0.4075
0.405039
0.403789
0.402539
0.402539
0.40625
0.410625
0.40875
0.41
0.415
0.415
0.41625
0.413125
0.411875
0.41
0.41003900000000004
0.41
0.416875
0.41753900000000005
0.41066400000000003
0.42066400000000004
0.423789
0.431914
0.43003900000000006
0.43378900000000004
0.440039
0.44128900000000004
0.442539
0.448164
0.44628900000000005
0.44628900000000005
0.44691400000000003
0.450664
0.447539
0.45378900000000005
0.46128900000000006
0.463164
0.46128900000000006
0.463164
0.466289
0.46753900000000004
0.46003900000000003
0.463164
0.46003900000000003
0.45878900000000006
0.45628900000000006
0.45441400000000004
0.452539
0.450664
0.447539
0.44316400000000006
0.44191400000000003
0.43566400000000005
0.436914
0.432539
0.432539
0.426914
0.42628900000000003
0.423789
0.42253900000000005
0.421289
0.42066400000000004
0.418789
0.41441400000000006
0.41066400000000003
0.41066400000000003
0.40816399999999997
0.406914
0.41566400000000003
0.4175
0.42003900000000005
0.425625
0.42875
0.42875
0.42625
0.424375
0.4225
0.42
0.418789
0.418789
0.415625
0.414375
0.41191400000000006
0.41125
0.41066400000000003
0.409414
0.409414
0.405039
0.405039
0.403789
0.40066399999999996
0.396914
0.396914
0.396914
0.396289
0.39566399999999996
0.395039
0.391914
0.391914
0.394414
0.396289
0.401289
0.405039
0.403789
0.40316399999999997
0.401914
0.400039
0.400039
0.398789
0.393789
0.39253899999999997
0.39253899999999997
0.396289
0.395039
0.393164
0.393164
0.391914
0.388164
0.388164
0.38503899999999996
0.38503899999999996
0.38253899999999996
0.38003899999999996
0.378164
0.377539
0.377539
0.375664
0.375664
0.376289
0.378789
0.379414
0.381914
0.383789
0.389414
0.38753899999999997
0.38753899999999997
0.386914
0.38753899999999997
0.386875
0.386875
0.386875
0.388125
0.386875
0.386875
0.3875
0.386875
0.383125
0.3825
0.38003899999999996
0.378125
0.377539
0.3775
0.379414
0.375664
0.38003899999999996
0.37441399999999997
0.373789
0.37191399999999997
0.373164
0.372539
0.368789
0.368164
0.36691399999999996
0.36691399999999996
0.363789
0.36941399999999996
0.365664
0.36441399999999996
0.378164
0.373164
0.375039
0.375039
0.375664
0.378164
0.377539
0.375039
0.376289
0.373164
0.373789
0.38003899999999996
0.388164
0.39253899999999997
0.391914
0.395039
0.401914
0.40816399999999997
0.41003900000000004
0.402539
0.408789
0.40316399999999997
0.40566399999999997
0.407539
0.40816399999999997
0.41441400000000006
0.418789
0.42003900000000005
0.423789
0.42753900000000006
0.421289
0.423789
0.42566400000000004
0.43003900000000006
0.426914
0.42878900000000003
0.429375
0.42875
0.42625
0.42625
0.425
0.420625
0.423125
0.416875
0.41316400000000003
0.40566399999999997
0.407539
0.405625
0.40375
0.402539
0.40125
0.401289
0.398125
0.397539
0.39566399999999996
0.391289
0.388164
0.388789
0.386289
0.383789
0.381914
0.38003899999999996
0.377539
0.377539
0.378789
0.380664
0.384414
0.388789
0.388789
0.38753899999999997
0.384414
0.38253899999999996
0.381289
0.378164
0.375664
0.373164
0.373164
0.372539
0.372539
0.370664
0.368164
0.367539
0.365664
0.363164
0.360664
0.360664
0.356914
0.358164
0.35378899999999996
0.354414
0.347539
0.350039
0.350039
0.348164
0.346289
0.345039
0.34566399999999997
0.342539
0.341289
0.340039
0.33816399999999996
0.336914
0.336875
0.3375
0.335625
0.33375
0.335039
0.335039
0.334375
0.335
0.331289
0.332539
0.332539
0.333125
0.3325
0.33316399999999996
0.332539
0.331875
0.330625
0.33125
0.32753899999999997
0.3275
0.33003899999999997
0.328789
0.32753899999999997
0.325664
0.325664
0.323789
0.321914
0.321289
0.321914
0.320664
0.324414
0.331914
0.33316399999999996
0.330664
0.331289
0.33316399999999996
0.332539
0.332539
0.330664
0.331289
0.328789
0.323164
0.330664
0.328164
0.328164
0.330664
0.331289
0.328789
0.32753899999999997
0.325664
0.32503899999999997
0.323164
0.32253899999999996
0.321289
0.320664
0.32253899999999996
0.323789
0.323789
0.325664
0.326914
0.32753899999999997
0.326289
0.326289
0.320664
0.323164
0.323164
0.331289
0.336289
0.340039
0.345625
0.34878899999999996
0.34875
0.347539
0.348164
0.3425
0.34125
0.34125
0.338125
0.33625
0.33375
0.333125
0.33375
0.333125
0.331875
0.331289
0.32753899999999997
0.330664
0.324414
0.321289
0.320664
0.320664
0.320664
0.318164
0.318789
0.318789
0.318164
0.319414
0.324414
0.323164
0.323789
0.318164
0.320664
0.323789
0.324414
0.323164
0.321289
0.32003899999999996
0.320664
0.32253899999999996
0.319414
0.324414
0.330664
0.332539
0.33816399999999996
0.342539
0.341914
0.342539
0.343789
0.34316399999999997
0.344414
0.345039
0.344414
0.341289
0.34316399999999997
0.341289
0.34066399999999997
0.341289
0.337539
0.333789
0.334414
0.33003899999999997
0.32753899999999997
0.325664
0.32753899999999997
0.335
0.331289
0.331914
0.335625
0.34
0.34066399999999997
0.339414
0.334375
0.334414
0.33125
0.329375
0.333125
0.325625
0.326875
0.325625
0.32375
0.3225
0.320625
0.319414
0.319414
0.316914
0.31441399999999997
0.312539
0.310664
0.30941399999999997
0.310664
0.310039
0.30941399999999997
0.308164
0.313164
0.313789
0.318164
0.316914
0.31441399999999997
0.315664
0.316914
0.315664
0.31441399999999997
0.313164
0.311289
0.31191399999999997
0.315664
0.32253899999999996
0.324414
0.330664
0.335039
0.334414
0.332539
0.332539
0.33316399999999996
0.331289
0.330664
0.326914
0.319414
0.323789
0.323789
0.320664
0.323789
0.32503899999999997
0.32503899999999997
0.324414
0.325664
0.32753899999999997
0.326914
0.325664
0.323789
0.32253899999999996
0.321914
0.319414
0.318125
0.319414
0.318125
0.31753899999999996
0.316289
0.31625
0.31191399999999997
0.320664
0.31625
0.324375
0.33003899999999997
0.33375
0.333125
0.333789
0.335625
0.335039
0.334414
0.33003899999999997
0.33003899999999997
0.328164
0.324414
0.325664
0.323789
0.321289
0.32003899999999996
0.319414
0.319414
0.325664
0.32503899999999997
0.32503899999999997
0.32253899999999996
0.326914
0.321289
0.325664
0.32503899999999997
0.32503899999999997
0.323164
0.321289
0.323789
0.319414
0.318164
0.318164
0.315664
0.31441399999999997
0.315664
0.313164
0.311289
0.310039
0.308164
0.307539
0.30691399999999996
0.308164
0.30441399999999996
0.30691399999999996
0.30441399999999996
0.301289
0.302539
0.300664
0.300039
0.299414
0.300664
0.301289
0.30191399999999996
0.303164
0.303789
0.300625
0.300039
0.300625
0.302539
0.308125
0.312539
0.315
0.321875
0.324375
0.32125
0.324375
0.32375
0.3225
0.325625
0.32625
0.326875
0.326875
0.326289
0.328164
0.324414
0.316289
0.321914
0.32253899999999996
0.326289
0.318789
0.318164
0.318164
0.31753899999999996
0.318789
0.321914
0.32753899999999997
0.33003899999999997
0.326914
0.32753899999999997
0.328789
0.329414
0.328164
0.326914
0.32503899999999997
0.323789
0.323164
0.323164
0.321289
0.321289
0.323164
0.32503899999999997
0.32253899999999996
0.321914
0.32003899999999996
0.318789
0.318164
0.318789
0.318164
0.315039
0.318164
0.313789
0.312539
0.31441399999999997
0.313164
0.310664
0.310039
0.30941399999999997
0.310039
0.30941399999999997
0.30691399999999996
0.300039
0.305039
0.305664
0.3025
0.303125
0.301875
0.3025
0.302539
0.30125
0.30125
0.299414
0.298125
0.295625
0.295039
0.293164
0.293125
0.294414
0.300625
0.30691399999999996
0.307539
0.31441399999999997
0.321914
0.323164
0.321289
0.324414
0.32003899999999996
0.321914
0.321289
0.321289
0.32003899999999996
0.326289
0.328164
0.332539
0.32753899999999997
0.33003899999999997
0.331289
0.331289
0.331914
0.328789
0.32753899999999997
0.326914
0.325664
0.324414
0.324414
0.321289
0.328164
0.32003899999999996
0.318789
0.318164
0.315039
0.313164
0.311289
0.310039
0.308164
0.308789
0.305664
0.30441399999999996
0.305039
0.303164
0.305039
0.30691399999999996
0.306289
0.303789
0.303164
0.30191399999999996
0.300664
0.300039
0.300039
0.29625
0.298125
0.295
0.294414
0.293164
0.293125
0.291875
0.29125
0.29
0.28875
0.288164
0.286914
0.285625
0.285039
0.28316399999999997
0.282539
0.281914
0.28
0.279414
0.27816399999999997
0.27816399999999997
0.274414
0.280039
0.276289
0.275039
0.275039
0.276289
0.275039
0.275039
0.28066399999999997
0.282539
0.288164
0.285664
0.276914
0.284414
0.283789
0.281289
0.283789
0.282539
0.281289
0.280039
0.280039
0.278789
0.27816399999999997
0.27816399999999997
0.276914
0.275039
0.27316399999999996
0.27316399999999996
0.271289
0.271914
0.268789
0.268164
0.266289
0.266914
0.26003899999999996
0.26253899999999997
0.26253899999999997
0.261289
0.260664
0.260664
0.259414
0.258164
0.256289
0.256289
0.256914
0.253789
0.258789
0.255625
0.25625
0.25125
0.25625
0.255
0.25375
0.253789
0.25375
0.25503899999999996
0.253164
0.25375
0.254375
0.255
0.25191399999999997
0.256914
0.255664
0.25503899999999996
0.25503899999999996
0.253789
0.25503899999999996
0.252539
0.254414
0.250664
0.250039
0.24503899999999998
0.24753899999999998
0.24878899999999998
0.250039
0.253164
0.258164
0.26003899999999996
0.259414
0.256289
0.25753899999999996
0.258164
0.25503899999999996
0.254414
0.251289
0.250664
0.24878899999999998
0.24753899999999998
0.24628899999999998
0.246914
0.24253899999999998
0.24003899999999997
0.24003899999999997
0.245664
0.241914
0.239414
0.238164
0.23691399999999999
0.23441399999999998
0.23316399999999998
0.23316399999999998
0.23066399999999998
0.236289
0.22816399999999998
0.22816399999999998
0.233789
0.226289
0.225039
0.22441399999999997
0.222539
0.22128899999999999
0.222539
0.21875
0.21753899999999998
0.216875
0.213125
0.21378899999999998
0.214375
0.214414
0.21253899999999998
0.210664
0.21
0.208125
0.206914
0.205039
0.20128900000000002
0.203164
0.200664
0.20125
0.200625
0.20003900000000002
0.19878900000000002
0.198164
0.196914
0.19753900000000002
0.195664
0.191914
0.19503900000000002
0.19628900000000002
0.194414
0.19378900000000002
0.199414
0.201914
0.205039
0.20566399999999999
0.206289
0.203164
0.206289
0.205039
0.20566399999999999
0.201914
0.20128900000000002
0.199414
0.20003900000000002
0.199414
0.196914
0.19878900000000002
0.195664
0.19378900000000002
0.19503900000000002
0.19253900000000002
0.196914
0.190039
0.188789
0.188164
0.188164
0.186914
0.18566400000000002
0.18441400000000002
0.185039
0.18316400000000002
0.182539
0.18316400000000002
0.18191400000000002
0.180039
0.17941400000000002
0.17816400000000002
0.177539
0.176289
0.17691400000000002
0.170664
0.173789
0.171875
0.170625
0.175039
0.175625
0.174414
0.17375
0.171914
0.170625
0.17003900000000002
0.164375
0.165
0.164375
0.164375
0.164414
0.16375
0.163164
0.161875
0.16253900000000002
0.163164
0.16378900000000002
0.16003900000000001
0.16378900000000002
0.158164
0.16003900000000001
0.158789
0.158789
0.164414
0.16753900000000002
0.171289
0.171289
0.171289
0.17003900000000002
0.17003900000000002
0.16878900000000002
0.168164
0.16878900000000002
0.166914
0.16628900000000002
0.165664
0.16503900000000002
0.164414
0.16378900000000002
0.16378900000000002
0.163164
0.16378900000000002
0.16253900000000002
0.16003900000000001
0.158164
0.157539
0.156289
0.155664
0.15441400000000002
0.153789
0.155664
0.15191400000000002
0.148789
0.150039
0.14941400000000002
0.148789
0.14941400000000002
0.150039
0.148789
0.147539
0.145039
0.147539
0.145
0.14941400000000002
0.143125
0.14441400000000001
0.146875
0.14375
0.1425
0.141875
0.14
0.139375
0.140625
0.136875
0.13875
0.135625
0.135
0.13753900000000002
0.13503900000000002
0.135664
0.13378900000000002
0.133164
0.131914
0.130664
0.131914
0.131914
0.13003900000000002
0.128164
0.129414
0.131914
0.136914
0.141289
0.143789
0.14441400000000001
0.143789
0.143789
0.14441400000000001
0.141914
0.140664
0.143164
0.143164
0.141914
0.140039
0.140039
0.139414
0.139414
0.13878900000000002
0.13753900000000002
0.134414
0.13753900000000002
0.13378900000000002
0.13503900000000002
0.134414
0.13378900000000002
0.13253900000000002
0.13128900000000002
0.13003900000000002
0.13253900000000002
0.13003900000000002
0.12878900000000001
0.12878900000000001
0.129414
0.126914
0.126914
0.125664
0.126289
0.126289
0.125039
0.125039
0.125664
0.125625
0.12441400000000001
0.123125
0.12441400000000001
0.123125
0.121875
0.1225
0.120625
0.120625
0.120625
0.119375
0.1125
0.1175
0.11378900000000002
0.114375
0.115625
0.117539
0.11566400000000002
0.116289
0.11566400000000002
0.11378900000000002
0.11566400000000002
0.11066400000000001
0.11316400000000001
0.10878900000000001
0.11003900000000001
0.117539
0.119414
0.125039
0.128164
0.127539
0.12878900000000001
0.13003900000000002
0.128164
0.136914
0.13128900000000002
0.130664
0.13253900000000002
0.12441400000000001
0.12378900000000001
0.12316400000000001
0.12378900000000001
0.12441400000000001
0.125664
0.12378900000000001
0.12316400000000001
0.12253900000000001
0.119414
0.120039
0.12066400000000001
0.119414
0.119414
0.118164
0.116914
0.118164
0.118164
0.118789
0.117539
0.11503900000000002
0.116289
0.11503900000000002
0.11503900000000002
0.11503900000000002
0.11441400000000002
0.11316400000000001
0.11316400000000001
0.11378900000000002
0.11191400000000001
0.11
0.11
0.1075
0.11066400000000001
0.11
0.110625
0.10875
0.10753900000000001
0.105
0.106875
0.104375
0.1
0.105625
0.10625
0.10753900000000001
0.10691400000000001
0.10691400000000001
0.10691400000000001
0.10691400000000001
0.10628900000000001
0.10753900000000001
0.10503900000000001
0.096914
0.103164
0.102539
0.116914
0.11316400000000001
0.117539
0.118789
0.118789
0.118789
0.118164
0.118164
0.120039
0.118164
0.118789
0.116914
0.116914
0.116289
0.116289
0.11566400000000002
0.11566400000000002
0.116289
0.116914
0.116289
0.116289
0.11316400000000001
0.11441400000000002
0.11253900000000001
0.11378900000000002
0.11128900000000001
0.11003900000000001
0.11003900000000001
0.11003900000000001
0.11128900000000001
0.10941400000000001
