0.160664
0.161914
0.166914
0.171914
0.171914
0.173164
0.173164
0.171289
0.171914
0.171914
0.173164
0.173789
0.171914
0.173789
0.173164
0.171914
0.172539
0.169414
0.17003900000000002
0.16878900000000002
0.168164
0.163164
0.16628900000000002
0.16128900000000002
0.163164
0.164414
0.16378900000000002
0.16378900000000002
0.163164
0.161914
0.16128900000000002
0.163164
0.158164
0.156914
0.16125
0.159414
0.159375
0.16
0.16
0.158789
0.16003900000000001
0.160625
0.16253900000000002
0.16
0.156289
0.160664
0.161914
0.16625
0.17125
0.173789
0.17375
0.175
0.175625
0.17691400000000002
0.17566400000000001
0.17691400000000002
0.17566400000000001
0.174414
0.171289
0.173164
0.172539
0.171289
0.17003900000000002
0.170664
0.170664
0.171289
0.174414
0.175039
0.18191400000000002
0.18066400000000002
0.187539
0.19253900000000002
0.193164
0.194414
0.196914
0.19503900000000002
0.195664
0.19628900000000002
0.19503900000000002
0.19378900000000002
0.19253900000000002
0.193164
0.19378900000000002
0.19253900000000002
0.191914
0.190039
0.188789
0.190664
0.187539
0.18191400000000002
0.186289
0.18566400000000002
0.185039
0.18566400000000002
0.185039
0.18441400000000002
0.18441400000000002
0.18316400000000002
0.186914
0.182539
0.178789
0.182539
0.186289
0.185
0.188164
0.19
0.194375
0.201914
0.204375
0.206289
0.205
0.205039
0.204375
0.21503899999999998
0.21625
0.21875
0.221875
0.224375
0.235
0.245625
0.24878899999999998
0.252539
0.246914
0.248164
0.249414
0.250664
0.254414
0.25191399999999997
0.250039
0.250039
0.251289
0.256914
0.26253899999999997
0.260664
0.268164
0.272539
0.274414
0.271914
0.273789
0.274414
0.276914
0.276914
0.274414
0.275039
0.272539
0.265664
0.27316399999999996
0.27816399999999997
0.284414
0.280039
0.276914
0.27566399999999996
0.275039
0.274414
0.27316399999999996
0.271914
0.27066399999999996
0.269414
0.266914
0.265664
0.264414
0.263789
0.26253899999999997
0.259414
0.258164
0.260664
0.260664
0.26003899999999996
0.26253899999999997
0.258789
0.260664
0.259414
0.260664
0.26125
0.266914
0.268789
0.27
0.27625
0.274414
0.276914
0.27875
0.279375
0.281875
0.280625
0.281875
0.28375
0.283789
0.284375
0.285039
0.285664
0.301289
0.301289
0.303164
0.30941399999999997
0.323789
0.328164
0.328789
0.328789
0.32753899999999997
0.328789
0.33003899999999997
0.337539
0.336914
0.340039
0.345039
0.348164
0.345039
0.343789
0.342539
0.341914
0.341289
0.341914
0.342539
0.338789
0.34316399999999997
0.338789
0.338789
0.33816399999999996
0.339414
0.33816399999999996
0.33816399999999996
0.34566399999999997
0.352539
0.360039
0.378164
0.389414
0.391914
0.388164
0.386914
0.388789
0.390664
0.39003899999999997
0.391914
0.391289
0.38753899999999997
0.386914
0.383789
0.383164
0.379375
0.385664
0.390664
0.389414
0.396875
0.400625
0.405625
0.401875
0.398125
0.405
0.404375
0.4025
0.404375
0.405
0.405039
0.403789
0.402539
0.401289
0.401289
0.400039
0.401914
0.404414
0.406289
0.41191400000000006
0.416914
0.41753900000000005
0.41503900000000005
0.41316400000000003
0.41191400000000006
0.41253900000000004
0.40816399999999997
0.41066400000000003
0.41003900000000004
0.41003900000000004
0.41003900000000004
0.41003900000000004
0.40816399999999997
0.40566399999999997
0.406914
0.406914
0.408789
0.406289
0.41003900000000004
0.406289
0.406289
0.406914
0.405039
0.41253900000000004
0.419414
0.42003900000000005
0.429414
0.437539
0.43816400000000005
0.434414
0.44628900000000005
0.452539
0.46128900000000006
0.45941400000000004
0.46503900000000004
0.466289
0.46503900000000004
0.46503900000000004
0.47003900000000004
0.47316400000000003
0.47253900000000004
0.471875
0.470664
0.47003900000000004
0.468789
0.4675
0.46625
0.46625
0.46625
0.465664
0.465625
0.46691400000000005
0.46875
0.4725
0.474375
0.476289
0.4775
0.48003900000000005
0.48816400000000004
0.49628900000000004
0.495039
0.500039
0.49628900000000004
0.49628900000000004
0.496914
0.494414
0.49566400000000005
0.495039
0.494414
0.497539
0.497539
0.497539
0.500039
0.49816400000000005
0.503789
0.49628900000000004
0.49566400000000005
0.491914
0.49316400000000005
0.491914
0.49003900000000006
0.48816400000000004
0.48753900000000006
0.48878900000000003
0.486289
0.486289
0.48566400000000004
0.484414
0.481914
0.484414
0.484414
0.48816400000000004
0.495039
0.49816400000000005
0.5019140000000001
0.5131640000000001
0.520664
0.5231640000000001
0.5281640000000001
0.524414
0.5281640000000001
0.530664
0.530664
0.531289
0.531289
0.529414
0.529414
0.526289
0.5237890000000001
0.525664
0.525664
0.523125
0.521875
0.5225
0.523125
0.52125
0.519375
0.52
0.52125
0.52625
0.52375
0.52125
0.523125
0.526289
0.526914
0.527539
0.535664
0.540664
0.543164
0.545039
0.546289
0.5537890000000001
0.5544140000000001
0.556289
0.556289
0.557539
0.561914
0.5706640000000001
0.571914
0.576914
0.584414
0.587539
0.584414
0.582539
0.5812890000000001
0.581914
0.5806640000000001
0.582539
0.5862890000000001
0.588789
0.590039
0.5956640000000001
0.5912890000000001
0.593164
0.591914
0.5906640000000001
0.591914
0.588789
0.5862890000000001
0.5850390000000001
0.584414
0.582539
0.5806640000000001
0.5750390000000001
0.576914
0.571914
0.572539
0.566914
0.5656640000000001
0.5644140000000001
0.5650390000000001
0.5700390000000001
0.576289
0.5756640000000001
0.5806640000000001
0.595039
0.59125
0.5862890000000001
0.604414
0.614414
0.620625
0.635625
0.654375
0.66
0.66
0.660625
0.656914
0.658125
0.660039
0.666289
0.6631640000000001
0.661914
0.660664
0.660039
0.660039
0.670039
0.676914
0.6787890000000001
0.6906640000000001
0.6944140000000001
0.691289
0.688789
0.685664
0.6850390000000001
0.683164
0.681914
0.6794140000000001
0.678164
0.672539
0.668164
0.666289
0.661289
0.661914
0.6637890000000001
0.661914
0.661289
0.661914
0.660039
0.660039
0.654414
0.661914
0.654414
0.654414
0.6581640000000001
0.656914
0.6587890000000001
0.6631640000000001
0.6637890000000001
0.660664
0.660664
0.656914
0.6581640000000001
0.657539
0.652539
0.651289
0.651289
0.6487890000000001
0.644414
0.6425390000000001
0.6381640000000001
0.635039
0.6325390000000001
0.630664
0.626875
0.625
0.621875
0.618789
0.6169140000000001
0.614375
0.61125
0.608125
0.61375
0.613125
0.61375
0.611875
0.61
0.615664
0.6219140000000001
0.6219140000000001
0.620664
0.619414
0.620039
0.621289
0.620664
0.623164
0.629414
0.6269140000000001
0.630039
0.6375390000000001
0.6375390000000001
0.636914
0.633789
0.6325390000000001
0.634414
0.6437890000000001
0.641289
0.6375390000000001
0.6381640000000001
0.641914
0.644414
0.644414
0.641914
0.640039
0.640039
0.640664
0.641914
0.640664
0.641289
0.6381640000000001
0.635039
0.633789
0.630039
0.6269140000000001
0.625664
0.6225390000000001
0.620664
0.618789
0.6162890000000001
0.608789
0.6119140000000001
0.608789
0.608164
0.609414
0.610039
0.6119140000000001
0.615664
0.6162890000000001
0.620664
0.630039
0.629414
0.628125
0.629375
0.626289
0.63
0.6331640000000001
0.63
0.630039
0.6275
0.633789
0.6319140000000001
0.633789
0.641914
0.635625
0.645664
0.65625
0.656289
0.6531640000000001
0.652539
0.654414
0.656289
0.656914
0.6581640000000001
0.6587890000000001
0.655664
0.656289
0.6531640000000001
0.656289
0.656914
0.6537890000000001
0.651289
0.649414
0.6487890000000001
0.6531640000000001
0.6594140000000001
0.6587890000000001
0.655664
0.656289
0.660664
0.668164
0.668164
0.670039
0.6744140000000001
0.6750390000000001
0.6750390000000001
0.670664
0.666914
0.668164
0.6631640000000001
0.6637890000000001
0.666914
0.6694140000000001
0.6687890000000001
0.667539
0.6687890000000001
0.673164
0.670664
0.666914
0.665664
0.6631640000000001
0.660664
0.6687890000000001
0.6687890000000001
0.6694140000000001
0.672539
0.6737890000000001
0.6737890000000001
0.6687890000000001
0.6637890000000001
0.66375
0.663125
0.661914
0.661914
0.6594140000000001
0.657539
0.657539
0.658125
0.6587890000000001
0.658125
0.655664
0.65125
0.64875
0.645664
0.6437890000000001
0.640664
0.638789
0.636289
0.635039
0.631289
0.630664
0.628789
0.629414
0.626289
0.6275390000000001
0.624414
0.624414
0.621289
0.6175390000000001
0.6169140000000001
0.615664
0.613789
0.610039
0.6062890000000001
0.607539
0.605039
0.608789
0.602539
0.603789
0.607539
0.608164
0.607539
0.613164
0.613164
0.6112890000000001
0.6125390000000001
0.6119140000000001
0.614414
0.607539
0.605664
0.605664
0.604414
0.603164
0.603789
0.6019140000000001
0.603164
0.603789
0.604414
0.608164
0.610664
0.610664
0.6169140000000001
0.615664
0.620039
0.623789
0.624414
0.6162890000000001
0.623164
0.6281640000000001
0.625664
0.6281640000000001
0.6325
0.6325390000000001
0.635039
0.635039
0.63625
0.633789
0.628125
0.6275
0.630625
0.6269140000000001
0.625039
0.6225390000000001
0.619414
0.6162890000000001
0.613164
0.6125390000000001
0.610039
0.604414
0.605039
0.598164
0.5962890000000001
0.6062890000000001
0.610039
0.6119140000000001
0.619414
0.6325390000000001
0.640664
0.641289
0.6381640000000001
0.636914
0.636289
0.6319140000000001
0.629414
0.625039
0.6219140000000001
0.620039
0.618164
0.6169140000000001
0.614414
0.613164
0.6125390000000001
0.608164
0.604414
0.6019140000000001
0.5969140000000001
0.594414
0.592539
0.587539
0.5856640000000001
0.588164
0.592539
0.593789
0.5956640000000001
0.5962890000000001
0.6069140000000001
0.6225390000000001
0.625039
0.6219140000000001
0.6219140000000001
0.623164
0.6325390000000001
0.638789
0.636914
0.6431640000000001
0.6425390000000001
0.6375390000000001
0.640625
0.6375
0.635
0.636875
0.6375390000000001
0.638125
0.635
0.62875
0.624375
0.6225390000000001
0.623164
0.623789
0.615039
0.6125390000000001
0.608789
0.605664
0.602539
0.598164
0.5962890000000001
0.593789
0.588164
0.590039
0.593164
0.5912890000000001
0.5956640000000001
0.598789
0.5962890000000001
0.593789
0.590039
0.589414
0.5850390000000001
0.5850390000000001
0.583164
0.5800390000000001
0.573164
0.571289
0.568789
0.5656640000000001
0.5644140000000001
0.563789
0.563789
0.561289
0.558164
0.5550390000000001
0.551289
0.5487890000000001
0.548164
0.548164
0.5494140000000001
0.5500390000000001
0.5500390000000001
0.5550390000000001
0.555664
0.5487890000000001
0.553164
0.551914
0.553164
0.5494140000000001
0.5494140000000001
0.5487890000000001
0.546914
0.544375
0.542539
0.541914
0.541289
0.5375
0.536914
0.5381640000000001
0.5444140000000001
0.546289
0.549375
0.5625
0.568125
0.566875
0.565
0.559375
0.566875
0.5656640000000001
0.5644140000000001
0.563164
0.5600390000000001
0.558789
0.5544140000000001
0.5544140000000001
0.5537890000000001
0.557539
0.551914
0.551914
0.556914
0.5544140000000001
0.555664
0.555664
0.553164
0.5500390000000001
0.547539
0.548164
0.547539
0.546289
0.552539
0.551914
0.5494140000000001
0.5500390000000001
0.555664
0.5544140000000001
0.551289
0.550664
0.550664
0.552539
0.550664
0.545664
0.541914
0.5387890000000001
0.536914
0.535039
0.532539
0.530664
0.5287890000000001
0.527539
0.526289
0.524414
0.5237890000000001
0.5187890000000001
0.5225390000000001
0.5231640000000001
0.5225390000000001
0.521914
0.520039
0.5181640000000001
0.520664
0.524375
0.525664
0.525039
0.524414
0.523125
0.525625
0.52375
0.530664
0.533125
0.53375
0.533125
0.535
0.54
0.53625
0.5375
0.54125
0.540664
0.542539
0.546289
0.5444140000000001
0.5444140000000001
0.545039
0.5437890000000001
0.548164
0.550664
0.5537890000000001
0.561289
0.566289
0.566289
0.5706640000000001
0.5706640000000001
0.572539
0.576289
0.573789
0.5706640000000001
0.567539
0.567539
0.563789
0.563789
0.5600390000000001
0.558789
0.556914
0.5550390000000001
0.553164
0.5500390000000001
0.547539
0.546914
0.541289
0.541914
0.541289
0.536289
0.5337890000000001
0.5344140000000001
0.536914
0.535664
0.540039
0.540039
0.540039
0.540039
0.5487890000000001
0.545664
0.5444140000000001
0.540664
0.541289
0.541289
0.540039
0.5387890000000001
0.538125
0.5375
0.533125
0.5375
0.528125
0.526289
0.5225
0.526875
0.52875
0.530625
0.529414
0.525
0.525
0.521875
0.52125
0.516914
0.513789
0.5125390000000001
0.511914
0.508789
0.5081640000000001
0.506289
0.504414
0.501289
0.500039
0.49316400000000005
0.49566400000000005
0.49378900000000003
0.491914
0.48878900000000003
0.491914
0.49066400000000004
0.49128900000000003
0.49003900000000006
0.49003900000000006
0.500664
0.501289
0.5075390000000001
0.520039
0.525664
0.525039
0.5225390000000001
0.521289
0.5187890000000001
0.5181640000000001
0.5181640000000001
0.520039
0.516289
0.5237890000000001
0.513789
0.513789
0.514414
0.520039
0.521289
0.526289
0.526914
0.526914
0.530664
0.5281640000000001
0.5287890000000001
0.5281640000000001
0.525664
0.524414
0.524414
0.525664
0.5231640000000001
0.521289
0.5237890000000001
0.529375
0.530625
0.53625
0.538125
0.535625
0.53625
0.5375
0.543125
0.545625
0.54
0.538125
0.5381640000000001
0.536875
0.535625
0.535039
0.532539
0.5331640000000001
0.532539
0.536914
0.5394140000000001
0.5381640000000001
0.5444140000000001
0.5494140000000001
0.551914
0.5494140000000001
0.543164
0.5437890000000001
0.542539
0.542539
0.540039
0.5381640000000001
0.537539
0.537539
0.5344140000000001
0.535664
0.531289
0.530664
0.525039
0.521289
0.519414
0.516289
0.516914
0.511289
0.5131640000000001
0.511289
0.510664
0.5081640000000001
0.506289
0.5025390000000001
0.500664
0.497539
0.49566400000000005
0.49378900000000003
0.491914
0.49003900000000006
0.48816400000000004
0.48753900000000006
0.486289
0.48066400000000004
0.481289
0.481289
0.478789
0.479414
0.478789
0.47691400000000006
0.476289
0.475625
0.475
0.473789
0.46941400000000005
0.466875
0.4675
0.475
0.47753900000000005
0.47816400000000003
0.47875
0.47625
0.475625
0.475
0.47503900000000004
0.473125
0.470664
0.47191400000000006
0.468164
0.463164
0.466289
0.46753900000000004
0.47441400000000006
0.476289
0.48066400000000004
0.483789
0.48253900000000005
0.481914
0.481914
0.483789
0.48503900000000005
0.486289
0.483789
0.484414
0.486914
0.49253900000000006
0.49253900000000006
0.491914
0.48816400000000004
0.48816400000000004
0.486289
0.494414
0.497539
0.496914
0.49566400000000005
0.496914
0.497539
0.49816400000000005
0.49878900000000004
0.49378900000000003
0.496914
0.506289
0.505039
0.514414
0.519414
0.520664
0.5187890000000001
0.516914
0.515039
0.515039
0.511289
0.509414
0.506289
0.5031640000000001
0.49816400000000005
0.499414
0.496914
0.495039
0.49128900000000003
0.489375
0.488125
0.485625
0.481914
0.485
0.495
0.49625
0.505625
0.511914
0.510039
0.5075390000000001
0.505664
0.504375
0.506289
0.506875
0.501875
0.5025390000000001
0.500664
0.500664
0.49878900000000004
0.496914
0.495039
0.49253900000000006
0.49003900000000006
0.48816400000000004
0.486289
0.483789
0.481914
0.479414
0.47441400000000006
0.47253900000000004
0.470664
0.468789
0.466289
0.46441400000000005
0.46441400000000005
0.460664
0.45628900000000006
0.45878900000000006
0.45878900000000006
0.453164
0.460664
0.463164
0.463164
0.46753900000000004
0.468164
0.47191400000000006
0.470664
0.468164
0.46753900000000004
0.46691400000000005
0.46691400000000005
0.46441400000000005
0.46503900000000004
0.46253900000000003
0.46128900000000006
0.460664
0.45941400000000004
0.45691400000000004
0.45628900000000006
0.453164
0.450039
0.450039
0.447539
0.445039
0.44316400000000006
0.44125
0.44
0.43816400000000005
0.436875
0.43
0.440039
0.439375
0.445
0.449375
0.4475
0.4475
0.448164
0.4525
0.45878900000000006
0.460625
0.464375
0.47125
0.4725
0.468789
0.468164
0.46691400000000005
0.466289
0.46441400000000005
0.463789
0.460664
0.460664
0.45691400000000004
0.450039
0.452539
0.45128900000000005
0.44878900000000005
0.450664
0.455039
0.458164
0.46003900000000003
0.46503900000000004
0.471289
0.47191400000000006
0.468164
0.46691400000000005
0.46691400000000005
0.46753900000000004
0.46753900000000004
0.47253900000000004
0.47816400000000003
0.47816400000000003
0.48253900000000005
0.48566400000000004
0.486289
0.483789
0.481289
0.47691400000000006
0.47753900000000005
0.47316400000000003
0.47316400000000003
0.470664
0.46941400000000005
0.46753900000000004
0.465664
0.46441400000000005
0.458164
0.45753900000000003
0.453164
0.450039
0.45628900000000006
0.455664
0.455664
0.455039
0.458125
0.456875
0.4575
0.454375
0.455
0.456875
0.45878900000000006
0.455625
0.455
0.45375
0.452539
0.45191400000000004
0.45125
0.45191400000000004
0.447539
0.44691400000000003
0.44316400000000006
0.44191400000000003
0.43566400000000005
0.43628900000000004
0.434414
0.43316400000000005
0.43128900000000003
0.43066400000000005
0.42878900000000003
0.43003900000000006
0.43128900000000003
0.42753900000000006
0.432539
0.43316400000000005
0.43566400000000005
0.435039
0.432539
0.43378900000000004
0.439414
0.445039
0.44378900000000004
0.44566400000000006
0.450664
0.450039
0.450664
0.445039
0.44566400000000006
0.44628900000000005
0.45191400000000004
0.45691400000000004
0.455039
0.46003900000000003
0.46191400000000005
0.458164
0.46003900000000003
0.45878900000000006
0.45753900000000003
0.455039
0.45378900000000005
0.450664
0.44941400000000004
0.44691400000000003
0.447539
0.44191400000000003
0.43316400000000005
0.437539
0.43878900000000004
0.43566400000000005
0.434414
0.434414
0.431914
0.429414
0.42753900000000006
0.426914
0.42566400000000004
0.431914
0.43066400000000005
0.431914
0.431914
0.43066400000000005
0.430625
0.43
0.428125
0.42628900000000003
0.426914
0.425625
0.42125
0.424375
0.421289
0.42003900000000005
0.42003900000000005
0.416914
0.41753900000000005
0.41503900000000005
0.41816400000000004
0.423789
0.424414
0.421914
0.42878900000000003
0.43066400000000005
0.43566400000000005
0.43128900000000003
0.43566400000000005
0.44191400000000003
0.44691400000000003
0.447539
0.453164
0.455039
0.450039
0.44628900000000005
0.44878900000000005
0.44878900000000005
0.455039
0.450664
0.448164
0.447539
0.44441400000000003
0.44191400000000003
0.44191400000000003
0.445039
0.44628900000000005
0.45128900000000005
0.45878900000000006
0.46191400000000005
0.46191400000000005
0.46003900000000003
0.46003900000000003
0.45941400000000004
0.45878900000000006
0.45753900000000003
0.45628900000000006
0.455039
0.44941400000000004
0.450039
0.448164
0.44316400000000006
0.44191400000000003
0.440625
0.4375
0.43566400000000005
0.435039
0.43566400000000005
0.43625
0.4425
0.442539
0.442539
0.439414
0.43625
0.434375
0.4325
0.43125
0.429375
0.43003900000000006
0.42625
0.42628900000000003
0.42003900000000005
0.421289
0.424414
0.421914
0.42253900000000005
0.42003900000000005
0.418789
0.41816400000000004
0.42003900000000005
0.416914
0.41816400000000004
0.416914
0.416914
0.41441400000000006
0.41441400000000006
0.413789
0.41253900000000004
0.41253900000000004
0.411289
0.408789
0.407539
0.406914
0.402539
0.405039
0.401914
0.402539
0.401289
0.40066399999999996
0.40066399999999996
0.39816399999999996
0.396289
0.396289
0.394414
0.394414
0.394414
0.393789
0.389414
0.388164
0.38753899999999997
0.38753899999999997
0.388164
0.38753899999999997
0.388164
0.385664
0.388164
0.383789
0.380664
0.381289
0.380664
0.378164
0.378789
0.378164
0.37691399999999997
0.384414
0.385625
0.3875
0.3925
0.388125
0.385625
0.38875
0.38875
0.38875
0.39003899999999997
0.394375
0.398789
0.399414
0.405039
0.409414
0.41253900000000004
0.41003900000000004
0.408789
0.41003900000000004
0.41003900000000004
0.408789
0.407539
0.406289
0.405039
0.39816399999999996
0.401289
0.397539
0.396914
0.397539
0.396289
0.395039
0.395039
0.393789
0.391914
0.391914
0.386914
0.393789
0.395039
0.396914
0.396289
0.396914
0.396289
0.39816399999999996
0.401289
0.40316399999999997
0.403789
0.400039
0.401914
0.395039
0.393789
0.39253899999999997
0.393789
0.393164
0.393164
0.391289
0.389414
0.388164
0.384414
0.383789
0.38253899999999996
0.378789
0.378789
0.378164
0.37625
0.375
0.373789
0.3725
0.378789
0.380625
0.38375
0.38
0.38
0.3775
0.37625
0.375
0.373164
0.3725
0.37191399999999997
0.370039
0.368789
0.365039
0.363789
0.363164
0.360039
0.360039
0.35878899999999997
0.355664
0.355039
0.354414
0.353164
0.354414
0.35128899999999996
0.352539
0.346914
0.347539
0.348164
0.343789
0.342539
0.34316399999999997
0.341914
0.33816399999999996
0.340039
0.33566399999999996
0.336914
0.335039
0.332539
0.328789
0.331914
0.33316399999999996
0.33003899999999997
0.328164
0.328164
0.325664
0.32503899999999997
0.32503899999999997
0.321914
0.32253899999999996
0.319414
0.321289
0.32003899999999996
0.318789
0.31753899999999996
0.316289
0.315039
0.316914
0.313789
0.313164
0.312539
0.313164
0.318125
0.320625
0.323789
0.32875
0.33
0.334375
0.33875
0.3375
0.336875
0.33625
0.334375
0.33375
0.331875
0.33125
0.330625
0.328164
0.32625
0.326914
0.323164
0.315039
0.321289
0.321914
0.325664
0.32003899999999996
0.319414
0.316914
0.315039
0.313164
0.312539
0.311289
0.310039
0.30941399999999997
0.307539
0.30691399999999996
0.302539
0.30191399999999996
0.305039
0.30941399999999997
0.30941399999999997
0.311289
0.318164
0.31441399999999997
0.318789
0.318164
0.31753899999999996
0.321289
0.321914
0.32003899999999996
0.318164
0.316289
0.315039
0.316914
0.310664
0.308164
0.30941399999999997
0.308164
0.30691399999999996
0.305664
0.303164
0.300664
0.299414
0.298164
0.29628899999999997
0.292539
0.294414
0.289414
0.287539
0.282539
0.285625
0.284375
0.283125
0.28625
0.29
0.294375
0.29375
0.29378899999999997
0.29125
0.29
0.28875
0.2875
0.290039
0.293164
0.291875
0.290664
0.290625
0.29378899999999997
0.303164
0.30441399999999996
0.30191399999999996
0.303164
0.305664
0.310664
0.308789
0.310664
0.312539
0.312539
0.311289
0.308789
0.306289
0.306289
0.305039
0.30691399999999996
0.305039
0.303164
0.301289
0.296914
0.293164
0.294414
0.295039
0.300664
0.30191399999999996
0.308164
0.31441399999999997
0.318164
0.31753899999999996
0.315039
0.313789
0.31191399999999997
0.31441399999999997
0.311289
0.311289
0.307539
0.303789
0.300039
0.301289
0.300664
0.298164
0.296914
0.295039
0.291914
0.290039
0.28878899999999996
0.28628899999999996
0.285
0.281289
0.28625
0.29
0.2925
0.295
0.305625
0.31375
0.316914
0.31441399999999997
0.3125
0.311289
0.311289
0.31125
0.3125
0.311289
0.310039
0.30875
0.306875
0.30691399999999996
0.310039
0.31753899999999996
0.319414
0.318164
0.326914
0.325664
0.324414
0.323789
0.32503899999999997
0.324414
0.325664
0.32253899999999996
0.316289
0.318789
0.318164
0.315039
0.313789
0.31191399999999997
0.315664
0.31441399999999997
0.313164
0.316289
0.318789
0.320664
0.321914
0.32003899999999996
0.320664
0.319414
0.318789
0.31753899999999996
0.316289
0.315039
0.31753899999999996
0.323789
0.320664
0.330664
0.333789
0.340039
0.341289
0.341289
0.34066399999999997
0.341289
0.341289
0.34316399999999997
0.343789
0.339414
0.34316399999999997
0.343125
0.340625
0.341289
0.33875
0.34066399999999997
0.344414
0.351914
0.356875
0.355
0.352539
0.36375
0.37125
0.37441399999999997
0.383125
0.3925
0.39816399999999996
0.39816399999999996
0.396875
0.3975
0.398789
0.397539
0.396289
0.39566399999999996
0.394414
0.390664
0.388789
0.388164
0.386914
0.383789
0.383164
0.380664
0.381289
0.380664
0.376289
0.378164
0.373789
0.37191399999999997
0.372539
0.370664
0.368164
0.368789
0.370039
0.370664
0.370039
0.368789
0.367539
0.365664
0.366289
0.365664
0.36441399999999996
0.362539
0.360664
0.359414
0.362539
0.360664
0.35878899999999997
0.368164
0.368164
0.37441399999999997
0.37691399999999997
0.378164
0.377539
0.37691399999999997
0.375664
0.37691399999999997
0.373789
0.365664
0.373789
0.375039
0.38253899999999996
0.383164
0.385
0.391875
0.401875
0.40375
0.402539
0.40125
0.404375
0.410625
0.41441400000000006
0.415625
0.42
0.4225
0.4225
0.42125
0.42066400000000004
0.419414
0.42003900000000005
0.41566400000000003
0.41441400000000006
0.413789
0.41066400000000003
0.41066400000000003
0.41066400000000003
0.409414
0.408789
0.40816399999999997
0.406914
0.406289
0.40316399999999997
0.403789
0.401289
0.39816399999999996
0.39816399999999996
0.39816399999999996
0.396914
0.394414
0.394414
0.394414
0.39566399999999996
0.393164
0.38753899999999997
0.397539
0.400039
0.401914
0.401914
0.40066399999999996
0.40066399999999996
0.400039
0.398789
0.40066399999999996
0.40066399999999996
0.401289
0.398789
0.399414
0.39816399999999996
0.39816399999999996
0.396289
0.396289
0.395039
0.394414
0.393789
0.395039
0.39253899999999997
0.391289
0.391914
0.393125
0.39253899999999997
0.39816399999999996
0.403125
0.40816399999999997
0.40816399999999997
0.406289
0.4075
0.401875
0.40125
0.40375
0.403125
0.40375
0.403789
0.404375
0.40316399999999997
0.40316399999999997
0.402539
0.402539
0.400039
0.407539
0.39816399999999996
0.397539
0.401914
0.39566399999999996
0.394414
0.393789
0.39253899999999997
0.391914
0.393789
0.390664
0.389414
0.389414
0.386914
0.38753899999999997
0.386914
0.386289
0.384414
0.383789
0.384414
0.383789
0.383789
0.385664
0.381289
0.385664
0.38253899999999996
0.380664
0.379414
0.378789
0.378164
0.37691399999999997
0.376289
0.376289
0.376289
0.376289
0.375039
0.375664
0.373789
0.373164
0.373164
0.37191399999999997
0.370664
0.370664
0.370039
0.368164
0.3725
0.37125
0.377539
0.38003899999999996
0.383125
0.396914
0.404375
0.404414
0.4025
0.40625
0.405
0.4
0.4025
0.4025
0.4025
0.400625
0.398789
0.398789
0.396914
0.395
0.393789
0.391289
0.391914
0.388164
0.386914
0.385664
0.381914
0.381289
0.38003899999999996
0.378789
0.379414
0.381289
0.38253899999999996
0.379414
0.385664
0.388164
0.38753899999999997
0.386914
0.384414
0.38253899999999996
0.381914
0.380664
0.379414
0.378789
0.37441399999999997
0.378164
0.372539
0.371289
0.367539
0.365664
0.362539
0.360664
0.358164
0.358164
0.357539
0.353164
0.352539
0.350039
0.349414
0.350039
0.345039
0.343789
0.341914
0.340039
0.338789
0.33816399999999996
0.335039
0.334414
0.3325
0.329414
0.335039
0.33816399999999996
0.34375
0.34625
0.344375
0.344375
0.34125
0.34
0.333789
0.335
0.3325
0.32875
0.328125
0.325664
0.325664
0.32253899999999996
0.321289
0.318789
0.318789
0.31191399999999997
0.308789
0.310664
0.306289
0.305039
0.30441399999999996
0.303789
0.30191399999999996
0.300039
0.298164
0.297539
0.295664
0.300664
0.292539
0.290664
0.288164
0.288164
0.286914
0.285664
0.28628899999999996
0.283789
0.283789
0.28066399999999997
0.28066399999999997
0.279414
0.277539
0.27316399999999996
0.27566399999999996
0.27566399999999996
0.27316399999999996
0.271914
0.27066399999999996
0.268164
0.268164
0.26753899999999997
0.263789
0.266914
0.26253899999999997
0.261914
0.259414
0.263789
0.270039
0.271289
0.275039
0.28066399999999997
0.281914
0.28066399999999997
0.280625
0.29
0.289375
0.29375
0.294375
0.29375
0.29125
0.291875
0.291875
0.286875
0.283125
0.281875
0.282539
0.28066399999999997
0.281289
0.279414
0.278789
0.277539
0.274414
0.27566399999999996
0.27066399999999996
0.268164
0.266289
0.264414
0.26253899999999997
0.260664
0.260664
0.26003899999999996
0.259414
0.258789
0.256914
0.255664
0.254414
0.251289
0.250039
0.248164
0.24503899999999998
0.24253899999999998
0.241914
0.24253899999999998
0.24628899999999998
0.24753899999999998
0.25191399999999997
0.251289
0.258789
0.258164
0.25503899999999996
0.256289
0.256289
0.255664
0.254414
0.253164
0.252539
0.25191399999999997
0.246914
0.246914
0.245664
0.244414
0.240664
0.240664
0.239414
0.237539
0.236289
0.23566399999999998
0.23441399999999998
0.23066399999999998
0.230625
0.23
0.233125
0.243125
0.241875
0.240625
0.238125
0.236875
0.235
0.235
0.23191399999999998
0.230039
0.22816399999999998
0.22566399999999998
0.225
0.226289
0.225039
0.223789
0.221914
0.221914
0.220664
0.219414
0.216914
0.215664
0.21503899999999998
0.21503899999999998
0.21128899999999998
0.210664
0.209414
0.209414
0.208164
0.20753899999999997
0.20878899999999997
0.204414
0.201914
0.203789
0.201914
0.204414
0.201914
0.201914
0.20128900000000002
0.201914
0.20003900000000002
0.202539
0.203164
0.21003899999999998
0.203789
0.203164
0.203164
0.201914
0.20003900000000002
0.20003900000000002
0.19878900000000002
0.198164
0.20003900000000002
0.19753900000000002
0.20003900000000002
0.199414
0.195664
0.193164
0.195664
0.196914
0.194414
0.191914
0.19378900000000002
0.193164
0.193164
0.193125
0.19753900000000002
0.199375
0.204375
0.206875
0.205
0.204414
0.203789
0.2025
0.2025
0.201875
0.201875
0.19878900000000002
0.19753900000000002
0.198125
0.19878900000000002
0.196914
0.19753900000000002
0.19753900000000002
0.195664
0.19503900000000002
0.195664
0.19253900000000002
0.188164
0.19128900000000001
0.190039
0.186289
0.190664
0.190664
0.190039
0.190039
0.188789
0.19128900000000001
0.188789
0.187539
0.188164
