0.146289
0.14941400000000002
0.14941400000000002
0.155039
0.15066400000000002
0.15191400000000002
0.15191400000000002
0.15191400000000002
0.15191400000000002
0.152539
0.15066400000000002
0.14941400000000002
0.14941400000000002
0.14941400000000002
0.14816400000000002
0.14941400000000002
0.147539
0.148789
0.15316400000000002
0.159414
0.159414
0.16378900000000002
0.17003900000000002
0.169414
0.173164
0.177539
0.181289
0.183789
0.181875
0.18316400000000002
0.19125
0.203125
0.20875
0.213125
0.225625
0.2325
0.23375
0.231875
0.23125
0.232539
0.230039
0.22941399999999998
0.230625
0.231875
0.22941399999999998
0.235039
0.22691399999999998
0.227539
0.22316399999999997
0.22316399999999997
0.22128899999999999
0.219414
0.21753899999999998
0.21628899999999998
0.216914
0.214414
0.21253899999999998
0.211914
0.208164
0.20753899999999997
0.20753899999999997
0.20753899999999997
0.204414
0.205039
0.204414
0.202539
0.203164
0.203164
0.200664
0.203789
0.199414
0.202539
0.201914
0.201914
0.201914
0.20003900000000002
0.19878900000000002
0.19878900000000002
0.19878900000000002
0.198164
0.20003900000000002
0.202539
0.204414
0.205039
0.211914
0.218164
0.22003899999999998
0.22003899999999998
0.219414
0.21878899999999998
0.21878899999999998
0.222539
0.227539
0.22816399999999998
0.230039
0.23
0.228125
0.22691399999999998
0.228125
0.23125
0.228125
0.22003899999999998
0.224375
0.223125
0.22941399999999998
0.221914
0.220625
0.21875
0.218125
0.218164
0.2175
0.216914
0.21753899999999998
0.215625
0.214414
0.215664
0.21378899999999998
0.211914
0.211914
0.21003899999999998
0.210664
0.208164
0.20878899999999997
0.203164
0.20753899999999997
0.20566399999999999
0.205039
0.20753899999999997
0.206289
0.206289
0.20878899999999997
0.21378899999999998
0.21378899999999998
0.218164
0.218164
0.22691399999999998
0.225039
0.227539
0.226289
0.227539
0.227539
0.228789
0.228789
0.230039
0.22941399999999998
0.225039
0.233789
0.225039
0.22316399999999997
0.219414
0.22316399999999997
0.225039
0.227539
0.23316399999999998
0.23316399999999998
0.239414
0.24378899999999998
0.24878899999999998
0.249414
0.249414
0.250664
0.251875
0.2525
0.253164
0.253789
0.25375
0.254375
0.254375
0.252539
0.250625
0.249375
0.24753899999999998
0.245
0.2425
0.24128899999999998
0.24125
0.24125
0.240625
0.24128899999999998
0.237539
0.236289
0.237539
0.23441399999999998
0.235039
0.23566399999999998
0.235039
0.235039
0.233789
0.23316399999999998
0.235039
0.23316399999999998
0.23691399999999999
0.232539
0.23316399999999998
0.23878899999999997
0.23191399999999998
0.231289
0.23066399999999998
0.23066399999999998
0.230039
0.23066399999999998
0.22816399999999998
0.23066399999999998
0.22941399999999998
0.23066399999999998
0.236289
0.243164
0.249414
0.25753899999999996
0.263789
0.263164
0.26253899999999997
0.26253899999999997
0.263789
0.263789
0.263789
0.261914
0.26253899999999997
0.263164
0.26253899999999997
0.261914
0.26003899999999996
0.258789
0.259414
0.26253899999999997
0.263164
0.266289
0.26753899999999997
0.26753899999999997
0.268125
0.26753899999999997
0.2675
0.26625
0.266914
0.26875
0.26875
0.274414
0.27316399999999996
0.2775
0.28
0.2825
0.281289
0.281914
0.285625
0.285
0.28875
0.286914
0.285039
0.290039
0.290039
0.285039
0.28628899999999996
0.28628899999999996
0.287539
0.287539
0.28878899999999996
0.295039
0.29878899999999997
0.300664
0.30441399999999996
0.310664
0.313789
0.311289
0.31191399999999997
0.31191399999999997
0.30941399999999997
0.308164
0.308164
0.307539
0.300039
0.303164
0.298164
0.29878899999999997
0.299414
0.300039
0.298164
0.297539
0.295664
0.295664
0.297539
0.29378899999999997
0.29128899999999996
0.295039
0.301289
0.310664
0.31191399999999997
0.315039
0.316289
0.315664
0.323164
0.328164
0.329414
0.330664
0.328789
0.328789
0.32503899999999997
0.328164
0.328789
0.328125
0.326914
0.326289
0.32503899999999997
0.321875
0.320664
0.318125
0.31625
0.313125
0.313125
0.3125
0.313125
0.31125
0.309375
0.30875
0.307539
0.310039
0.310664
0.311289
0.31441399999999997
0.318164
0.321289
0.320664
0.318789
0.319414
0.32003899999999996
0.321914
0.32003899999999996
0.318789
0.320664
0.320664
0.323789
0.324414
0.326914
0.33003899999999997
0.328164
0.324414
0.329414
0.329414
0.32753899999999997
0.328164
0.328789
0.334414
0.334414
0.335039
0.33816399999999996
0.340039
0.338789
0.341289
0.347539
0.347539
0.350039
0.355664
0.361914
0.359414
0.358164
0.356914
0.355664
0.355039
0.35628899999999997
0.360664
0.363164
0.36441399999999996
0.363164
0.362539
0.36128899999999997
0.36
0.36375
0.366875
0.368789
0.371875
0.374375
0.375625
0.3725
0.37
0.3725
0.37
0.368125
0.369375
0.371289
0.378789
0.380664
0.386914
0.390664
0.393164
0.393164
0.389414
0.391289
0.39003899999999997
0.388164
0.386914
0.385664
0.383164
0.384414
0.38003899999999996
0.373789
0.376289
0.375664
0.373789
0.373789
0.371289
0.37191399999999997
0.370664
0.371289
0.375039
0.376289
0.37691399999999997
0.379414
0.377539
0.381289
0.38503899999999996
0.38503899999999996
0.386289
0.385664
0.389414
0.391289
0.396914
0.39816399999999996
0.401914
0.40066399999999996
0.40816399999999997
0.40566399999999997
0.407539
0.40816399999999997
0.407539
0.408789
0.41066400000000003
0.413789
0.41003900000000004
0.41003900000000004
0.41316400000000003
0.41066400000000003
0.4125
0.413125
0.41191400000000006
0.41625
0.4275
0.435625
0.43625
0.435
0.450625
0.455
0.450625
0.45625
0.4625
0.46625
0.46441400000000005
0.463789
0.46503900000000004
0.46691400000000005
0.46503900000000004
0.463789
0.46253900000000003
0.46128900000000006
0.46503900000000004
0.47003900000000004
0.471289
0.47191400000000006
0.478789
0.49003900000000006
0.496914
0.49628900000000004
0.496914
0.49566400000000005
0.499414
0.497539
0.49253900000000006
0.49003900000000006
0.48753900000000006
0.48503900000000005
0.48316400000000004
0.48066400000000004
0.479414
0.47753900000000005
0.481914
0.48503900000000005
0.48316400000000004
0.49253900000000006
0.497539
0.49816400000000005
0.49566400000000005
0.49316400000000005
0.49128900000000003
0.491914
0.48878900000000003
0.48816400000000004
0.48753900000000006
0.486914
0.48503900000000005
0.48503900000000005
0.484414
0.481914
0.48003900000000005
0.484414
0.48816400000000004
0.48878900000000003
0.48253900000000005
0.484414
0.48503900000000005
0.484414
0.486875
0.48878900000000003
0.49128900000000003
0.49253900000000006
0.4925
0.495
0.50125
0.504375
0.5019140000000001
0.501289
0.50125
0.508125
0.515664
0.516289
0.5187890000000001
0.521289
0.5237890000000001
0.525664
0.521289
0.5237890000000001
0.526289
0.525039
0.520664
0.5187890000000001
0.5175390000000001
0.515039
0.515039
0.514414
0.516289
0.5181640000000001
0.524414
0.525039
0.530664
0.537539
0.542539
0.545664
0.548164
0.547539
0.550664
0.551289
0.551914
0.5494140000000001
0.555664
0.558789
0.561289
0.5700390000000001
0.566289
0.566289
0.566914
0.5706640000000001
0.568789
0.566289
0.566914
0.563164
0.5594140000000001
0.5594140000000001
0.557539
0.558164
0.5594140000000001
0.5594140000000001
0.562539
0.563789
0.5644140000000001
0.556914
0.562539
0.562539
0.567539
0.57
0.5706640000000001
0.578125
0.58125
0.58
0.576875
0.578125
0.575625
0.581914
0.58375
0.5875
0.595039
0.5956640000000001
0.594414
0.5956640000000001
0.5962890000000001
0.594414
0.593164
0.594414
0.602539
0.5956640000000001
0.593789
0.602539
0.598164
0.599414
0.597539
0.597539
0.5969140000000001
0.598164
0.597539
0.594414
0.5962890000000001
0.594414
0.593164
0.592539
0.590039
0.588789
0.5906640000000001
0.588164
0.586914
0.5862890000000001
0.592539
0.595039
0.598789
0.6012890000000001
0.599414
0.5962890000000001
0.5962890000000001
0.598789
0.599414
0.599414
0.599414
0.6012890000000001
0.603789
0.608164
0.610664
0.6169140000000001
0.621289
0.6219140000000001
0.623164
0.625039
0.625039
0.626289
0.625664
0.6281640000000001
0.6269140000000001
0.6269140000000001
0.6281640000000001
0.631875
0.63125
0.629414
0.6281640000000001
0.628125
0.635625
0.6331640000000001
0.635625
0.63625
0.635664
0.6425390000000001
0.6381640000000001
0.634414
0.633789
0.634414
0.6375390000000001
0.639414
0.6381640000000001
0.6381640000000001
0.635664
0.636289
0.634414
0.631289
0.628789
0.6269140000000001
0.624414
0.6219140000000001
0.6219140000000001
0.6269140000000001
0.6275390000000001
0.630664
0.6319140000000001
0.638789
0.6481640000000001
0.6487890000000001
0.646289
0.650664
0.651914
0.650664
0.651289
0.651289
0.656289
0.6531640000000001
0.6587890000000001
0.6587890000000001
0.654414
0.6531640000000001
0.6531640000000001
0.655039
0.655664
0.655664
0.651914
0.656289
0.646914
0.6437890000000001
0.644414
0.6537890000000001
0.655664
0.652539
0.660039
0.666914
0.666914
0.665039
0.665664
0.661914
0.656914
0.656289
0.655625
0.65375
0.651875
0.649375
0.646875
0.644414
0.6425
0.638125
0.64375
0.6431640000000001
0.6425390000000001
0.6481640000000001
0.648125
0.646914
0.644414
0.641914
0.640664
0.6425390000000001
0.638789
0.636914
0.636289
0.634414
0.6319140000000001
0.631289
0.630039
0.6269140000000001
0.6275390000000001
0.625664
0.624414
0.6219140000000001
0.635039
0.6281640000000001
0.631289
0.635039
0.6375390000000001
0.6375390000000001
0.634414
0.633789
0.633789
0.633789
0.6319140000000001
0.635039
0.641289
0.640039
0.641914
0.6475390000000001
0.650664
0.6487890000000001
0.646914
0.645664
0.645664
0.645039
0.644414
0.640664
0.6375390000000001
0.634414
0.6331640000000001
0.635664
0.6475390000000001
0.651289
0.6594140000000001
0.6644140000000001
0.6644140000000001
0.665039
0.6694140000000001
0.670625
0.6725
0.675625
0.675664
0.685625
0.687539
0.685664
0.683125
0.682539
0.6800390000000001
0.67375
0.680664
0.683789
0.691289
0.697539
0.697539
0.701914
0.718164
0.730664
0.7369140000000001
0.7312890000000001
0.733164
0.7375390000000001
0.748789
0.7475390000000001
0.748789
0.751289
0.748789
0.743789
0.738789
0.7369140000000001
0.734414
0.735664
0.7362890000000001
0.7319140000000001
0.733164
0.733164
0.7312890000000001
0.7269140000000001
0.723164
0.720039
0.716914
0.711914
0.703789
0.703164
0.7000390000000001
0.693164
0.6894140000000001
0.685664
0.681289
0.677539
0.6744140000000001
0.671914
0.670039
0.665039
0.660664
0.6631640000000001
0.6587890000000001
0.654414
0.654414
0.655039
0.6594140000000001
0.6587890000000001
0.656289
0.656289
0.655039
0.657539
0.652539
0.651289
0.6581640000000001
0.656875
0.658125
0.66375
0.66625
0.6644140000000001
0.661875
0.6587890000000001
0.656875
0.65375
0.651875
0.6531640000000001
0.651914
0.650039
0.6481640000000001
0.646289
0.644414
0.6431640000000001
0.641914
0.641289
0.640664
0.635664
0.636914
0.6375390000000001
0.6375390000000001
0.635664
0.638789
0.6437890000000001
0.6425390000000001
0.6475390000000001
0.650039
0.6537890000000001
0.654414
0.652539
0.6537890000000001
0.650664
0.650039
0.650664
0.652539
0.6531640000000001
0.656914
0.6537890000000001
0.656289
0.6531640000000001
0.651914
0.654414
0.657539
0.6587890000000001
0.656914
0.656289
0.655664
0.6631640000000001
0.6631640000000001
0.660664
0.666914
0.672539
0.6750390000000001
0.6737890000000001
0.673164
0.671914
0.670664
0.667539
0.665039
0.665039
0.6637890000000001
0.660664
0.661914
0.6587890000000001
0.658125
0.661914
0.660625
0.664375
0.668125
0.667539
0.671289
0.678164
0.676875
0.683125
0.693125
0.695625
0.6944140000000001
0.693164
0.6950390000000001
0.6956640000000001
0.692539
0.691914
0.685664
0.678164
0.6800390000000001
0.682539
0.683164
0.6906640000000001
0.688789
0.6944140000000001
0.702539
0.7056640000000001
0.7062890000000001
0.701289
0.697539
0.6956640000000001
0.6956640000000001
0.692539
0.6900390000000001
0.685664
0.6844140000000001
0.681914
0.682539
0.680664
0.6794140000000001
0.680664
0.676914
0.6737890000000001
0.670039
0.666289
0.662539
0.660664
0.657539
0.654414
0.650664
0.6487890000000001
0.640664
0.645039
0.6431640000000001
0.6481640000000001
0.6531640000000001
0.660039
0.6687890000000001
0.671289
0.6687890000000001
0.670039
0.6787890000000001
0.685664
0.685625
0.6956640000000001
0.7000390000000001
0.704414
0.702539
0.7
0.69875
0.698164
0.6975
0.699375
0.697539
0.6906640000000001
0.696289
0.697539
0.701914
0.693164
0.6906640000000001
0.687539
0.685664
0.681914
0.680664
0.6787890000000001
0.676914
0.673164
0.670664
0.671289
0.6737890000000001
0.671289
0.6750390000000001
0.678164
0.677539
0.6744140000000001
0.670664
0.668164
0.670039
0.670039
0.671289
0.667539
0.668164
0.666914
0.665664
0.6644140000000001
0.661289
0.660039
0.655664
0.655664
0.651289
0.646914
0.6475390000000001
0.646289
0.644414
0.641914
0.638789
0.635039
0.636289
0.636914
0.638789
0.6381640000000001
0.639414
0.640664
0.644414
0.645664
0.6437890000000001
0.641914
0.641914
0.641914
0.638789
0.638789
0.635664
0.634414
0.630664
0.629375
0.6275390000000001
0.625
0.620625
0.619375
0.615
0.6125
0.6125390000000001
0.606875
0.608789
0.605039
0.605039
0.603164
0.6012890000000001
0.599414
0.598789
0.602539
0.609414
0.6125390000000001
0.6125390000000001
0.6225390000000001
0.6325390000000001
0.636914
0.633789
0.6331640000000001
0.635039
0.6425390000000001
0.650664
0.651289
0.654414
0.656289
0.657539
0.652539
0.6481640000000001
0.650664
0.650039
0.646289
0.6431640000000001
0.638789
0.640039
0.635039
0.625664
0.628789
0.6269140000000001
0.6225390000000001
0.619414
0.615664
0.613789
0.610039
0.609414
0.615039
0.618164
0.619414
0.6219140000000001
0.6219140000000001
0.6275390000000001
0.631289
0.6275390000000001
0.6275390000000001
0.6269140000000001
0.625039
0.6225390000000001
0.6225390000000001
0.615625
0.61875
0.614414
0.613789
0.613164
0.615
0.61375
0.61375
0.616875
0.615625
0.614375
0.607539
0.609375
0.60625
0.6069140000000001
0.603164
0.6019140000000001
0.600039
0.5969140000000001
0.5956640000000001
0.599414
0.605664
0.603164
0.6069140000000001
0.615039
0.615039
0.613789
0.615039
0.6169140000000001
0.6175390000000001
0.615039
0.615664
0.618164
0.6162890000000001
0.614414
0.609414
0.608164
0.604414
0.6019140000000001
0.6006640000000001
0.599414
0.5969140000000001
0.595039
0.593789
0.591914
0.5906640000000001
0.583789
0.581914
0.5800390000000001
0.5756640000000001
0.576289
0.578789
0.577539
0.5800390000000001
0.582539
0.5850390000000001
0.584414
0.582539
0.5856640000000001
0.588164
0.586914
0.5862890000000001
0.5850390000000001
0.5912890000000001
0.595039
0.593125
0.599414
0.598789
0.595039
0.590625
0.590625
0.59
0.59125
0.588125
0.585625
0.584414
0.58125
0.58125
0.576914
0.5756640000000001
0.574375
0.576914
0.576289
0.5800390000000001
0.583789
0.584414
0.582539
0.5800390000000001
0.576914
0.5756640000000001
0.577539
0.579414
0.583164
0.582539
0.589414
0.5906640000000001
0.588164
0.5862890000000001
0.583789
0.5806640000000001
0.578789
0.5756640000000001
0.574414
0.5750390000000001
0.573164
0.568789
0.566289
0.563164
0.5594140000000001
0.556914
0.5544140000000001
0.5537890000000001
0.5500390000000001
0.550664
0.545664
0.5437890000000001
0.543164
0.541914
0.543164
0.546914
0.546289
0.545039
0.545039
0.541289
0.546914
0.545039
0.543164
0.548164
0.542539
0.5394140000000001
0.5381640000000001
0.536914
0.535664
0.535
0.531875
0.5325
0.52875
0.527539
0.5275
0.52375
0.520664
0.51875
0.515039
0.511914
0.51
0.508789
0.5019140000000001
0.504414
0.499375
0.499414
0.501289
0.500039
0.497539
0.49628900000000004
0.49378900000000003
0.49253900000000006
0.49253900000000006
0.48816400000000004
0.49003900000000006
0.48753900000000006
0.49003900000000006
0.49253900000000006
0.49128900000000003
0.494414
0.497539
0.499414
0.500039
0.499414
0.49628900000000004
0.5019140000000001
0.49628900000000004
0.494414
0.499414
0.500664
0.5125390000000001
0.516914
0.524414
0.537539
0.545039
0.541289
0.5387890000000001
0.541914
0.542539
0.540039
0.5437890000000001
0.545039
0.541914
0.540664
0.5381640000000001
0.535664
0.535039
0.540039
0.536289
0.535039
0.536914
0.540039
0.5394140000000001
0.5437890000000001
0.545039
0.541914
0.5394140000000001
0.5375
0.532539
0.5325
0.53
0.53
0.526914
0.521914
0.5187890000000001
0.515625
0.515039
0.516289
0.5175390000000001
0.513125
0.513789
0.51375
0.5225
0.5231640000000001
0.5287890000000001
0.526289
0.530039
0.531914
0.531914
0.535664
0.530664
0.535664
0.535664
0.5331640000000001
0.531289
0.530039
0.5281640000000001
0.5237890000000001
0.521289
0.5181640000000001
0.514414
0.5131640000000001
0.5125390000000001
0.511289
0.516289
0.515664
0.521914
0.526914
0.5287890000000001
0.526914
0.525664
0.524414
0.524414
0.5175390000000001
0.515039
0.514414
0.5125390000000001
0.508789
0.5069140000000001
0.504414
0.5025390000000001
0.500039
0.49816400000000005
0.496914
0.49878900000000004
0.501289
0.504414
0.500039
0.49628900000000004
0.49628900000000004
0.495039
0.49253900000000006
0.49128900000000003
0.488125
0.488125
0.483789
0.473789
0.479375
0.47625
0.47691400000000006
0.47375
0.471289
0.46941400000000005
0.466289
0.46375
0.4625
0.460625
0.46
0.458164
0.45628900000000006
0.455664
0.45191400000000004
0.45128900000000005
0.450039
0.448164
0.44691400000000003
0.44378900000000004
0.44378900000000004
0.437539
0.440039
0.43566400000000005
0.43878900000000004
0.44316400000000006
0.44691400000000003
0.44691400000000003
0.450039
0.453164
0.453164
0.453164
0.447539
0.447539
0.448164
0.44878900000000005
0.44628900000000005
0.447539
0.445039
0.445039
0.44441400000000003
0.445039
0.445039
0.44128900000000004
0.44378900000000004
0.439414
0.43628900000000004
0.43878900000000004
0.43566400000000005
0.43378900000000004
0.431914
0.43128900000000003
0.43128900000000003
0.434414
0.43566400000000005
0.44191400000000003
0.44128900000000004
0.44128900000000004
0.434414
0.436914
0.43628900000000004
0.43566400000000005
0.43378900000000004
0.431914
0.43128900000000003
0.43125
0.43128900000000003
0.428125
0.42753900000000006
0.42503900000000006
0.42375
0.421875
0.42003900000000005
0.420625
0.424375
0.424375
0.429375
0.43375
0.435
0.434375
0.431914
0.435039
0.431914
0.43128900000000003
0.43128900000000003
0.43066400000000005
0.426914
0.42753900000000006
0.423789
0.421914
0.42003900000000005
0.421914
0.421289
0.41816400000000004
0.41566400000000003
0.41441400000000006
0.41253900000000004
0.41003900000000004
0.41066400000000003
0.407539
0.40816399999999997
0.405039
0.406289
0.401289
0.402539
0.40316399999999997
0.40066399999999996
0.40066399999999996
0.399414
0.396914
0.394414
0.393789
0.391914
0.39566399999999996
0.40316399999999997
0.401914
0.407539
0.41191400000000006
0.413789
0.41253900000000004
0.41816400000000004
0.418789
0.41753900000000005
0.41753900000000005
0.41441400000000006
0.41441400000000006
0.41753900000000005
0.41753900000000005
0.41503900000000005
0.41316400000000003
0.41125
0.411289
0.41
0.407539
0.41
0.404414
0.401914
0.403125
0.40125
0.400625
0.398125
0.39625
0.395
0.399414
0.40125
0.396914
0.40125
0.406914
0.416914
0.42066400000000004
0.418789
0.41753900000000005
0.416914
0.41566400000000003
0.416289
0.41503900000000005
0.41503900000000005
0.41066400000000003
0.40816399999999997
0.406914
0.402539
0.40066399999999996
0.39816399999999996
0.396289
0.393164
0.390664
0.388164
0.38253899999999996
0.38253899999999996
0.37441399999999997
0.377539
0.375664
0.373789
0.37191399999999997
0.370664
0.368789
0.366289
0.365039
0.35878899999999997
0.359414
0.35628899999999997
0.355039
0.353164
0.35128899999999996
0.349414
0.347539
0.347539
0.351914
0.355039
0.35378899999999996
0.352539
0.347539
0.352539
0.355039
0.362539
0.36441399999999996
0.370039
0.373125
0.3725
0.371875
0.370625
0.376875
0.38125
0.380625
0.383789
0.384375
0.385625
0.38625
0.38875
0.395
0.393125
0.39375
0.398789
0.39375
0.393789
0.388789
0.384414
0.38253899999999996
0.378164
0.376289
0.37441399999999997
0.37191399999999997
0.370039
0.368164
0.366289
0.36441399999999996
0.360664
0.35878899999999997
0.357539
0.360039
0.35878899999999997
0.36128899999999997
0.362539
0.363164
0.357539
0.351914
0.356914
0.355664
0.35628899999999997
0.352539
0.351914
0.350664
0.350039
0.348164
0.350039
0.345039
0.336914
0.342539
0.34066399999999997
0.340039
0.338789
0.341914
0.346914
0.353164
0.35628899999999997
0.370664
0.38003899999999996
0.380664
0.381289
0.383164
0.381914
0.38253899999999996
0.38253899999999996
0.3875
0.391289
0.389375
0.388164
0.393125
0.398125
0.4
0.4025
0.404375
0.405625
0.401875
0.4
0.39816399999999996
0.39816399999999996
0.398125
0.39625
0.391914
0.393789
0.388164
0.384414
0.384414
0.381914
0.379414
0.37691399999999997
0.37691399999999997
0.375664
0.37441399999999997
0.36941399999999996
0.360039
0.365664
0.363789
0.35878899999999997
0.359414
0.358164
0.357539
0.355039
0.35378899999999996
0.35378899999999996
0.35128899999999996
0.350039
0.347539
0.346914
0.34566399999999997
0.34566399999999997
0.345039
0.344414
0.343789
0.34316399999999997
0.344414
0.34316399999999997
0.341289
0.341289
0.341289
0.340039
0.33816399999999996
0.336289
0.336289
0.341914
0.343789
0.34878899999999996
0.350664
0.343789
0.348164
0.34878899999999996
0.348164
0.347539
0.346289
0.344414
0.344414
0.34375
0.343125
0.3425
0.340625
0.348125
0.338125
0.33875
0.33
0.335625
0.333125
0.33125
0.330664
0.331914
0.33316399999999996
0.331289
0.330664
0.33003899999999997
0.328164
0.329414
0.33003899999999997
0.328164
0.326914
0.326289
0.325664
0.32503899999999997
0.325664
0.326914
0.321289
0.325664
0.32253899999999996
0.32253899999999996
0.321914
0.32003899999999996
0.32003899999999996
0.321289
0.321914
0.321914
0.321914
0.321914
0.32253899999999996
0.325664
0.324414
0.32503899999999997
0.326289
0.326289
0.32503899999999997
0.323164
0.323789
0.321289
0.32503899999999997
0.321289
0.316914
0.323164
0.320664
0.321289
0.326914
0.331289
0.33566399999999996
0.337539
0.334414
0.326289
0.333789
0.333789
0.33316399999999996
0.334414
0.334414
0.33316399999999996
0.3325
0.33125
0.33125
0.33125
0.330625
0.3275
0.325664
0.325664
0.324375
0.324414
0.3275
0.33125
0.333789
0.3375
0.346914
0.345039
0.347539
0.346289
0.34566399999999997
0.34566399999999997
0.346914
0.34566399999999997
0.344414
0.344414
0.34316399999999997
0.343789
0.339414
0.342539
0.33816399999999996
0.339414
0.34566399999999997
0.352539
0.353164
0.360664
0.370664
0.37691399999999997
0.376289
0.373164
0.373789
0.375039
0.375039
0.370664
0.375039
0.373789
0.37191399999999997
0.370039
0.368164
0.373789
0.37441399999999997
0.37691399999999997
0.38253899999999996
0.385664
0.381289
0.380664
0.383789
0.386289
0.386914
0.38753899999999997
0.39253899999999997
0.391914
0.393789
0.398789
0.39816399999999996
0.395039
0.393789
0.39253899999999997
0.391875
0.39
0.39003899999999997
0.389414
0.388125
0.383164
0.38
0.389375
0.38503899999999996
0.38875
0.390625
0.39
0.38625
0.385664
0.384414
0.384414
0.38003899999999996
0.385664
0.375664
0.373789
0.371289
0.368164
0.365664
0.363164
0.361914
0.360664
0.360039
0.35628899999999997
0.355039
0.352539
0.34878899999999996
0.347539
0.346914
0.34566399999999997
0.343789
0.341914
0.34066399999999997
0.33816399999999996
0.336914
0.336289
0.331289
0.335039
0.330664
0.33003899999999997
0.33003899999999997
0.328789
0.326914
0.328164
0.330664
0.331914
0.33566399999999996
0.337539
0.341289
0.338789
0.342539
0.350039
0.352539
0.351914
0.349414
0.350664
0.35878899999999997
0.357539
0.35878899999999997
0.356914
0.356914
0.35628899999999997
0.355039
0.354414
0.354375
0.3525
0.350625
0.3525
0.3475
0.344375
0.343125
0.34125
0.340625
0.337539
0.33566399999999996
0.335625
0.335039
0.334414
0.335625
0.33566399999999996
0.334414
0.335
0.33316399999999996
0.336289
0.335039
0.332539
0.331914
0.33003899999999997
0.329414
0.33003899999999997
0.33316399999999996
0.325664
0.330664
0.331289
0.330664
0.331289
0.330664
0.329414
0.33003899999999997
0.330664
0.32753899999999997
0.329414
0.32503899999999997
0.326914
0.325664
0.324414
0.32503899999999997
0.32503899999999997
0.324414
0.321914
0.320664
0.320664
0.319414
0.316289
0.318164
0.313789
0.316914
0.315664
0.320664
0.324414
0.328789
0.328164
0.328164
0.328164
0.326914
0.326289
0.323164
0.321289
0.3225
0.32253899999999996
0.3225
0.320664
0.32003899999999996
0.320664
0.32
0.319375
0.315664
0.31625
0.315625
0.313164
0.30875
0.309375
0.309375
0.308789
0.30875
0.308125
0.30941399999999997
0.306289
0.30441399999999996
0.305664
0.303789
0.303789
0.303164
0.30191399999999996
0.302539
0.301289
0.300039
0.30191399999999996
0.29878899999999997
0.303164
0.297539
0.297539
0.303789
0.298164
0.298164
0.299414
0.29878899999999997
0.296914
0.29878899999999997
0.296914
0.299414
0.297539
0.295664
0.30441399999999996
0.303789
0.308164
0.30691399999999996
0.313164
0.318789
0.319414
0.320664
0.32003899999999996
0.319414
0.31753899999999996
0.32253899999999996
0.325664
0.329414
0.330664
0.328164
0.328164
0.328164
0.328164
0.328164
0.325664
0.323164
0.32375
0.32375
0.3225
0.32
0.32
0.318789
0.318164
0.31875
0.315
0.30941399999999997
0.31125
0.307539
0.308125
0.306289
0.30625
0.305
0.303789
0.30125
0.303164
0.299414
0.297539
0.297539
0.29878899999999997
0.293164
0.29378899999999997
0.291914
0.291914
0.290664
0.289414
0.289414
0.288164
0.289414
0.286914
0.289414
0.297539
0.297539
0.303789
0.30941399999999997
0.308789
0.311289
0.31191399999999997
0.313164
0.308789
0.315039
0.310039
0.30941399999999997
0.311289
0.31191399999999997
0.310664
0.308789
0.30941399999999997
0.316914
0.32253899999999996
0.323789
0.333789
0.33316399999999996
0.34316399999999997
0.341914
0.346289
0.346289
0.350039
0.35378899999999996
0.354414
0.355039
0.355039
0.360039
0.354414
0.351914
0.3525
0.343789
0.340625
0.337539
0.336914
0.33566399999999996
0.33625
0.333789
0.333125
0.33
0.325625
0.32375
0.32375
0.3225
0.321875
0.3225
0.3225
0.321914
0.32003899999999996
0.319414
0.316289
0.313164
0.31191399999999997
0.30941399999999997
0.307539
0.305664
0.303789
0.301289
0.300039
0.299414
0.29628899999999997
0.293164
0.291914
0.287539
0.289414
0.288164
0.286914
0.28628899999999996
0.283789
0.281289
0.281914
0.280039
0.275039
0.27816399999999997
0.279414
0.277539
0.27816399999999997
0.276289
0.276289
0.276289
0.276289
0.276289
0.274414
0.266914
0.27566399999999996
0.284414
0.291914
0.290039
0.290664
0.289414
0.28878899999999996
0.288164
0.287539
0.288164
0.286914
0.283789
0.283789
0.282539
0.281289
0.281289
0.280039
0.28
0.279414
0.278125
0.278125
0.274375
0.2775
0.276875
0.276289
0.272539
0.271875
0.27316399999999996
0.271289
0.27066399999999996
0.27066399999999996
0.271289
0.268164
0.26503899999999997
0.266289
0.263789
0.263789
0.263164
0.263164
0.261914
0.261914
0.261289
0.263164
0.261914
0.26003899999999996
0.268164
0.268789
0.271914
0.27816399999999997
0.278789
0.27816399999999997
0.276289
0.27566399999999996
0.277539
0.27816399999999997
0.278789
0.276914
0.276914
0.276914
0.276289
0.274414
0.273789
0.273789
0.273789
0.275039
0.273789
0.268789
0.275039
0.276289
0.281914
0.285039
0.285039
0.284414
0.283789
0.28316399999999997
0.284414
0.285039
0.279414
0.27816399999999997
0.279414
0.27566399999999996
0.275039
0.274375
0.275625
0.275
0.274375
0.27375
0.2725
0.269375
0.26875
0.266875
0.26503899999999997
0.261875
0.265625
0.266289
0.265664
0.264375
0.263164
0.263789
0.261914
0.26003899999999996
0.259414
0.25753899999999996
0.258164
0.256914
0.25753899999999996
0.255664
0.25503899999999996
0.25503899999999996
0.253789
0.253164
0.25503899999999996
0.255664
0.260664
0.260664
0.263789
0.268164
0.268789
0.26753899999999997
0.26753899999999997
0.268789
0.270039
0.269414
0.271914
0.269414
0.274414
0.284414
0.287539
0.288164
0.29878899999999997
0.307539
0.31191399999999997
0.313164
0.30941399999999997
0.318789
0.313789
0.315664
0.31441399999999997
0.316289
0.31441399999999997
0.31191399999999997
0.310039
0.308164
0.308164
0.303789
0.303789
0.30191399999999996
0.30191399999999996
0.2975
0.29625
0.294375
0.294375
0.2925
0.29128899999999996
0.288125
0.28625
0.285039
0.280625
0.279375
0.275625
0.276289
0.27566399999999996
0.274414
0.274414
0.271289
0.27066399999999996
0.270039
0.266914
0.26753899999999997
0.26753899999999997
0.266289
0.261914
0.260664
0.259414
0.258164
0.258164
0.25753899999999996
0.258164
0.25503899999999996
0.256914
0.253789
0.25191399999999997
0.246914
0.251289
0.250039
0.249414
0.248164
0.249414
0.24878899999999998
0.246914
0.244414
0.246914
0.248164
0.241914
0.24503899999999998
0.244414
0.24378899999999998
0.243164
0.241914
0.241914
0.24128899999999998
0.249414
0.250039
0.253789
0.256914
0.25753899999999996
0.256914
0.256914
0.258789
0.258789
0.25753899999999996
0.256914
0.250039
0.255625
0.2525
0.251875
0.252539
0.255625
0.2625
0.263125
0.268125
0.273125
0.275625
0.270625
0.27125
0.27066399999999996
0.2725
0.271289
0.273789
0.274414
0.27316399999999996
0.272539
0.272539
0.271914
0.268789
0.271289
0.265664
0.26503899999999997
0.271289
0.26503899999999997
0.26753899999999997
0.266289
0.26753899999999997
0.268789
0.270039
0.268164
0.26503899999999997
0.265664
0.26503899999999997
0.266289
0.266289
0.264414
0.26253899999999997
0.261289
0.260664
0.259414
0.26003899999999996
0.261914
0.256914
0.260664
0.255664
0.253789
0.252539
0.253164
0.252539
0.252539
0.253164
0.255664
0.258164
0.261914
0.263164
0.264414
0.264414
0.26253899999999997
0.261289
0.26003899999999996
0.259414
0.256914
0.259414
0.256914
0.25125
0.250625
0.25125
0.25
0.2525
0.253789
0.251289
0.250625
0.248125
0.250039
0.245625
0.24625
0.243125
0.241914
0.24
0.245664
0.250625
0.249375
0.251289
0.251289
0.253164
0.255664
0.261914
0.264414
0.265664
0.26253899999999997
0.264414
0.265664
0.266914
0.26753899999999997
0.268164
0.266914
0.266914
0.261914
0.26253899999999997
0.26253899999999997
0.261289
0.259414
0.256289
0.254414
0.252539
0.252539
0.252539
0.253164
0.250039
0.25191399999999997
0.24878899999999998
0.249414
0.24628899999999998
0.24628899999999998
0.24503899999999998
0.246914
0.252539
0.25503899999999996
0.256289
0.261914
0.270039
0.270039
0.266914
0.268164
0.273789
0.273789
0.27316399999999996
0.27316399999999996
0.273789
0.274414
0.273789
0.273789
0.27066399999999996
0.270625
0.271875
0.27125
0.269414
0.269375
0.268125
0.266875
0.266914
0.273125
0.271875
0.27375
0.271914
0.27875
0.285625
0.29128899999999996
0.29128899999999996
0.290664
0.290039
0.29128899999999996
0.292539
0.292539
0.301289
0.303789
0.310039
0.31441399999999997
0.318164
0.316289
0.315039
0.31441399999999997
0.313789
0.313164
0.307539
0.313789
0.303789
0.303164
0.30441399999999996
0.308789
0.31191399999999997
0.31441399999999997
0.32003899999999996
0.32253899999999996
0.323789
0.320664
0.323164
0.32253899999999996
0.315664
0.320664
0.313164
0.311289
0.308164
0.306289
0.30441399999999996
0.308164
0.310664
0.312539
0.308789
0.308164
0.30691399999999996
0.306289
0.305039
0.303789
0.30691399999999996
0.313164
0.314375
0.32125
0.3275
0.330625
0.329414
0.33316399999999996
0.335039
0.338125
0.34066399999999997
0.340625
0.33875
0.336289
0.338789
0.338789
0.333789
0.335
0.336875
0.335
0.332539
0.331914
0.33003899999999997
0.329414
0.32753899999999997
0.328789
0.326289
0.328789
0.326289
0.325664
0.32503899999999997
0.325664
0.324414
0.321289
0.321289
0.319414
0.318164
0.316289
0.316914
0.315039
0.313164
0.31191399999999997
0.30941399999999997
0.308789
0.308789
0.307539
0.307539
0.306289
0.308164
0.303164
0.30691399999999996
0.301289
0.305664
0.30191399999999996
0.30191399999999996
0.30191399999999996
0.301289
0.303164
0.308164
0.315039
0.319414
0.318789
0.320664
0.319414
0.32003899999999996
0.320664
0.321289
0.32003899999999996
0.320664
0.32
0.321289
0.31753899999999996
0.311289
0.315664
0.3175
0.31375
0.31753899999999996
0.31753899999999996
0.315664
0.315
0.314375
0.313789
0.31125
0.310625
0.31
0.31
0.311875
0.310039
0.310039
0.310664
0.310039
0.310039
0.310664
0.310039
0.307539
0.308164
0.30441399999999996
0.307539
0.30691399999999996
0.30691399999999996
0.307539
0.307539
0.30691399999999996
0.30691399999999996
0.308789
0.30441399999999996
0.303789
0.306289
0.303789
0.306289
0.306289
0.30691399999999996
0.306289
0.306289
0.30691399999999996
0.30941399999999997
0.307539
0.305664
0.30691399999999996
0.308789
0.305039
0.306289
0.30691399999999996
0.306289
0.310664
0.313789
0.319414
0.319414
0.320664
0.319414
0.320664
0.315039
0.31753899999999996
0.318789
0.319414
0.318789
0.318164
0.31753899999999996
0.31753899999999996
0.319414
0.315664
0.314375
0.316289
0.316289
0.315
0.315
0.315
0.313125
0.31125
0.311875
0.310664
0.310664
0.31
0.31
0.308125
0.308164
0.30691399999999996
0.306289
0.30691399999999996
0.305664
0.306289
0.303789
0.298164
0.302539
0.302539
0.29628899999999997
0.301289
0.300664
0.300039
0.300039
0.298164
0.300039
0.29628899999999997
0.294414
0.295039
0.295664
0.292539
0.292539
0.29128899999999996
0.290664
0.29128899999999996
0.290664
0.29128899999999996
0.290039
0.291914
0.288164
0.284414
0.284414
0.284414
0.28316399999999997
0.283789
0.289414
0.293164
0.295039
0.29628899999999997
0.29128899999999996
0.295039
0.293164
0.293164
0.293164
0.29128899999999996
0.290039
0.289414
0.287539
0.28628899999999996
0.285664
0.283125
0.286914
0.283789
0.2825
0.281875
0.28375
0.28125
0.279375
0.278125
0.27625
0.27625
0.271875
0.264375
0.270625
0.270625
0.276914
0.268789
0.268164
0.268164
0.266914
0.263789
0.263789
0.261289
0.259414
0.258164
0.25753899999999996
0.256914
0.253789
0.252539
0.25191399999999997
0.25191399999999997
0.249414
0.248164
0.24753899999999998
0.24628899999999998
0.24503899999999998
0.24003899999999997
0.241914
0.24003899999999997
0.23878899999999997
0.238164
0.237539
0.23691399999999999
0.23566399999999998
0.236289
0.232539
0.23441399999999998
0.230039
0.22566399999999998
0.227539
0.22566399999999998
0.226289
0.230039
0.233789
0.23691399999999999
0.238164
0.23441399999999998
0.23066399999999998
0.228789
0.230039
0.22816399999999998
0.230039
0.22816399999999998
0.226289
0.22441399999999997
0.22316399999999997
0.22316399999999997
0.22
0.22
0.216875
0.218164
0.215625
0.21375
0.21375
0.209375
0.208125
0.20375
0.2025
0.201875
0.20128900000000002
0.198125
0.20128900000000002
0.19628900000000002
0.195664
0.194414
0.19378900000000002
0.19253900000000002
0.190664
0.189414
0.188789
0.186914
0.187539
0.186289
0.185039
0.18316400000000002
0.17941400000000002
0.178789
0.177539
0.176289
0.175039
0.174414
0.170664
0.17003900000000002
0.169414
0.168164
0.163164
0.16628900000000002
0.16628900000000002
0.16503900000000002
0.16628900000000002
0.16378900000000002
0.16628900000000002
