0.101914
0.102539
0.101914
0.100039
0.100664
0.101289
0.098164
0.101914
0.098164
0.097539
0.097539
0.096914
0.098164
0.098789
0.099414
0.101914
0.100039
0.100039
0.099414
0.100039
0.099414
0.098164
0.098164
0.098125
0.097539
0.0975
0.099375
0.098125
0.101875
0.09875
0.1
0.105
0.1075
0.11125
0.11125
0.11
0.11
0.113125
0.11003900000000001
0.10691400000000001
0.11191400000000001
0.11316400000000001
0.118789
0.11191400000000001
0.11128900000000001
0.11066400000000001
0.11066400000000001
0.10941400000000001
0.11066400000000001
0.10816400000000001
0.10878900000000001
0.10691400000000001
0.10628900000000001
0.10691400000000001
0.10566400000000001
0.10566400000000001
0.10566400000000001
0.103789
0.103789
0.103789
0.103164
0.097539
0.100664
0.102539
0.101914
0.103164
0.103164
0.103164
0.103164
0.103164
0.102539
0.103164
0.098789
0.104414
0.099414
0.100039
0.096914
0.098789
0.098789
0.098789
0.099414
0.099414
0.100664
0.097539
0.100039
0.096914
0.096914
0.101914
0.096914
0.096875
0.096914
0.095625
0.095
0.0975
0.095625
0.0975
0.09625
0.099375
0.099375
0.106875
0.108125
0.1075
0.108125
0.10875
0.11
0.11
0.10753900000000001
0.11066400000000001
0.10941400000000001
0.10816400000000001
0.10691400000000001
0.10628900000000001
0.10691400000000001
0.10691400000000001
0.10566400000000001
0.10503900000000001
0.10566400000000001
0.101289
0.100039
0.101914
0.101289
0.103164
0.102539
0.101914
0.101289
0.102539
0.101914
0.101914
0.098789
0.10628900000000001
0.098164
0.100664
0.096289
0.101914
0.101289
0.102539
0.100039
0.099414
0.101289
0.099414
0.098789
0.099414
0.096289
0.095664
0.098164
0.098789
0.098164
0.098789
0.098164
0.096914
0.097539
0.098164
0.095039
0.098164
0.095039
0.095664
0.094414
0.095039
0.095
0.094414
0.095625
0.09625
0.095625
0.094375
0.09875
0.10375
0.10628900000000001
0.1075
0.10628900000000001
0.10628900000000001
0.10753900000000001
0.10875
0.11066400000000001
0.10816400000000001
0.10691400000000001
0.10628900000000001
0.10691400000000001
0.10566400000000001
0.10566400000000001
0.10566400000000001
0.10503900000000001
0.103789
0.103164
0.10566400000000001
0.102539
0.101914
0.101914
0.103789
0.102539
0.103164
0.101289
0.100664
0.101289
0.100664
0.100039
0.098164
0.098789
0.096914
0.097539
0.100039
0.098789
0.098789
0.099414
0.098789
0.096914
0.096289
0.096914
0.090664
0.094414
0.095039
0.092539
0.095664
0.095664
0.095039
0.095039
0.093164
0.093164
0.095039
0.091289
0.091289
0.093164
0.092539
0.091289
0.093164
0.091875
0.0925
0.091875
0.095
0.095625
0.093125
0.096914
0.09875
0.104375
0.11066400000000001
0.10875
0.10753900000000001
0.10691400000000001
0.10878900000000001
0.11066400000000001
0.11
0.109375
0.110625
0.10878900000000001
0.10691400000000001
0.10753900000000001
0.10878900000000001
0.10816400000000001
0.10753900000000001
0.10753900000000001
0.10816400000000001
0.10753900000000001
0.10816400000000001
0.10753900000000001
0.10628900000000001
0.10691400000000001
0.10691400000000001
0.104414
0.10566400000000001
0.104414
0.10503900000000001
0.10503900000000001
0.103789
0.10503900000000001
0.101289
0.098789
0.101914
0.101289
0.10503900000000001
0.103789
0.10503900000000001
0.104414
0.103164
0.101289
0.102539
0.100039
0.10503900000000001
0.098164
0.099414
0.095039
0.098164
0.098164
0.097539
0.097539
0.096914
0.098789
0.094414
0.097539
0.095039
0.093164
0.094414
0.095
0.095
0.094375
0.09375
0.09375
0.095625
0.095625
0.100039
0.101875
0.108125
0.10941400000000001
0.109375
0.10753900000000001
0.108125
0.11
0.111875
0.110625
0.110625
0.11003900000000001
0.109375
0.10691400000000001
0.10753900000000001
0.10753900000000001
0.10628900000000001
0.10628900000000001
0.10503900000000001
0.10503900000000001
0.104414
0.10566400000000001
0.103789
0.100039
0.103789
0.101289
0.10691400000000001
0.101914
0.101914
0.101289
0.100664
0.098164
0.100664
0.098164
0.096914
0.098164
0.100664
0.103789
0.099414
0.100664
0.098789
0.099414
0.098164
0.098789
0.098164
0.099414
0.098164
0.098164
0.099414
0.097539
0.097539
0.098164
0.096289
0.096914
0.096289
0.097539
0.092539
0.098125
0.093164
0.09375
0.098125
0.097539
0.09625
0.09625
0.097539
0.096875
0.09875
0.1
0.103125
0.111875
0.11125
0.110625
0.11125
0.111875
0.111875
0.1125
0.113125
0.11378900000000002
0.11003900000000001
0.116289
0.11378900000000002
0.11316400000000001
0.10628900000000001
0.10816400000000001
0.10816400000000001
0.10691400000000001
0.10753900000000001
0.10628900000000001
0.10691400000000001
0.10566400000000001
0.104414
0.104414
0.103789
0.104414
0.10566400000000001
0.10628900000000001
0.10691400000000001
0.10691400000000001
0.10628900000000001
0.10628900000000001
0.10753900000000001
0.11003900000000001
0.10941400000000001
0.10816400000000001
0.11003900000000001
0.10878900000000001
0.11003900000000001
0.11003900000000001
0.10816400000000001
0.10753900000000001
0.10691400000000001
0.10816400000000001
0.10691400000000001
0.10503900000000001
0.10503900000000001
0.101289
0.10628900000000001
0.104414
0.10566400000000001
0.10503900000000001
0.103164
0.102539
0.10503900000000001
0.102539
0.098789
0.102539
0.104375
0.0975
0.101289
0.10125
0.101875
0.101875
0.1025
0.10375
0.108125
0.1075
0.11503900000000002
0.116914
0.114375
0.116875
0.118125
0.118125
0.11875
0.11875
0.118164
0.118164
0.118164
0.11503900000000002
0.116289
0.11503900000000002
0.11441400000000002
0.11566400000000002
0.11316400000000001
0.11191400000000001
0.11191400000000001
0.11253900000000001
0.11316400000000001
0.11128900000000001
0.11378900000000002
0.11441400000000002
0.11503900000000002
0.11128900000000001
0.11191400000000001
0.11128900000000001
0.11066400000000001
0.10878900000000001
0.10878900000000001
0.11066400000000001
0.10878900000000001
0.10566400000000001
0.10878900000000001
0.10691400000000001
0.10691400000000001
0.11003900000000001
0.10878900000000001
0.10691400000000001
0.10691400000000001
0.10566400000000001
0.10816400000000001
0.10566400000000001
0.098789
0.104414
0.10628900000000001
0.10941400000000001
0.10816400000000001
0.10753900000000001
0.11066400000000001
0.11316400000000001
0.11441400000000002
0.11503900000000002
0.11316400000000001
0.11503900000000002
0.11375
0.11503900000000002
0.115625
0.11566400000000002
0.115625
0.114375
0.11375
0.11441400000000002
0.116289
0.120625
0.11875
0.128164
0.12625
0.125
0.125
0.125
0.1275
0.1275
0.12625
0.125664
0.126289
0.12191400000000001
0.12316400000000001
0.125039
0.12441400000000001
0.12191400000000001
0.12066400000000001
0.12066400000000001
0.12128900000000001
0.120039
0.12128900000000001
0.12066400000000001
0.117539
0.118164
0.116914
0.11566400000000002
0.11441400000000002
0.11566400000000002
0.116914
0.11503900000000002
0.11378900000000002
0.11316400000000001
0.11503900000000002
0.11316400000000001
0.11253900000000001
0.11253900000000001
0.11316400000000001
0.11378900000000002
0.11503900000000002
0.11378900000000002
0.11253900000000001
0.11191400000000001
0.11191400000000001
0.11066400000000001
0.11003900000000001
0.11191400000000001
0.10878900000000001
0.11003900000000001
0.11066400000000001
0.10753900000000001
0.10878900000000001
0.10878900000000001
0.10878900000000001
0.10941400000000001
0.10816400000000001
0.11003900000000001
0.10816400000000001
0.10941400000000001
0.10753900000000001
0.11066400000000001
0.10875
0.10753900000000001
0.106875
0.10875
0.10753900000000001
0.11375
0.11875
0.121875
0.121875
0.1225
0.1275
0.13253900000000002
0.134414
0.139375
0.143789
0.145625
0.145
0.14691400000000002
0.14566400000000002
0.147539
0.14816400000000002
0.14441400000000001
0.141914
0.143789
0.143164
0.141914
0.140664
0.140039
0.138164
0.138164
0.139414
0.13503900000000002
0.136914
0.13378900000000002
0.13503900000000002
0.13503900000000002
0.13503900000000002
0.133164
0.131914
0.131914
0.13253900000000002
0.13003900000000002
0.133164
0.134414
0.134414
0.13253900000000002
0.130664
0.12878900000000001
0.127539
0.127539
0.127539
0.128164
0.126289
0.129414
0.125664
0.125664
0.125664
0.126289
0.125664
0.125039
0.12441400000000001
0.12441400000000001
0.125664
0.12316400000000001
0.12441400000000001
0.12378900000000001
0.123125
0.12875
0.126875
0.131875
0.13375
0.14
0.13875
0.146875
0.15066400000000002
0.15125
0.14875
0.15
0.15125
0.155625
0.155664
0.155625
0.155039
0.15441400000000002
0.15441400000000002
0.15441400000000002
0.147539
0.152539
0.151289
0.151289
0.14941400000000002
0.14816400000000002
0.14691400000000002
0.14691400000000002
0.14566400000000002
0.14441400000000001
0.146289
0.141289
0.143789
0.143164
0.14441400000000001
0.139414
0.143164
0.143789
0.143789
0.14441400000000001
0.14441400000000001
0.145039
0.142539
0.14816400000000002
0.143789
0.143164
0.140039
0.143164
0.143164
0.141289
0.140039
0.140039
0.140664
0.140664
0.141289
0.141914
0.141914
0.143164
0.145039
0.145039
0.15191400000000002
0.153789
0.156914
0.161914
0.16628900000000002
0.16753900000000002
0.16378900000000002
0.16503900000000002
0.166914
0.16628900000000002
0.16503900000000002
0.165625
0.17
0.17375
0.18
0.1825
0.181289
0.180625
0.179375
0.18
0.180039
0.178125
0.17816400000000002
0.177539
0.17691400000000002
0.174414
0.176289
0.176289
0.176289
0.183789
0.181289
0.182539
0.193164
0.202539
0.208164
0.20878899999999997
0.206914
0.20878899999999997
0.208164
0.21503899999999998
0.21628899999999998
0.214414
0.21503899999999998
0.215664
0.218164
0.22003899999999998
0.22441399999999997
0.223789
0.22566399999999998
0.240664
0.25503899999999996
0.256914
0.27316399999999996
0.284414
0.286914
0.283789
0.285039
0.285039
0.282539
0.282539
0.281289
0.276914
0.27816399999999997
0.281914
0.279414
0.27816399999999997
0.276289
0.276289
0.276289
0.28066399999999997
0.281289
0.290039
0.295664
0.296875
0.295
0.294375
0.2925
0.2925
0.29375
0.29878899999999997
0.299375
0.3
0.301875
0.303164
0.304375
0.308125
0.30941399999999997
0.310039
0.31191399999999997
0.31
0.310039
0.311289
0.308789
0.308164
0.30441399999999996
0.303164
0.300039
0.29878899999999997
0.295664
0.295039
0.292539
0.29128899999999996
0.28878899999999996
0.289414
0.293164
0.305664
0.308164
0.319414
0.330664
0.347539
0.350664
0.352539
0.357539
0.356914
0.358164
0.356914
0.359414
0.363164
0.371289
0.37441399999999997
0.384414
0.389414
0.39003899999999997
0.388164
0.386914
0.39003899999999997
0.39253899999999997
0.39253899999999997
0.388164
0.393789
0.383789
0.381914
0.376289
0.378789
0.37691399999999997
0.373789
0.371289
0.36941399999999996
0.368789
0.366289
0.365664
0.36375
0.3625
0.36
0.360625
0.36
0.36441399999999996
0.368125
0.370625
0.370664
0.37
0.370039
0.365625
0.365625
0.363789
0.365664
0.366875
0.365664
0.365664
0.365039
0.365664
0.366289
0.365039
0.365039
0.35878899999999997
0.362539
0.365664
0.36441399999999996
0.363789
0.363789
0.361914
0.361914
0.363789
0.361914
0.360664
0.362539
0.365039
0.36691399999999996
0.363164
0.362539
0.362539
0.363789
0.365039
0.368164
0.370664
0.380664
0.384414
0.388789
0.397539
0.399414
0.40066399999999996
0.40066399999999996
0.40316399999999997
0.404414
0.40816399999999997
0.411289
0.41316400000000003
0.41566400000000003
0.416914
0.42253900000000005
0.424414
0.42753900000000006
0.429414
0.43003900000000006
0.42878900000000003
0.429414
0.43128900000000003
0.4275
0.434375
0.44378900000000004
0.446875
0.455039
0.46003900000000003
0.46128900000000006
0.461875
0.4625
0.463789
0.466289
0.46375
0.468125
0.46941400000000005
0.469375
0.47375
0.47625
0.479414
0.48878900000000003
0.491914
0.495039
0.499414
0.499414
0.49566400000000005
0.5025390000000001
0.501289
0.500664
0.5031640000000001
0.505664
0.5069140000000001
0.5069140000000001
0.5069140000000001
0.505664
0.504414
0.504414
0.503789
0.5031640000000001
0.5031640000000001
0.5025390000000001
0.5031640000000001
0.5019140000000001
0.500664
0.5019140000000001
0.5025390000000001
0.5069140000000001
0.510664
0.513789
0.5131640000000001
0.520664
0.521914
0.5225390000000001
0.521914
0.5187890000000001
0.520039
0.520039
0.521289
0.516289
0.515039
0.515664
0.5131640000000001
0.519414
0.516914
0.519414
0.519414
0.5181640000000001
0.515664
0.5175390000000001
0.515039
0.509375
0.511875
0.510625
0.5081640000000001
0.516914
0.520625
0.5181640000000001
0.52125
0.525039
0.527539
0.52625
0.525
0.5225390000000001
0.5231640000000001
0.524414
0.521914
0.521289
0.520664
0.519414
0.519414
0.5187890000000001
0.520664
0.5225390000000001
0.5187890000000001
0.521289
0.524414
0.529414
0.530039
0.530039
0.535664
0.5381640000000001
0.537539
0.5394140000000001
0.5394140000000001
0.5387890000000001
0.5387890000000001
0.543164
0.5437890000000001
0.5437890000000001
0.547539
0.546289
0.550664
0.550664
0.556914
0.560664
0.558164
0.5600390000000001
0.558164
0.5594140000000001
0.5594140000000001
0.563789
0.568789
0.567539
0.571289
0.576914
0.571914
0.5656640000000001
0.568164
0.567539
0.563789
0.568164
0.576914
0.581914
0.583789
0.594375
0.6012890000000001
0.600039
0.600039
0.5975
0.5956640000000001
0.593125
0.595039
0.595039
0.594375
0.5912890000000001
0.590625
0.589375
0.59
0.583125
0.581875
0.5775
0.5756640000000001
0.576914
0.583789
0.586914
0.589414
0.598789
0.605664
0.605039
0.600039
0.6019140000000001
0.597539
0.5962890000000001
0.592539
0.589414
0.591914
0.595039
0.593164
0.5962890000000001
0.599414
0.5969140000000001
0.6012890000000001
0.6069140000000001
0.610664
0.610664
0.607539
0.610039
0.615039
0.613789
0.6112890000000001
0.6125390000000001
0.6125390000000001
0.6119140000000001
0.609414
0.608164
0.605039
0.602539
0.598789
0.597539
0.594414
0.592539
0.5912890000000001
0.588789
0.5850390000000001
0.583789
0.576289
0.577539
0.573164
0.571914
0.568164
0.566289
0.5650390000000001
0.5644140000000001
0.5644140000000001
0.561914
0.5644140000000001
0.5600390000000001
0.562539
0.565625
0.5675
0.56625
0.564375
0.5625
0.5625
0.561875
0.560625
0.565
0.565625
0.568164
0.571914
0.579414
0.593789
0.600039
0.598789
0.597539
0.6012890000000001
0.605664
0.610664
0.6069140000000001
0.6062890000000001
0.604414
0.6062890000000001
0.615664
0.618789
0.618164
0.6269140000000001
0.635039
0.636914
0.635664
0.630664
0.6331640000000001
0.6319140000000001
0.635664
0.6331640000000001
0.633789
0.635039
0.6331640000000001
0.631289
0.6319140000000001
0.630664
0.629414
0.625039
0.6225390000000001
0.6169140000000001
0.615039
0.618164
0.628789
0.6375390000000001
0.6381640000000001
0.6531640000000001
0.666914
0.675664
0.671914
0.671289
0.672539
0.671914
0.672539
0.672539
0.675664
0.676289
0.676289
0.675664
0.6800390000000001
0.678125
0.679375
0.683125
0.685
0.68
0.676875
0.675
0.672539
0.669375
0.665625
0.66375
0.660664
0.656914
0.655664
0.650664
0.646914
0.644414
0.641289
0.639414
0.636289
0.634414
0.629414
0.636914
0.635039
0.640039
0.645664
0.649414
0.6487890000000001
0.646289
0.645664
0.6437890000000001
0.6425390000000001
0.6375390000000001
0.640039
0.636289
0.6331640000000001
0.625664
0.630039
0.628789
0.6269140000000001
0.626289
0.630664
0.6381640000000001
0.636289
0.6375390000000001
0.646914
0.650664
0.649414
0.6537890000000001
0.6581640000000001
0.656914
0.656914
0.6587890000000001
0.6581640000000001
0.656289
0.655039
0.655664
0.6587890000000001
0.661289
0.660664
0.660664
0.660664
0.6637890000000001
0.6631640000000001
0.6675
0.67
0.670625
0.666289
0.6794140000000001
0.688125
0.6875
0.69375
0.699375
0.705625
0.704375
0.70125
0.7006640000000001
0.696289
0.698125
0.697539
0.696914
0.6956640000000001
0.693789
0.692539
0.691289
0.688164
0.6850390000000001
0.6850390000000001
0.6794140000000001
0.683164
0.6750390000000001
0.6744140000000001
0.676914
0.667539
0.665039
0.666914
0.671289
0.671289
0.676914
0.6800390000000001
0.681914
0.6800390000000001
0.676289
0.676289
0.681289
0.683789
0.680664
0.683789
0.6844140000000001
0.683789
0.681914
0.681289
0.675664
0.675664
0.670664
0.673164
0.678164
0.681914
0.682539
0.685664
0.688789
0.691914
0.687539
0.6844140000000001
0.6850390000000001
0.683164
0.6800390000000001
0.6787890000000001
0.676914
0.675664
0.672539
0.67125
0.671289
0.6687890000000001
0.673125
0.675664
0.6800390000000001
0.68125
0.69125
0.69625
0.69625
0.6975
0.700625
0.700625
0.696914
0.686289
0.6906640000000001
0.6900390000000001
0.6944140000000001
0.688789
0.688789
0.6906640000000001
0.693789
0.691914
0.692539
0.693164
0.6894140000000001
0.6894140000000001
0.6894140000000001
0.688164
0.6844140000000001
0.6844140000000001
0.686289
0.6850390000000001
0.687539
0.6894140000000001
0.6894140000000001
0.683789
0.6956640000000001
0.7006640000000001
0.703789
0.703164
0.7056640000000001
0.7050390000000001
0.7062890000000001
0.7056640000000001
0.703789
0.703789
0.6950390000000001
0.6944140000000001
0.688789
0.687539
0.683164
0.6800390000000001
0.676914
0.676289
0.6750390000000001
0.6744140000000001
0.6737890000000001
0.670039
0.675664
0.665664
0.662539
0.6637890000000001
0.661914
0.660039
0.6587890000000001
0.655039
0.6531640000000001
0.651914
0.6475
0.6525
0.6525
0.654375
0.653125
0.650625
0.6531640000000001
0.6575
0.655039
0.657539
0.66
0.6587890000000001
0.658125
0.655664
0.656289
0.6531640000000001
0.652539
0.651289
0.650039
0.6475390000000001
0.645039
0.644414
0.650039
0.646914
0.651289
0.6581640000000001
0.656914
0.655664
0.655039
0.6537890000000001
0.6531640000000001
0.650664
0.6481640000000001
0.6481640000000001
0.6437890000000001
0.6437890000000001
0.6375390000000001
0.635664
0.636289
0.6281640000000001
0.626289
0.625039
0.623789
0.6225390000000001
0.623164
0.6175390000000001
0.6169140000000001
0.613164
0.608789
0.604414
0.605039
0.604414
0.6012890000000001
0.600039
0.597539
0.595039
0.593789
0.593164
0.5969140000000001
0.600039
0.6006640000000001
0.609414
0.610039
0.608789
0.6069140000000001
0.604375
0.603789
0.603125
0.609375
0.6069140000000001
0.60625
0.6075
0.6062890000000001
0.603789
0.601875
0.597539
0.5956640000000001
0.5969140000000001
0.59875
0.595625
0.5962890000000001
0.5956640000000001
0.5969140000000001
0.5912890000000001
0.593164
0.5956640000000001
0.595039
0.593789
0.594414
0.595039
0.599414
0.6006640000000001
0.605039
0.614414
0.620664
0.623164
0.620039
0.623164
0.631289
0.635039
0.6331640000000001
0.635664
0.640039
0.640039
0.634414
0.6325390000000001
0.630039
0.6275390000000001
0.625664
0.621289
0.618789
0.6169140000000001
0.613789
0.604414
0.607539
0.605039
0.605664
0.6112890000000001
0.615664
0.613789
0.6162890000000001
0.6162890000000001
0.615664
0.620039
0.613164
0.610039
0.6112890000000001
0.608789
0.607539
0.604414
0.6019140000000001
0.6019140000000001
0.603164
0.6
0.599375
0.596875
0.605039
0.603164
0.603164
0.59875
0.59875
0.597539
0.593789
0.590625
0.5850390000000001
0.5856640000000001
0.581914
0.578789
0.576289
0.572539
0.568789
0.568789
0.5656640000000001
0.561289
0.558164
0.5550390000000001
0.552539
0.550664
0.5487890000000001
0.5437890000000001
0.541914
0.5387890000000001
0.535039
0.5331640000000001
0.530039
0.527539
0.526914
0.5237890000000001
0.5225390000000001
0.5181640000000001
0.513789
0.511289
0.5081640000000001
0.509414
0.5069140000000001
0.5069140000000001
0.505664
0.5031640000000001
0.500664
0.500664
0.497539
0.49253900000000006
0.49316400000000005
0.491914
0.49253900000000006
0.49066400000000004
0.48878900000000003
0.489414
0.496914
0.49878900000000004
0.5081640000000001
0.511914
0.510039
0.511914
0.511914
0.5081640000000001
0.509414
0.511289
0.5131640000000001
0.511289
0.510039
0.513789
0.515039
0.52
0.521289
0.519375
0.5181640000000001
0.5187890000000001
0.5181640000000001
0.515664
0.514375
0.511875
0.51125
0.51125
0.51125
0.50875
0.5069140000000001
0.5081640000000001
0.506289
0.505039
0.505664
0.509414
0.5125390000000001
0.5125390000000001
0.519414
0.5225390000000001
0.5231640000000001
0.5225390000000001
0.519414
0.515664
0.525039
0.531289
0.530039
0.5337890000000001
0.536289
0.5394140000000001
0.535664
0.526914
0.5281640000000001
0.5287890000000001
0.526914
0.527539
0.5287890000000001
0.5381640000000001
0.541289
0.5387890000000001
0.535664
0.535664
0.546914
0.556289
0.558789
0.556914
0.5544140000000001
0.555664
0.557539
0.558164
0.556289
0.552539
0.5494140000000001
0.541914
0.543164
0.536914
0.537539
0.532539
0.531289
0.527539
0.524414
0.5231640000000001
0.526289
0.53
0.531914
0.531289
0.53
0.52625
0.521875
0.52
0.516914
0.51375
0.51
0.50875
0.508125
0.505625
0.5125390000000001
0.506289
0.5025390000000001
0.499414
0.505664
0.505039
0.505039
0.5031640000000001
0.5031640000000001
0.505039
0.5025390000000001
0.500039
0.49816400000000005
0.495039
0.495039
0.494414
0.49128900000000003
0.489414
0.48878900000000003
0.48816400000000004
0.48816400000000004
0.49316400000000005
0.49816400000000005
0.496914
0.503789
0.5069140000000001
0.504414
0.505039
0.5031640000000001
0.5019140000000001
0.501289
0.49878900000000004
0.497539
0.494414
0.49316400000000005
0.49003900000000006
0.486914
0.484414
0.48316400000000004
0.48253900000000005
0.48066400000000004
0.47816400000000003
0.47566400000000003
0.47503900000000004
0.471289
0.47191400000000006
0.468789
0.46753900000000004
0.466289
0.463789
0.46253900000000003
0.46003900000000003
0.46128900000000006
0.46375
0.470664
0.47125
0.46375
0.466875
0.4675
0.4725
0.464375
0.4625
0.46
0.459375
0.456875
0.45625
0.455625
0.455039
0.451875
0.45191400000000004
0.450039
0.453164
0.45691400000000004
0.45878900000000006
0.46191400000000005
0.468164
0.471289
0.471289
0.470664
0.47691400000000006
0.47816400000000003
0.479414
0.48003900000000005
0.48066400000000004
0.478789
0.479414
0.478789
0.48003900000000005
0.48253900000000005
0.48316400000000004
0.484414
0.48566400000000004
0.486289
0.486914
0.486914
0.48566400000000004
0.48566400000000004
0.486914
0.49066400000000004
0.496914
0.49378900000000003
0.49378900000000003
0.506289
0.5075390000000001
0.5081640000000001
0.5031640000000001
0.503789
0.504414
0.5025390000000001
0.500039
0.496914
0.49378900000000003
0.491914
0.48816400000000004
0.483789
0.48316400000000004
0.48066400000000004
0.47816400000000003
0.47566400000000003
0.478125
0.479375
0.48125
0.480625
0.47375
0.476875
0.47375
0.47
0.46753900000000004
0.46375
0.4625
0.45941400000000004
0.45878900000000006
0.45753900000000003
0.458164
0.45128900000000005
0.44941400000000004
0.44878900000000005
0.450664
0.450039
0.44691400000000003
0.445039
0.44316400000000006
0.44066400000000006
0.440039
0.437539
0.434414
0.43878900000000004
0.432539
0.43316400000000005
0.431914
0.43316400000000005
0.43316400000000005
0.432539
0.43066400000000005
0.43066400000000005
0.429414
0.42566400000000004
0.424414
0.423789
0.421914
0.421914
0.42253900000000005
0.42066400000000004
0.42253900000000005
0.421914
0.42003900000000005
0.41816400000000004
0.416914
0.416914
0.41191400000000006
0.41441400000000006
0.41003900000000004
0.41066400000000003
0.41566400000000003
0.424414
0.42816400000000004
0.429414
0.437539
0.44691400000000003
0.450664
0.44628900000000005
0.44128900000000004
0.445039
0.44191400000000003
0.44441400000000003
0.44441400000000003
0.448164
0.450664
0.45441400000000004
0.455664
0.45125
0.453125
0.450625
0.45125
0.449375
0.453125
0.45125
0.4525
0.455625
0.455
0.46753900000000004
0.47003900000000004
0.47316400000000003
0.48316400000000004
0.49066400000000004
0.49003900000000006
0.49066400000000004
0.494414
0.49816400000000005
0.49628900000000004
0.497539
0.497539
0.49566400000000005
0.494414
0.49128900000000003
0.49066400000000004
0.48878900000000003
0.486289
0.48816400000000004
0.486289
0.49003900000000006
0.491914
0.489414
0.486289
0.481289
0.481914
0.479414
0.47691400000000006
0.476289
0.47316400000000003
0.470664
0.468164
0.46503900000000004
0.46128900000000006
0.46003900000000003
0.453164
0.455039
0.450664
0.450664
0.44628900000000005
0.44628900000000005
0.44441400000000003
0.445039
0.44566400000000006
0.44628900000000005
0.44941400000000004
0.447539
0.45441400000000004
0.445039
0.44128900000000004
0.439414
0.439414
0.44066400000000006
0.44375
0.44625
0.446875
0.445625
0.444375
0.443125
0.438125
0.434375
0.431914
0.429375
0.426875
0.423789
0.423789
0.421914
0.421914
0.42003900000000005
0.41503900000000005
0.416875
0.41441400000000006
0.413789
0.42003900000000005
0.42503900000000006
0.429414
0.43878900000000004
0.445039
0.44378900000000004
0.44441400000000003
0.440039
0.440039
0.442539
0.44128900000000004
0.44191400000000003
0.43878900000000004
0.437539
0.43566400000000005
0.43316400000000005
0.429414
0.42878900000000003
0.42566400000000004
0.432539
0.42316400000000004
0.421289
0.41816400000000004
0.419414
0.419414
0.416914
0.413789
0.41316400000000003
0.413789
0.41066400000000003
0.41066400000000003
0.408789
0.40566399999999997
0.40316399999999997
0.40566399999999997
0.403789
0.40316399999999997
0.401914
0.401289
0.398789
0.39816399999999996
0.39816399999999996
0.395039
0.394414
0.391289
0.393164
0.395
0.39875
0.403125
0.4025
0.405
0.408125
0.4075
0.406875
0.408125
0.409414
0.409375
0.40875
0.40625
0.406914
0.406875
0.40566399999999997
0.406914
0.403789
0.397539
0.401914
0.40066399999999996
0.399414
0.40066399999999996
0.400039
0.399414
0.398789
0.39816399999999996
0.40066399999999996
0.396289
0.396914
0.39566399999999996
0.39566399999999996
0.394414
0.40066399999999996
0.401289
0.407539
0.41316400000000003
0.413789
0.41253900000000004
0.41316400000000003
0.41503900000000005
0.41816400000000004
0.424414
0.42753900000000006
0.43128900000000003
0.435039
0.436914
0.440039
0.44128900000000004
0.44066400000000006
0.44128900000000004
0.43878900000000004
0.450039
0.452539
0.44878900000000005
0.450664
0.45378900000000005
0.460664
0.463164
0.463789
0.468164
0.47003900000000004
0.465664
0.46191400000000005
0.466289
0.46128900000000006
0.46191400000000005
0.46691400000000005
0.466875
0.468125
0.46625
0.4675
0.464375
0.458125
0.46125
0.455664
0.45128900000000005
0.446875
0.447539
0.44628900000000005
0.44566400000000006
0.44441400000000003
0.44566400000000006
0.446875
0.445039
0.442539
0.439414
0.43566400000000005
0.43566400000000005
0.434414
0.43128900000000003
0.429414
0.42628900000000003
0.42503900000000006
0.42253900000000005
0.421914
0.41816400000000004
0.41816400000000004
0.413789
0.413789
0.41003900000000004
0.41003900000000004
0.40816399999999997
0.40816399999999997
0.405039
0.404414
0.40566399999999997
0.40066399999999996
0.401289
0.40316399999999997
0.401914
0.40316399999999997
0.403789
0.404414
0.402539
0.40066399999999996
0.398789
0.400039
0.397539
0.396289
0.393789
0.39566399999999996
0.402539
0.405039
0.408789
0.41441400000000006
0.416914
0.416289
0.416289
0.41441400000000006
0.409414
0.413789
0.41503900000000005
0.41191400000000006
0.41816400000000004
0.42125
0.421875
0.421914
0.42125
0.418789
0.416875
0.4175
0.416914
0.424375
0.42316400000000004
0.42816400000000004
0.434414
0.436914
0.435039
0.434414
0.43566400000000005
0.440039
0.43878900000000004
0.44125
0.44128900000000004
0.442539
0.43878900000000004
0.436914
0.43566400000000005
0.43316400000000005
0.43128900000000003
0.42878900000000003
0.42816400000000004
0.423789
0.419414
0.42253900000000005
0.42066400000000004
0.42566400000000004
0.419414
0.41816400000000004
0.416289
0.41441400000000006
0.41003900000000004
0.41253900000000004
0.408789
0.40566399999999997
0.407539
0.40816399999999997
0.41316400000000003
0.403789
0.401914
0.401289
0.399414
0.396914
0.39566399999999996
0.393789
0.391914
0.389414
0.388164
0.388789
0.385664
0.38503899999999996
0.384414
0.38253899999999996
0.381289
0.381914
0.38253899999999996
0.375039
0.378789
0.377539
0.380664
0.383164
0.385664
0.38753899999999997
0.386875
0.38625
0.385664
0.38503899999999996
0.380664
0.379375
0.38
0.375
0.3775
0.381875
0.38375
0.38625
0.39
0.393789
0.393789
0.39003899999999997
0.38753899999999997
0.389414
0.388789
0.39253899999999997
0.386289
0.386289
0.386289
0.383789
0.381914
0.380664
0.378789
0.377539
0.375039
0.375039
0.37441399999999997
0.37441399999999997
0.373789
0.375664
0.372539
0.371289
0.370664
0.37191399999999997
0.37191399999999997
0.371289
0.36691399999999996
0.36941399999999996
0.366289
0.36441399999999996
0.362539
0.360664
0.35878899999999997
0.357539
0.357539
0.353164
0.354414
0.35128899999999996
0.34878899999999996
0.350039
0.349414
0.35128899999999996
0.355664
0.356914
0.35878899999999997
0.368164
0.368789
0.371289
0.37191399999999997
0.38003899999999996
0.380664
0.383789
0.383789
0.3825
0.3825
0.381875
0.3825
0.380664
0.38503899999999996
0.389375
0.390625
0.3975
0.39875
0.402539
0.402539
0.400625
0.398125
0.396914
0.397539
0.396914
0.391914
0.391914
0.386289
0.38503899999999996
0.383789
0.381914
0.378789
0.377539
0.37441399999999997
0.373789
0.370664
0.370039
0.368789
0.36691399999999996
0.36128899999999997
0.360664
0.357539
0.355664
0.353164
0.35378899999999996
0.354414
0.350664
0.348164
0.350039
0.351914
0.35628899999999997
0.357539
0.361914
0.366289
0.367539
0.363789
0.365039
0.361914
0.355664
0.361914
0.362539
0.365664
0.357539
0.354414
0.353164
0.352539
0.350664
0.350039
0.347539
0.346289
0.343789
0.350039
0.35378899999999996
0.355664
0.355664
0.354414
0.354414
0.3525
0.35
0.349375
0.340039
0.343789
0.339375
0.33875
0.33816399999999996
0.337539
0.336875
0.335039
0.333789
0.331914
0.333789
0.326914
0.328789
0.32503899999999997
0.324414
0.32253899999999996
0.321914
0.321289
0.321289
0.321289
0.321289
0.320664
0.318789
0.316289
0.316289
0.31441399999999997
0.312539
0.312539
0.310039
0.30941399999999997
0.308789
0.308164
0.308164
0.30691399999999996
0.306289
0.306289
0.306289
0.305664
0.31191399999999997
0.31191399999999997
0.31441399999999997
0.31753899999999996
0.32003899999999996
0.32003899999999996
0.319414
0.321289
0.318164
0.32503899999999997
0.32753899999999997
0.326289
0.328164
0.328789
0.328789
0.328164
0.329414
0.328789
0.326289
0.33003899999999997
0.3325
0.339375
0.34
0.338125
0.337539
0.337539
0.33625
0.334375
0.335625
0.333125
0.329375
0.3275
0.325625
0.3275
0.328125
0.328164
0.326289
0.325664
0.324414
0.32503899999999997
0.320664
0.320664
0.318164
0.31441399999999997
0.318789
0.325664
0.326289
0.33003899999999997
0.334414
0.336289
0.334414
0.334414
0.333789
0.331289
0.331289
0.32753899999999997
0.331914
0.335039
0.335039
0.336289
0.34066399999999997
0.345039
0.346289
0.341914
0.34316399999999997
0.343789
0.343789
0.340039
0.336289
0.33566399999999996
0.333789
0.33316399999999996
0.331289
0.328789
0.326289
0.328789
0.323164
0.321914
0.318789
0.318789
0.31753899999999996
0.320664
0.321914
0.321289
0.324414
0.32503899999999997
0.331914
0.324414
0.325664
0.334375
0.33316399999999996
0.339375
0.340625
0.34
0.3375
0.338125
0.335625
0.3375
0.335625
0.33375
0.33375
0.33316399999999996
0.331289
0.328789
0.32753899999999997
0.325664
0.324414
0.32253899999999996
0.315664
0.31753899999999996
0.311289
0.312539
0.313164
0.31441399999999997
0.310664
0.310664
0.308164
0.306289
0.306289
0.300664
0.302539
0.301289
0.300664
0.294414
0.29628899999999997
0.294414
0.293164
0.293164
0.29378899999999997
0.293164
0.29128899999999996
0.297539
0.29128899999999996
0.290664
0.288164
0.290039
0.289414
0.288164
0.287539
0.287539
0.287539
0.285039
0.28628899999999996
0.286914
0.282539
0.28066399999999997
0.281914
0.28066399999999997
0.281289
0.28066399999999997
0.279414
0.279414
0.281289
0.2875
0.289375
0.29375
0.2925
0.29125
0.293125
0.294375
0.29375
0.293125
0.2925
0.2925
0.287539
0.28875
0.285625
0.28878899999999996
0.28878899999999996
0.288164
0.286914
0.288164
0.289414
0.286914
0.28878899999999996
0.285664
0.285664
0.284414
0.285664
0.286914
0.291914
0.293164
0.29628899999999997
0.302539
0.303789
0.307539
0.303789
0.30691399999999996
0.305039
0.303164
0.302539
0.300664
0.300664
0.29878899999999997
0.299414
0.297539
0.296914
0.29628899999999997
0.29628899999999997
0.295039
0.294414
0.291914
0.29128899999999996
0.290664
0.289414
0.28878899999999996
0.287539
0.285664
0.285039
0.281289
0.281914
0.281914
0.281289
0.281289
0.28066399999999997
0.278789
0.27816399999999997
0.276914
0.276289
0.28066399999999997
0.2825
0.28625
0.289375
0.286875
0.285625
0.286875
0.288125
0.28625
0.285625
0.283125
0.28316399999999997
0.2775
0.27
0.275625
0.273125
0.27125
0.273789
0.273789
0.27316399999999996
0.271289
0.271289
0.270039
0.268789
0.268164
0.266289
0.26503899999999997
0.26503899999999997
0.264414
0.26253899999999997
0.26253899999999997
0.261289
0.26003899999999996
0.258789
0.258789
0.253789
0.256914
0.251289
0.254414
0.256914
0.25503899999999996
0.254414
0.253789
0.253789
0.25191399999999997
0.253164
0.249414
0.24878899999999998
0.249414
0.24878899999999998
0.24878899999999998
0.24753899999999998
0.24628899999999998
0.24503899999999998
0.245664
0.245664
0.24628899999999998
0.24378899999999998
0.245664
0.241914
0.241914
0.238164
0.240664
0.23878899999999997
0.239414
0.238164
0.238164
0.24503899999999998
0.245625
0.25375
0.25191399999999997
0.253125
0.250664
0.25191399999999997
0.251289
0.249414
0.24875
0.2475
0.245625
0.244375
0.244375
0.24003899999999997
0.24
0.237539
0.239414
0.237539
0.236289
0.23441399999999998
0.233789
0.23316399999999998
0.232539
0.23066399999999998
0.228789
0.22816399999999998
0.227539
0.226289
0.225039
0.225039
0.22441399999999997
0.221914
0.220664
0.221914
0.219414
0.21628899999999998
0.21753899999999998
0.218164
0.220664
0.214414
0.21253899999999998
0.211914
0.21128899999999998
0.210664
0.213164
0.210664
0.21128899999999998
0.20878899999999997
0.206914
0.21003899999999998
0.205039
0.203789
0.201914
0.201914
0.203789
0.208164
0.209414
0.21378899999999998
0.218164
0.220664
0.21878899999999998
0.219414
0.220664
0.21753899999999998
0.21628899999999998
0.21628899999999998
0.220625
0.225625
0.225039
0.225
0.22316399999999997
0.222539
0.22441399999999997
0.22625
0.223789
0.22128899999999999
0.22
0.22003899999999998
0.219375
0.215625
0.21875
0.21375
0.21253899999999998
0.214375
0.213125
0.213164
0.21003899999999998
0.21003899999999998
0.20878899999999997
0.208164
0.204414
0.196914
0.201914
0.202539
0.19878900000000002
0.20128900000000002
0.200664
0.20003900000000002
0.19878900000000002
0.19753900000000002
0.196914
0.19503900000000002
0.19378900000000002
0.19128900000000001
0.190664
0.189414
0.187539
0.186914
0.187539
0.188164
0.187539
0.188789
0.188164
0.18566400000000002
0.187539
0.181289
0.18316400000000002
0.18066400000000002
0.18066400000000002
0.17941400000000002
0.177539
0.17691400000000002
0.17566400000000001
0.17691400000000002
0.170664
0.173164
0.172539
0.175039
0.170664
0.16878900000000002
0.168164
0.166914
0.170664
0.17375
0.18066400000000002
0.17941400000000002
0.1775
0.174414
0.178125
0.178125
0.17941400000000002
0.17941400000000002
0.176289
0.175
0.173125
0.173125
0.17003900000000002
0.169375
0.16875
0.169375
0.165
0.166875
0.16753900000000002
0.165664
0.16503900000000002
0.16378900000000002
0.16253900000000002
0.161914
0.163164
0.16003900000000001
0.161914
0.158164
0.157539
0.156914
0.156914
0.158789
0.158164
0.161914
0.16003900000000001
0.16003900000000001
0.159414
0.158164
0.156289
0.155664
0.157539
0.157539
0.156289
0.155664
0.155039
0.156914
0.155039
0.150039
0.152539
0.15191400000000002
0.15066400000000002
0.15066400000000002
0.15066400000000002
0.14941400000000002
0.148789
0.14691400000000002
0.148789
0.14566400000000002
0.13878900000000002
0.14566400000000002
0.14566400000000002
0.155039
0.152539
0.155039
0.155039
0.16253900000000002
0.17
0.18316400000000002
0.186289
0.188164
0.18566400000000002
0.186914
0.18875
0.188125
0.186289
0.186914
0.186875
0.186875
0.18625
0.186875
0.184375
0.185625
0.185625
0.185
0.183789
0.18316400000000002
0.18066400000000002
0.180039
0.178789
0.178789
0.17691400000000002
0.173164
0.174414
0.171914
0.17003900000000002
0.170664
0.17003900000000002
0.16878900000000002
0.16753900000000002
0.16628900000000002
0.16628900000000002
0.16503900000000002
0.163164
0.158164
0.16128900000000002
0.16003900000000001
0.156914
0.159414
0.158789
0.158789
0.158164
0.158164
0.159414
0.158789
0.157539
0.155039
0.155039
0.15316400000000002
0.153789
0.153789
0.15191400000000002
0.152539
0.15316400000000002
0.153789
0.153789
0.153789
0.151289
0.152539
0.155664
0.15316400000000002
0.152539
0.153789
0.158789
0.16375
0.1675
0.16753900000000002
0.1625
0.166914
0.168125
0.17
0.170625
0.168125
0.1675
0.166875
0.165625
0.164375
0.164375
0.161914
0.170625
0.1625
0.161914
0.158164
0.16128900000000002
0.160664
0.16003900000000001
0.160664
0.160664
0.16128900000000002
0.159414
0.157539
0.157539
0.155039
0.155664
0.156914
0.156289
0.156289
0.155664
0.155664
0.155039
0.156914
0.16253900000000002
0.163164
0.16753900000000002
0.168164
0.172539
0.17566400000000001
0.175039
0.176289
0.17691400000000002
0.17816400000000002
0.18066400000000002
0.18191400000000002
0.186289
0.189414
0.191914
0.194414
0.196914
0.196914
0.195664
0.19503900000000002
0.193164
0.19503900000000002
0.19253900000000002
0.19628900000000002
0.190664
0.188164
0.190664
0.189414
0.19378900000000002
0.196914
0.20128900000000002
0.201914
0.20375
0.200664
0.1925
0.198164
0.19875
0.196875
0.196875
0.195625
0.19375
0.1925
0.190625
0.19125
0.19625
0.203125
0.20375
0.21
0.218164
0.219414
0.21878899999999998
0.21878899999999998
0.21753899999999998
0.218164
0.21628899999999998
0.216914
0.209414
0.21378899999999998
0.211914
0.210664
0.210664
0.21003899999999998
0.20878899999999997
0.20878899999999997
0.206289
0.205039
0.204414
0.20128900000000002
0.205039
0.200664
0.20003900000000002
0.199414
0.198164
0.198164
0.198164
0.19753900000000002
0.19878900000000002
0.19878900000000002
0.195664
0.196914
0.193164
0.19253900000000002
0.187539
0.191914
0.19128900000000001
0.190664
0.189414
0.188789
0.189414
0.189414
0.190039
0.188789
0.187539
0.18441400000000002
0.18566400000000002
0.191914
0.19503900000000002
0.20003900000000002
0.20003900000000002
0.200625
0.201875
0.200625
0.2025
0.2025
0.201875
0.199375
0.200625
0.199375
0.1975
0.196875
0.19628900000000002
0.1975
0.19375
0.193164
0.20003900000000002
0.196914
0.19753900000000002
0.19628900000000002
0.196914
0.195664
0.19503900000000002
0.193164
0.194414
0.191914
0.19878900000000002
0.191914
0.19378900000000002
0.20003900000000002
0.193164
0.19253900000000002
0.19253900000000002
0.19128900000000001
0.19128900000000001
0.193164
0.190664
0.191914
0.191914
0.189414
0.19128900000000001
0.194414
0.19378900000000002
0.193164
0.19378900000000002
0.194414
0.19503900000000002
0.19503900000000002
0.19503900000000002
0.19253900000000002
0.195664
0.19128900000000001
0.19128900000000001
0.19128900000000001
0.190664
0.19128900000000001
0.190664
0.19128900000000001
0.191914
0.19128900000000001
0.189414
0.193164
0.188164
0.191914
0.196914
0.200664
0.205039
0.20625
0.20625
0.208125
0.20625
0.20875
0.208125
0.208125
0.205625
0.205625
0.203125
0.2025
0.201875
0.200664
0.201914
0.200664
0.198164
0.200625
0.20128900000000002
0.20003900000000002
0.20003900000000002
0.199414
0.199414
0.19878900000000002
0.19753900000000002
0.19628900000000002
0.19628900000000002
0.196914
0.196914
0.19503900000000002
0.195664
0.19378900000000002
0.193164
0.19378900000000002
0.191914
0.191914
0.191914
0.19378900000000002
0.186914
0.189414
0.187539
0.187539
0.190664
0.190039
0.190039
0.190039
0.190664
0.190039
0.19128900000000001
0.186289
0.186289
0.186914
0.18566400000000002
0.18566400000000002
0.185039
0.186289
0.18566400000000002
0.188164
0.190039
0.190039
0.186914
0.187539
0.185039
0.189414
0.18566400000000002
0.19253900000000002
0.195664
0.19628900000000002
0.1975
0.198125
0.200625
0.199375
0.2
0.199375
0.19753900000000002
0.198164
0.19753900000000002
0.198125
0.20125
0.202539
0.203125
0.20875
0.213125
0.21378899999999998
0.21375
0.215664
0.213164
0.21253899999999998
0.213164
0.21378899999999998
0.213164
0.213164
0.21128899999999998
0.21128899999999998
0.208164
0.205039
0.206914
0.204414
0.204414
0.204414
0.203164
0.201914
0.20128900000000002
0.199414
0.20003900000000002
0.19628900000000002
0.19753900000000002
0.193164
0.194414
0.186914
0.19128900000000001
0.190664
0.190664
0.190039
0.190039
0.190664
0.186914
0.188164
0.185039
0.18191400000000002
0.18191400000000002
0.181289
0.181289
0.17941400000000002
0.17941400000000002
0.178789
0.17816400000000002
0.177539
0.17691400000000002
0.175039
0.173164
0.178789
0.18191400000000002
0.18566400000000002
0.188164
0.18625
0.185039
0.18441400000000002
0.185039
0.186914
0.183125
0.1825
0.182539
0.183789
0.183125
0.18316400000000002
0.181875
0.1825
0.183125
0.184375
0.18191400000000002
0.180625
0.181289
0.178789
0.181289
0.178789
0.17816400000000002
0.176289
0.173789
0.172539
0.175039
0.172539
0.169414
0.17003900000000002
0.17003900000000002
0.16878900000000002
0.16878900000000002
0.16753900000000002
0.16628900000000002
0.16628900000000002
0.16503900000000002
0.16628900000000002
0.165664
0.16628900000000002
0.16503900000000002
0.16378900000000002
0.16503900000000002
0.163164
0.163164
0.16378900000000002
0.163164
0.163164
0.161914
0.161914
0.155039
0.160664
0.15441400000000002
0.156289
0.156914
0.157539
0.156914
0.155664
0.155664
0.153789
0.156914
0.15191400000000002
0.153789
0.15191400000000002
0.160664
0.165664
0.16878900000000002
0.16878900000000002
0.16875
0.16875
0.17003900000000002
0.171289
0.168125
0.17566400000000001
0.17
0.16878900000000002
0.16128900000000002
0.164375
0.16253900000000002
0.160664
0.159414
0.159375
0.160625
0.159414
0.158125
0.156914
0.155039
0.156289
0.156914
0.155039
0.153789
0.15316400000000002
0.153789
0.15191400000000002
0.15316400000000002
0.15441400000000002
0.152539
0.15191400000000002
0.15191400000000002
0.14941400000000002
0.150039
0.14941400000000002
0.14941400000000002
0.14941400000000002
0.148789
0.148789
0.146289
0.14441400000000001
0.14441400000000001
0.142539
0.146289
0.145039
0.14566400000000002
0.146289
0.146289
0.142539
0.14566400000000002
0.141914
0.136914
0.142539
0.143164
0.142539
0.141289
0.140664
0.140039
0.140664
0.140039
0.141289
0.13878900000000002
0.130664
0.141289
0.14816400000000002
0.150039
0.152539
0.15191400000000002
0.15316400000000002
0.153789
0.15375
0.1525
0.15375
0.15441400000000002
0.15125
0.15125
0.14941400000000002
0.147539
0.1475
0.14625
0.145
0.145
0.145
0.14625
0.14375
0.145625
0.145039
0.14566400000000002
0.142539
0.141914
0.141289
0.139414
0.139414
0.139414
0.140039
0.138164
0.13628900000000002
0.13753900000000002
0.13503900000000002
0.13128900000000002
0.13628900000000002
0.135664
0.13503900000000002
0.13503900000000002
0.133164
0.13503900000000002
0.130664
0.125664
0.13003900000000002
0.133164
0.13878900000000002
0.13253900000000002
0.13128900000000002
0.133164
0.133164
0.13128900000000002
0.13128900000000002
0.129414
0.13003900000000002
0.128164
0.127539
0.127539
0.127539
0.126914
0.126914
0.127539
0.126289
0.126289
0.125664
0.12191400000000001
0.13128900000000002
0.13128900000000002
0.13753900000000002
0.13753900000000002
0.139414
0.139414
0.138125
0.13753900000000002
0.138164
0.140039
0.13628900000000002
0.13503900000000002
0.138125
0.134375
0.13625
0.13375
0.133125
0.131875
0.131875
0.133125
0.13375
0.130625
0.13503900000000002
0.13128900000000002
0.13003900000000002
0.136914
0.13003900000000002
0.129414
0.12878900000000001
0.126914
0.127539
0.129414
0.127539
0.125664
0.125664
0.12441400000000001
0.12441400000000001
0.12378900000000001
0.12253900000000001
0.12316400000000001
0.12191400000000001
0.12066400000000001
0.119414
0.120039
0.12191400000000001
0.119414
0.12253900000000001
0.12066400000000001
0.120039
0.12066400000000001
0.120039
0.120039
0.118789
0.118164
0.118164
0.116289
0.118164
0.116289
0.116289
0.11566400000000002
0.116914
0.11566400000000002
0.11503900000000002
0.11441400000000002
0.11316400000000001
0.11441400000000002
0.11253900000000001
0.12128900000000001
0.119414
0.125039
0.128164
0.126875
0.126875
0.1275
0.128125
0.128125
0.129414
0.126914
0.125625
0.124375
0.125
0.126875
0.121875
0.123125
0.12
0.12
0.12
0.120625
0.120039
0.119414
0.116914
0.118164
0.116289
0.11566400000000002
0.11566400000000002
0.11441400000000002
0.11503900000000002
0.11441400000000002
0.11503900000000002
0.11566400000000002
0.11191400000000001
0.11253900000000001
0.11378900000000002
0.11378900000000002
0.11253900000000001
0.11066400000000001
0.10941400000000001
0.10941400000000001
0.11003900000000001
0.10941400000000001
0.10878900000000001
0.10628900000000001
0.11128900000000001
0.10816400000000001
0.10753900000000001
0.10628900000000001
0.10816400000000001
0.10753900000000001
0.10753900000000001
0.10566400000000001
0.10566400000000001
0.10753900000000001
0.104414
0.104414
0.104414
0.102539
0.098789
0.102539
0.101289
0.100039
0.102539
0.101914
0.102539
0.103789
0.10878900000000001
0.11128900000000001
0.11128900000000001
0.11253900000000001
0.11378900000000002
0.11441400000000002
0.114375
0.114375
0.11625
0.114375
0.115
0.10875
0.11375
0.110625
0.109375
0.10875
0.1075
0.1075
0.10628900000000001
0.106875
0.10566400000000001
0.10691400000000001
0.101914
0.103125
0.103789
0.103789
0.101289
0.102539
0.101914
0.101289
0.101914
0.102539
0.103789
0.100039
0.10628900000000001
0.100039
0.098789
0.098789
0.098789
0.099414
0.098789
0.099414
0.096914
0.097539
0.095039
0.096289
0.096289
0.093789
0.092539
0.096914
0.098164
0.098164
0.096914
0.096289
0.095664
0.095664
0.097539
0.093789
0.098164
0.094414
0.095039
0.094414
0.095664
0.095039
0.095039
0.095039
0.101914
0.102539
0.10691400000000001
0.10816400000000001
0.10941400000000001
0.109375
0.10875
0.11003900000000001
0.109375
0.10875
0.10875
0.110625
0.1075
0.101875
0.101875
0.10125
0.1025
0.101875
0.101875
0.10125
0.101875
0.10125
0.102539
0.101289
0.102539
0.101914
0.100664
0.099414
0.100039
0.099414
0.097539
0.098164
0.098164
0.097539
0.096914
0.096914
0.096289
0.096914
0.095664
0.096289
0.096289
0.095664
0.095664
0.093789
0.093164
0.094414
0.089414
0.091914
0.093789
0.095664
0.096289
0.096289
0.095039
0.093164
0.093789
0.092539
0.092539
0.08878899999999999
0.090039
0.090664
0.092539
0.091914
0.090664
0.090664
0.090039
0.090664
0.091289
0.098789
0.099414
0.10941400000000001
0.10566400000000001
0.103164
0.109375
0.103164
0.1025
0.103125
0.10375
0.105
0.104375
0.103125
0.104375
0.100625
0.101875
0.0975
0.0975
0.096914
0.096914
0.0975
0.098164
0.098164
0.098789
0.095039
0.097539
0.092539
0.095664
0.096289
0.096289
0.095039
0.095039
0.095039
0.093789
0.095039
0.090664
0.090039
0.092539
0.092539
0.093789
0.091914
0.091914
0.091914
0.091289
0.090664
0.092539
0.090664
0.098789
0.090664
0.091914
0.094414
0.093164
0.093164
0.091289
0.090039
0.089414
0.090664
0.089414
0.091289
0.089414
0.08878899999999999
0.08878899999999999
0.089414
0.089414
0.090039
0.089414
0.093789
0.096914
0.103164
0.10816400000000001
0.10503900000000001
0.106875
0.106875
0.10753900000000001
0.10875
0.108125
0.109375
0.109375
0.109375
0.109375
0.108125
0.1075
0.10375
0.101289
0.101875
0.101875
0.102539
0.101875
0.1025
0.101875
0.103164
0.101289
0.098789
0.101914
0.101914
0.096914
0.100664
0.100039
0.099414
0.099414
0.098164
0.101289
0.098164
0.099414
0.096914
0.098164
0.096914
0.096289
0.096914
0.095664
0.095039
0.093789
0.094414
0.094414
0.095664
0.095039
0.095039
0.095664
0.096289
0.095039
0.094414
0.093164
0.093789
0.093164
0.095039
0.08753899999999999
0.093164
0.090039
0.095039
0.093164
0.094414
0.095039
0.095039
0.100664
0.103789
0.10941400000000001
0.10878900000000001
0.10691400000000001
0.11
0.10875
0.10875
0.11
0.110625
0.109375
0.110625
0.11003900000000001
0.109375
0.106875
0.10125
0.10375
0.104375
0.096875
0.101289
0.103164
0.103164
0.101875
0.101914
0.101875
0.101289
0.100664
0.100664
0.100039
0.099414
0.099414
0.098789
0.098164
0.098164
0.098164
0.098789
0.098164
0.096914
0.098164
0.094414
0.096914
0.095039
0.095664
0.095664
0.095039
0.095039
0.095039
0.098164
0.092539
0.093789
0.095664
0.093164
0.096289
0.096289
0.095664
0.095039
0.095039
0.093789
0.095664
0.093164
0.08878899999999999
0.093164
0.094414
0.093789
0.093789
0.095039
0.094414
0.100664
0.10566400000000001
0.11003900000000001
0.10878900000000001
0.11003900000000001
0.10941400000000001
0.11125
0.10878900000000001
0.109375
0.11
0.110625
0.11003900000000001
0.10941400000000001
0.108125
0.108125
0.108125
0.10375
0.102539
0.103789
0.1025
0.103164
0.103789
0.104414
0.10503900000000001
0.10625
0.10566400000000001
0.10628900000000001
0.10628900000000001
0.10628900000000001
0.10566400000000001
0.10503900000000001
0.102539
0.102539
0.103164
0.102539
0.101914
0.103164
0.101289
0.097539
0.102539
0.101289
0.10503900000000001
0.102539
0.103164
0.101914
0.101914
0.100664
0.104414
0.101289
0.098164
0.102539
0.104414
0.10628900000000001
0.102539
0.101289
0.101289
0.100664
0.100664
0.101289
0.101289
0.101914
