0.130664
0.13753900000000002
0.140664
0.140039
0.142539
0.143789
0.145039
0.146289
0.147539
0.14816400000000002
0.145039
0.14691400000000002
0.14816400000000002
0.14816400000000002
0.14691400000000002
0.14566400000000002
0.145039
0.142539
0.143164
0.142539
0.143164
0.141914
0.143789
0.139414
0.13753900000000002
0.138164
0.138164
0.136914
0.136914
0.136914
0.1375
0.13875
0.136875
0.145625
0.139375
0.14
0.143125
0.1525
0.155625
0.163125
0.17
0.170625
0.17
0.169375
0.1725
0.17125
0.17003900000000002
0.173164
0.173164
0.172539
0.173164
0.171914
0.17003900000000002
0.169414
0.169414
0.16378900000000002
0.166914
0.16503900000000002
0.16503900000000002
0.161914
0.161914
0.16253900000000002
0.160664
0.160664
0.158789
0.16003900000000001
0.153789
0.153789
0.155039
0.155039
0.15316400000000002
0.15441400000000002
0.15441400000000002
0.155039
0.156289
0.156914
0.157539
0.155039
0.163164
0.153789
0.15191400000000002
0.148789
0.15441400000000002
0.160664
0.16253900000000002
0.16628900000000002
0.173164
0.17816400000000002
0.175039
0.17691400000000002
0.178789
0.176289
0.17691400000000002
0.178789
0.177539
0.17691400000000002
0.176289
0.17566400000000001
0.175
0.175625
0.176875
0.175039
0.174375
0.180625
0.184375
0.186875
0.18625
0.185
0.185625
0.186914
0.18875
0.188125
0.188789
0.187539
0.188164
0.186289
0.187539
0.191914
0.19253900000000002
0.19503900000000002
0.198164
0.201914
0.200664
0.20128900000000002
0.21003899999999998
0.21253899999999998
0.221914
0.22128899999999999
0.221914
0.220664
0.22128899999999999
0.22128899999999999
0.223789
0.220664
0.22128899999999999
0.21878899999999998
0.219414
0.218164
0.21753899999999998
0.21753899999999998
0.21753899999999998
0.21753899999999998
0.219414
0.21878899999999998
0.21753899999999998
0.218164
0.21628899999999998
0.215664
0.214414
0.214414
0.214414
0.214414
0.21503899999999998
0.214414
0.213164
0.21378899999999998
0.20753899999999997
0.21003899999999998
0.21003899999999998
0.20878899999999997
0.209414
0.21003899999999998
0.208164
0.20878899999999997
0.208125
0.208125
0.20878899999999997
0.206875
0.205625
0.20875
0.216875
0.220664
0.221914
0.220664
0.221914
0.22125
0.222539
0.225039
0.222539
0.22128899999999999
0.225039
0.221914
0.22003899999999998
0.22128899999999999
0.22128899999999999
0.220664
0.22003899999999998
0.219414
0.21878899999999998
0.218164
0.218164
0.21753899999999998
0.21753899999999998
0.218164
0.21753899999999998
0.216914
0.218164
0.21753899999999998
0.21753899999999998
0.218164
0.218164
0.21378899999999998
0.215664
0.21253899999999998
0.216914
0.21753899999999998
0.218164
0.21878899999999998
0.21878899999999998
0.21878899999999998
0.22128899999999999
0.227539
0.22691399999999998
0.231289
0.24128899999999998
0.243164
0.24753899999999998
0.248164
0.25191399999999997
0.252539
0.25191399999999997
0.254414
0.26003899999999996
0.259414
0.26253899999999997
0.266289
0.268789
0.266914
0.269414
0.269414
0.27
0.269414
0.26875
0.270039
0.271914
0.275039
0.2875
0.295625
0.309375
0.3125
0.31191399999999997
0.310625
0.31375
0.31375
0.313789
0.313164
0.312539
0.30691399999999996
0.308789
0.311289
0.315664
0.316289
0.318164
0.321914
0.321289
0.320664
0.32003899999999996
0.320664
0.323164
0.33316399999999996
0.335039
0.341289
0.355664
0.362539
0.361914
0.360039
0.360664
0.362539
0.36128899999999997
0.361914
0.37191399999999997
0.372539
0.373164
0.37441399999999997
0.373164
0.373164
0.375664
0.37441399999999997
0.377539
0.375664
0.373164
0.371289
0.372539
0.37191399999999997
0.372539
0.372539
0.371289
0.368164
0.365664
0.362539
0.360039
0.360664
0.361914
0.362539
0.365039
0.370039
0.372539
0.370625
0.37125
0.369375
0.366875
0.3675
0.363125
0.38
0.377539
0.383125
0.388789
0.39
0.390664
0.390625
0.389414
0.39125
0.389414
0.385664
0.38625
0.385664
0.384414
0.383164
0.383164
0.38003899999999996
0.377539
0.375664
0.375039
0.375039
0.370664
0.36441399999999996
0.368164
0.366289
0.365039
0.363789
0.363164
0.362539
0.362539
0.361914
0.361914
0.365039
0.373164
0.37441399999999997
0.38253899999999996
0.388789
0.390664
0.390664
0.39003899999999997
0.39003899999999997
0.39003899999999997
0.388789
0.38753899999999997
0.386914
0.386289
0.383789
0.386914
0.388164
0.390664
0.393164
0.398789
0.400039
0.399414
0.400039
0.398789
0.400039
0.396914
0.394414
0.3975
0.39566399999999996
0.395039
0.393125
0.39253899999999997
0.39125
0.395
0.39625
0.39566399999999996
0.400625
0.40566399999999997
0.40375
0.405
0.408789
0.41503900000000005
0.416875
0.42375
0.43125
0.43066400000000005
0.431914
0.43128900000000003
0.43316400000000005
0.429414
0.432539
0.43003900000000006
0.42816400000000004
0.43003900000000006
0.42628900000000003
0.42503900000000006
0.42503900000000006
0.42566400000000004
0.421914
0.42628900000000003
0.42316400000000004
0.423789
0.42253900000000005
0.421914
0.421914
0.42253900000000005
0.421914
0.421289
0.421289
0.421914
0.42253900000000005
0.42503900000000006
0.42628900000000003
0.42816400000000004
0.43316400000000005
0.43816400000000005
0.436914
0.44066400000000006
0.44628900000000005
0.44441400000000003
0.44128900000000004
0.442539
0.448164
0.455664
0.45691400000000004
0.45753900000000003
0.45753900000000003
0.45878900000000006
0.45941400000000004
0.463164
0.46253900000000003
0.455039
0.460664
0.46003900000000003
0.45628900000000006
0.456875
0.45628900000000006
0.455664
0.4575
0.470625
0.484414
0.486914
0.51
0.528125
0.535039
0.535039
0.536875
0.540664
0.5394140000000001
0.53625
0.535664
0.535039
0.535664
0.5287890000000001
0.5331640000000001
0.5344140000000001
0.5337890000000001
0.536914
0.536914
0.535664
0.540039
0.5487890000000001
0.548164
0.556914
0.557539
0.558789
0.555664
0.558789
0.5550390000000001
0.556914
0.556914
0.555664
0.5537890000000001
0.551914
0.547539
0.545664
0.540664
0.541914
0.541289
0.5437890000000001
0.5394140000000001
0.5381640000000001
0.536914
0.532539
0.529414
0.527539
0.526914
0.529414
0.5281640000000001
0.530039
0.531914
0.531289
0.530039
0.532539
0.531289
0.530664
0.5287890000000001
0.5281640000000001
0.530039
0.527539
0.529414
0.5281640000000001
0.525664
0.525039
0.5231640000000001
0.5237890000000001
0.5231640000000001
0.526289
0.536289
0.535625
0.5494140000000001
0.552539
0.55
0.5475
0.545625
0.545039
0.544375
0.543125
0.54125
0.54375
0.542539
0.546914
0.540039
0.542539
0.5381640000000001
0.535664
0.532539
0.531289
0.530664
0.530039
0.5344140000000001
0.5337890000000001
0.5337890000000001
0.535664
0.531914
0.531914
0.531914
0.531289
0.5281640000000001
0.529414
0.535039
0.545039
0.5494140000000001
0.558789
0.571289
0.5856640000000001
0.5856640000000001
0.5856640000000001
0.587539
0.588789
0.589414
0.590039
0.586914
0.584414
0.5812890000000001
0.579414
0.578789
0.576914
0.571914
0.5700390000000001
0.568164
0.5650390000000001
0.561914
0.5600390000000001
0.558164
0.5544140000000001
0.555664
0.5494140000000001
0.5500390000000001
0.555664
0.556914
0.55875
0.5625
0.5650390000000001
0.568164
0.573164
0.575625
0.576875
0.582539
0.57875
0.58125
0.5875
0.58875
0.592539
0.595
0.591875
0.591914
0.591914
0.593164
0.591914
0.5906640000000001
0.586914
0.583789
0.5812890000000001
0.578789
0.577539
0.576289
0.573164
0.573789
0.566914
0.5700390000000001
0.568164
0.568789
0.571289
0.571914
0.5706640000000001
0.572539
0.573789
0.574414
0.5850390000000001
0.586914
0.590039
0.591914
0.6012890000000001
0.6006640000000001
0.602539
0.6019140000000001
0.600039
0.599414
0.5969140000000001
0.595039
0.5906640000000001
0.594414
0.589414
0.588164
0.587539
0.5850390000000001
0.582539
0.5800390000000001
0.579414
0.578164
0.577539
0.574414
0.576289
0.5750390000000001
0.576289
0.5850390000000001
0.5856640000000001
0.588164
0.59
0.589414
0.589414
0.591875
0.595625
0.593125
0.590625
0.593125
0.593125
0.593125
0.591914
0.591914
0.5906640000000001
0.5906640000000001
0.588164
0.586914
0.5812890000000001
0.5800390000000001
0.5800390000000001
0.576914
0.573164
0.5700390000000001
0.5694140000000001
0.568164
0.567539
0.566289
0.568789
0.563789
0.5650390000000001
0.5600390000000001
0.5594140000000001
0.558164
0.561289
0.5656640000000001
0.5644140000000001
0.563789
0.566914
0.573164
0.573164
0.573789
0.576289
0.581914
0.5806640000000001
0.5850390000000001
0.583164
0.578789
0.5756640000000001
0.578164
0.578789
0.583164
0.595039
0.598789
0.599414
0.598789
0.605039
0.608164
0.6069140000000001
0.605039
0.605664
0.603164
0.603164
0.600039
0.599414
0.593164
0.5962890000000001
0.591875
0.588789
0.587539
0.5862890000000001
0.5925
0.593164
0.593164
0.59625
0.60375
0.60625
0.601875
0.602539
0.5975
0.5969140000000001
0.5956640000000001
0.593164
0.5906640000000001
0.590039
0.5856640000000001
0.577539
0.584414
0.587539
0.5912890000000001
0.5906640000000001
0.5956640000000001
0.5956640000000001
0.594414
0.5956640000000001
0.6019140000000001
0.6012890000000001
0.605664
0.608164
0.6069140000000001
0.604414
0.6012890000000001
0.599414
0.597539
0.592539
0.5912890000000001
0.592539
0.6012890000000001
0.604414
0.610039
0.620039
0.6331640000000001
0.6381640000000001
0.635664
0.6331640000000001
0.6319140000000001
0.630664
0.628789
0.629414
0.621289
0.619414
0.620039
0.6169140000000001
0.613164
0.610664
0.6069140000000001
0.602539
0.6006640000000001
0.598789
0.5962890000000001
0.5906640000000001
0.589414
0.584414
0.583789
0.5750390000000001
0.576875
0.5756640000000001
0.576289
0.57875
0.5825
0.583125
0.58
0.58125
0.577539
0.583789
0.5956640000000001
0.595
0.604375
0.618164
0.624414
0.624414
0.6319140000000001
0.6375390000000001
0.636914
0.636289
0.640664
0.641289
0.6381640000000001
0.635039
0.6325390000000001
0.6331640000000001
0.6325390000000001
0.6319140000000001
0.630039
0.626289
0.6219140000000001
0.619414
0.615039
0.618789
0.621289
0.621289
0.623789
0.6281640000000001
0.628789
0.628789
0.623789
0.625039
0.624414
0.623789
0.623164
0.6175390000000001
0.613789
0.6119140000000001
0.608164
0.605664
0.605664
0.6012890000000001
0.600039
0.5956640000000001
0.593164
0.586914
0.588164
0.586914
0.584414
0.582539
0.5806640000000001
0.578164
0.576289
0.5750390000000001
0.571914
0.57
0.572539
0.571875
0.5725
0.575
0.580625
0.585
0.583125
0.583125
0.581914
0.5812890000000001
0.5825
0.58
0.578789
0.579375
0.577539
0.574414
0.573789
0.5750390000000001
0.573164
0.5694140000000001
0.572539
0.571289
0.568789
0.571289
0.5694140000000001
0.572539
0.574414
0.576289
0.578164
0.583789
0.5806640000000001
0.5750390000000001
0.578164
0.5812890000000001
0.582539
0.5812890000000001
0.578789
0.576914
0.578164
0.5850390000000001
0.587539
0.5856640000000001
0.5850390000000001
0.5862890000000001
0.592539
0.598789
0.598164
0.6012890000000001
0.600039
0.598789
0.5962890000000001
0.599414
0.598789
0.598789
0.603164
0.602539
0.607539
0.6069140000000001
0.610039
0.6119140000000001
0.609414
0.607539
0.6062890000000001
0.608164
0.6019140000000001
0.604375
0.6006640000000001
0.59625
0.5975
0.596875
0.60125
0.605
0.604414
0.607539
0.6075
0.608125
0.616875
0.61125
0.608789
0.608164
0.605664
0.605039
0.603164
0.6006640000000001
0.6019140000000001
0.6125390000000001
0.619414
0.6219140000000001
0.633789
0.641914
0.644414
0.641914
0.641289
0.640039
0.6375390000000001
0.636914
0.636289
0.634414
0.6325390000000001
0.626289
0.625039
0.620039
0.615664
0.613789
0.608164
0.604414
0.602539
0.599414
0.597539
0.593789
0.592539
0.588789
0.5856640000000001
0.583789
0.5806640000000001
0.577539
0.5750390000000001
0.5750390000000001
0.577539
0.578789
0.5756640000000001
0.5750390000000001
0.581914
0.5812890000000001
0.583789
0.589414
0.5906640000000001
0.591914
0.595039
0.593164
0.593789
0.590039
0.582539
0.5862890000000001
0.584375
0.585
0.5856640000000001
0.588164
0.58625
0.5856640000000001
0.584414
0.582539
0.57875
0.57875
0.576914
0.576289
0.573789
0.573789
0.574414
0.57375
0.572539
0.574414
0.574414
0.578789
0.581914
0.5856640000000001
0.582539
0.5962890000000001
0.6012890000000001
0.608164
0.615664
0.619414
0.618164
0.6175390000000001
0.618789
0.6162890000000001
0.618789
0.618789
0.6175390000000001
0.618164
0.6119140000000001
0.607539
0.6062890000000001
0.603789
0.602539
0.6012890000000001
0.5962890000000001
0.587539
0.591914
0.5912890000000001
0.587539
0.583164
0.579414
0.576914
0.578789
0.586914
0.588164
0.593164
0.6019140000000001
0.605039
0.605039
0.6019140000000001
0.600039
0.598789
0.597539
0.595039
0.592539
0.5906640000000001
0.589414
0.5850390000000001
0.5825
0.5806640000000001
0.576914
0.581914
0.581875
0.583125
0.583164
0.579414
0.576914
0.57625
0.568164
0.565625
0.56625
0.56375
0.5625
0.560625
0.5594140000000001
0.557539
0.5550390000000001
0.553164
0.551289
0.548164
0.5537890000000001
0.546289
0.550664
0.558789
0.5500390000000001
0.5494140000000001
0.550664
0.5550390000000001
0.558164
0.561289
0.556914
0.5544140000000001
0.555664
0.553164
0.5537890000000001
0.5537890000000001
0.550664
0.5487890000000001
0.547539
0.545664
0.543164
0.541914
0.541914
0.5381640000000001
0.5394140000000001
0.5344140000000001
0.531914
0.529414
0.5287890000000001
0.525664
0.5231640000000001
0.5225390000000001
0.5231640000000001
0.521289
0.521289
0.519414
0.5187890000000001
0.5175390000000001
0.516289
0.515664
0.516289
0.516289
0.514414
0.515664
0.513789
0.5187890000000001
0.515
0.515039
0.5175390000000001
0.52
0.52
0.520664
0.52125
0.519414
0.520625
0.518125
0.514375
0.521875
0.52625
0.530625
0.530664
0.537539
0.536914
0.540039
0.542539
0.540664
0.5387890000000001
0.537539
0.5331640000000001
0.532539
0.532539
0.529414
0.5281640000000001
0.525664
0.5237890000000001
0.521914
0.519414
0.5181640000000001
0.511914
0.5125390000000001
0.510039
0.5069140000000001
0.504414
0.5031640000000001
0.5025390000000001
0.5031640000000001
0.5025390000000001
0.5031640000000001
0.506289
0.504414
0.508789
0.505039
0.5075390000000001
0.5125390000000001
0.513789
0.5131640000000001
0.513789
0.5125390000000001
0.516914
0.526289
0.5281640000000001
0.529414
0.526914
0.5287890000000001
0.5344140000000001
0.529414
0.5287890000000001
0.525039
0.5225390000000001
0.520039
0.519414
0.515664
0.515664
0.510664
0.511914
0.513125
0.516875
0.5175390000000001
0.515625
0.511914
0.509375
0.5075
0.50625
0.499375
0.5
0.498125
0.5025
0.505
0.506289
0.5131640000000001
0.514414
0.513789
0.511289
0.510039
0.503789
0.5025390000000001
0.506289
0.509414
0.510664
0.5131640000000001
0.516289
0.5181640000000001
0.515664
0.513789
0.511914
0.5081640000000001
0.511289
0.5025390000000001
0.500664
0.49566400000000005
0.49378900000000003
0.49128900000000003
0.48816400000000004
0.486289
0.486289
0.486289
0.48253900000000005
0.483789
0.481289
0.476289
0.47003900000000004
0.47316400000000003
0.47191400000000006
0.468164
0.466289
0.463789
0.46191400000000005
0.460664
0.46003900000000003
0.45691400000000004
0.458164
0.453164
0.453164
0.45128900000000005
0.44878900000000005
0.44691400000000003
0.44566400000000006
0.44566400000000006
0.445039
0.44316400000000006
0.44066400000000006
0.445
0.44628900000000005
0.445
0.44625
0.44941400000000004
0.45125
0.451875
0.449375
0.45125
0.449375
0.445625
0.44375
0.445
0.44191400000000003
0.44191400000000003
0.44128900000000004
0.43816400000000005
0.43816400000000005
0.439414
0.44441400000000003
0.44128900000000004
0.44066400000000006
0.44628900000000005
0.45378900000000005
0.45691400000000004
0.455664
0.460664
0.468164
0.47003900000000004
0.468789
0.47253900000000004
0.47816400000000003
0.479414
0.47566400000000003
0.47503900000000004
0.47503900000000004
0.473789
0.47253900000000004
0.47191400000000006
0.470664
0.46753900000000004
0.46503900000000004
0.463164
0.455664
0.45628900000000006
0.45441400000000004
0.448164
0.448164
0.44628900000000005
0.44378900000000004
0.44191400000000003
0.439414
0.437539
0.437539
0.432539
0.437539
0.439414
0.44191400000000003
0.44628900000000005
0.450664
0.44941400000000004
0.44878900000000005
0.447539
0.44878900000000005
0.44878900000000005
0.445039
0.44878900000000005
0.448125
0.450664
0.459375
0.453125
0.449375
0.4475
0.445039
0.443125
0.44125
0.438125
0.4375
0.435039
0.433125
0.434414
0.434375
0.432539
0.43003900000000006
0.42878900000000003
0.42753900000000006
0.42753900000000006
0.43003900000000006
0.426914
0.42816400000000004
0.42628900000000003
0.42878900000000003
0.426914
0.42566400000000004
0.42503900000000006
0.426914
0.43316400000000005
0.434414
0.439414
0.44066400000000006
0.440039
0.440039
0.437539
0.437539
0.436914
0.437539
0.43566400000000005
0.435039
0.43316400000000005
0.43378900000000004
0.43003900000000006
0.434414
0.42503900000000006
0.42503900000000006
0.42253900000000005
0.42003900000000005
0.419414
0.418789
0.41816400000000004
0.416914
0.41816400000000004
0.41566400000000003
0.416289
0.41253900000000004
0.408789
0.405039
0.408789
0.409414
0.40816399999999997
0.409414
0.41253900000000004
0.41816400000000004
0.418789
0.421875
0.42375
0.431875
0.433125
0.433125
0.430625
0.433125
0.436875
0.43375
0.43375
0.43128900000000003
0.43
0.42875
0.426875
0.42753900000000006
0.42625
0.42316400000000004
0.42066400000000004
0.418789
0.416914
0.41503900000000005
0.416289
0.421914
0.423789
0.42878900000000003
0.435039
0.44191400000000003
0.45191400000000004
0.45441400000000004
0.45128900000000005
0.450664
0.450039
0.452539
0.450039
0.44878900000000005
0.44941400000000004
0.45441400000000004
0.45191400000000004
0.452539
0.45441400000000004
0.45691400000000004
0.45691400000000004
0.45441400000000004
0.455664
0.455039
0.455664
0.45191400000000004
0.44941400000000004
0.45128900000000005
0.45128900000000005
0.450039
0.453164
0.45378900000000005
0.455039
0.452539
0.452539
0.44316400000000006
0.448164
0.44066400000000006
0.44128900000000004
0.442539
0.44066400000000006
0.436914
0.43566400000000005
0.43316400000000005
0.43066400000000005
0.430625
0.43125
0.4325
0.439375
0.438125
0.436875
0.435625
0.43375
0.431875
0.43003900000000006
0.430625
0.42816400000000004
0.423125
0.42503900000000006
0.424375
0.421914
0.41503900000000005
0.41816400000000004
0.418789
0.42316400000000004
0.424414
0.42753900000000006
0.43316400000000005
0.434414
0.43316400000000005
0.43128900000000003
0.43128900000000003
0.43128900000000003
0.431914
0.43066400000000005
0.431914
0.43316400000000005
0.43378900000000004
0.431914
0.43316400000000005
0.432539
0.43316400000000005
0.42878900000000003
0.42878900000000003
0.42628900000000003
0.42753900000000006
0.42878900000000003
0.432539
0.44128900000000004
0.44316400000000006
0.45128900000000005
0.458164
0.46003900000000003
0.46128900000000006
0.455039
0.458164
0.45878900000000006
0.45878900000000006
0.45628900000000006
0.45378900000000005
0.450664
0.45128900000000005
0.448164
0.442539
0.445039
0.44566400000000006
0.44566400000000006
0.448164
0.44628900000000005
0.448164
0.45191400000000004
0.451875
0.45375
0.45691400000000004
0.455625
0.46125
0.461875
0.458164
0.459375
0.45941400000000004
0.456875
0.454375
0.451875
0.449375
0.45125
0.45691400000000004
0.455664
0.4625
0.46691400000000005
0.46691400000000005
0.466289
0.46441400000000005
0.463789
0.46253900000000003
0.46128900000000006
0.460664
0.46003900000000003
0.46503900000000004
0.466289
0.47003900000000004
0.47253900000000004
0.47253900000000004
0.471289
0.46941400000000005
0.468164
0.46691400000000005
0.468164
0.465664
0.46128900000000006
0.46191400000000005
0.45941400000000004
0.455039
0.458164
0.455664
0.45378900000000005
0.453164
0.45191400000000004
0.453164
0.450039
0.44191400000000003
0.44566400000000006
0.44878900000000005
0.452539
0.447539
0.44691400000000003
0.44628900000000005
0.44566400000000006
0.44378900000000004
0.44378900000000004
0.44316400000000006
0.44316400000000006
0.440039
0.440039
0.43816400000000005
0.43816400000000005
0.43566400000000005
0.43316400000000005
0.43316400000000005
0.431875
0.43378900000000004
0.4375
0.435
0.442539
0.44128900000000004
0.439414
0.437539
0.435
0.435625
0.43316400000000005
0.43125
0.429414
0.42875
0.425
0.42628900000000003
0.426875
0.426914
0.4275
0.43003900000000006
0.43003900000000006
0.43378900000000004
0.43628900000000004
0.437539
0.436914
0.43316400000000005
0.432539
0.431914
0.43066400000000005
0.42878900000000003
0.429414
0.43066400000000005
0.429414
0.42753900000000006
0.426914
0.42628900000000003
0.424414
0.42253900000000005
0.421289
0.423789
0.42753900000000006
0.42753900000000006
0.43128900000000003
0.435039
0.436914
0.437539
0.43628900000000004
0.43628900000000004
0.440039
0.437539
0.437539
0.43816400000000005
0.43628900000000004
0.43628900000000004
0.434414
0.43316400000000005
0.432539
0.431914
0.43316400000000005
0.43066400000000005
0.43066400000000005
0.42628900000000003
0.426914
0.42253900000000005
0.42253900000000005
0.42003900000000005
0.419414
0.41753900000000005
0.42
0.42375
0.425
0.42316400000000004
0.42316400000000004
0.423125
0.424414
0.421875
0.42003900000000005
0.41816400000000004
0.415625
0.41375
0.41375
0.410625
0.41191400000000006
0.409414
0.41003900000000004
0.41753900000000005
0.419414
0.423789
0.43128900000000003
0.434414
0.43378900000000004
0.431914
0.43128900000000003
0.432539
0.429414
0.43003900000000006
0.426914
0.426914
0.42503900000000006
0.42253900000000005
0.421289
0.418789
0.41753900000000005
0.41816400000000004
0.41441400000000006
0.41503900000000005
0.413789
0.41316400000000003
0.41066400000000003
0.408789
0.40816399999999997
0.406289
0.40566399999999997
0.405039
0.403789
0.399414
0.401289
0.40316399999999997
0.406914
0.406289
0.41441400000000006
0.41753900000000005
0.416914
0.416289
0.413789
0.41566400000000003
0.41191400000000006
0.413789
0.41253900000000004
0.408789
0.41441400000000006
0.40816399999999997
0.408789
0.406914
0.406289
0.407539
0.413789
0.413125
0.41503900000000005
0.41253900000000004
0.414375
0.415625
0.415625
0.411875
0.41003900000000004
0.41
0.40875
0.406914
0.406875
0.400625
0.40375
0.408125
0.41066400000000003
0.408789
0.41316400000000003
0.41566400000000003
0.416289
0.413789
0.41066400000000003
0.411289
0.40566399999999997
0.408789
0.406914
0.40566399999999997
0.401914
0.400039
0.401914
0.405039
0.405039
0.41003900000000004
0.41441400000000006
0.41441400000000006
0.41441400000000006
0.409414
0.408789
0.416289
0.408789
0.407539
0.40566399999999997
0.403789
0.402539
0.40066399999999996
0.396289
0.393164
0.390664
0.38753899999999997
0.384414
0.384414
0.381289
0.38003899999999996
0.377539
0.376289
0.373789
0.373164
0.373789
0.368164
0.366289
0.367539
0.366289
0.36441399999999996
0.362539
0.363789
0.365625
0.370664
0.3725
0.37
0.370664
0.368164
0.36875
0.365
0.3625
0.361875
0.36375
0.368125
0.36625
0.37375
0.378164
0.378789
0.381289
0.37691399999999997
0.377539
0.377539
0.376289
0.37441399999999997
0.372539
0.371289
0.371289
0.36691399999999996
0.368164
0.363789
0.36128899999999997
0.359414
0.357539
0.356914
0.353164
0.351914
0.35128899999999996
0.353164
0.35878899999999997
0.35878899999999997
0.360664
0.368164
0.368164
0.368789
0.36691399999999996
0.366289
0.368164
0.367539
0.365664
0.365039
0.360664
0.360664
0.360664
0.358164
0.356914
0.355039
0.351914
0.35128899999999996
0.350039
0.350039
0.349414
0.34566399999999997
0.345039
0.341914
0.34066399999999997
0.341289
0.339414
0.337539
0.342539
0.345039
0.34875
0.351914
0.3475
0.348125
0.35
0.345625
0.3475
0.3425
0.340039
0.33816399999999996
0.335625
0.333125
0.334375
0.332539
0.332539
0.33
0.328789
0.326289
0.32753899999999997
0.326914
0.32503899999999997
0.323164
0.321289
0.321289
0.321289
0.315664
0.318164
0.313789
0.31441399999999997
0.315039
0.315664
0.318789
0.321914
0.323789
0.328164
0.332539
0.32753899999999997
0.336289
0.34316399999999997
0.346289
0.350039
0.357539
0.35878899999999997
0.357539
0.357539
0.35628899999999997
0.358164
0.354414
0.362539
0.35128899999999996
0.350039
0.34566399999999997
0.346914
0.346289
0.344414
0.342539
0.341289
0.341914
0.338789
0.339414
0.336289
0.33566399999999996
0.331289
0.332539
0.331914
0.336289
0.339375
0.34125
0.340039
0.34
0.341914
0.33566399999999996
0.335
0.331875
0.331875
0.33125
0.3275
0.325625
0.32375
0.324375
0.323789
0.32125
0.321289
0.315664
0.319414
0.319414
0.316914
0.31441399999999997
0.313789
0.312539
0.310039
0.31191399999999997
0.308164
0.306289
0.306289
0.30691399999999996
0.310039
0.305039
0.303164
0.30441399999999996
0.303164
0.303164
0.305039
0.300039
0.30191399999999996
0.299414
0.29878899999999997
0.295664
0.299414
0.303789
0.303789
0.30441399999999996
0.306289
0.30691399999999996
0.308164
0.307539
0.305664
0.305664
0.303789
0.303789
0.30441399999999996
0.305039
0.30691399999999996
0.305664
0.305664
0.305039
0.29878899999999997
0.30191399999999996
0.301289
0.29628899999999997
0.296914
0.29878899999999997
0.301289
0.305039
0.306875
0.306875
0.309375
0.31375
0.3175
0.319375
0.32
0.320625
0.320625
0.318164
0.315664
0.315625
0.316875
0.319414
0.321914
0.32003899999999996
0.328164
0.33566399999999996
0.34316399999999997
0.33816399999999996
0.335039
0.332539
0.331289
0.331289
0.332539
0.33003899999999997
0.328164
0.325664
0.323789
0.32253899999999996
0.318789
0.31753899999999996
0.316289
0.31441399999999997
0.31441399999999997
0.31191399999999997
0.31191399999999997
0.305664
0.307539
0.30191399999999996
0.303789
0.303789
0.302539
0.30191399999999996
0.30191399999999996
0.299414
0.299414
0.30441399999999996
0.300039
0.300664
0.308789
0.310039
0.313164
0.31191399999999997
0.312539
0.318164
0.321914
0.321289
0.324414
0.324414
0.321289
0.32503899999999997
0.326289
0.323789
0.328164
0.329414
0.33125
0.33003899999999997
0.328789
0.329414
0.328125
0.328125
0.324375
0.321875
0.315625
0.316875
0.314375
0.31125
0.30941399999999997
0.30875
0.30625
0.306289
0.305664
0.301289
0.300664
0.29628899999999997
0.29628899999999997
0.295039
0.292539
0.29128899999999996
0.290039
0.28878899999999996
0.28878899999999996
0.286914
0.285664
0.283789
0.282539
0.28066399999999997
0.280039
0.279414
0.278789
0.276914
0.276289
0.276289
0.27316399999999996
0.268164
0.27316399999999996
0.275039
0.276289
0.276289
0.276914
0.276289
0.274414
0.271289
0.27316399999999996
0.270039
0.265664
0.269414
0.270039
0.27316399999999996
0.268789
0.268164
0.268164
0.26753899999999997
0.266289
0.266914
0.266289
0.266289
0.263164
0.263164
0.26253899999999997
0.268164
0.271914
0.276875
0.276914
0.276875
0.278125
0.28066399999999997
0.27625
0.2775
0.275625
0.275039
0.276289
0.275
0.272539
0.272539
0.272539
0.2725
0.27
0.269414
0.274414
0.270039
0.270039
0.27066399999999996
0.268789
0.26753899999999997
0.26753899999999997
0.266914
0.265664
0.26753899999999997
0.263789
0.256914
0.261289
0.261289
0.260664
0.261914
0.261289
0.261914
0.261289
0.260664
0.258164
0.256914
0.256289
0.25503899999999996
0.256289
0.256289
0.256289
0.255664
0.255664
0.253789
0.252539
0.25191399999999997
0.251289
0.249414
0.250039
0.245664
0.250039
0.24753899999999998
0.24878899999999998
0.248164
0.24753899999999998
0.24628899999999998
0.245664
0.24503899999999998
0.241914
0.245664
0.240664
0.24503899999999998
0.248125
0.251875
0.254414
0.253789
0.254375
0.25625
0.256875
0.25375
0.254414
0.24875
0.24875
0.25
0.24753899999999998
0.24628899999999998
0.245625
0.24628899999999998
0.245625
0.24628899999999998
0.24378899999999998
0.24253899999999998
0.241914
0.24003899999999997
0.23878899999999997
0.24003899999999997
0.23878899999999997
0.23566399999999998
0.235039
0.235039
0.232539
0.23441399999999998
0.23441399999999998
0.23066399999999998
0.23316399999999998
0.22816399999999998
0.228789
0.227539
0.226289
0.226289
0.225039
0.223789
0.22441399999999997
0.223789
0.226289
0.22566399999999998
0.22691399999999998
0.22691399999999998
0.226289
0.226289
0.225039
0.222539
0.22128899999999999
0.221914
0.218164
0.218164
0.216914
0.21878899999999998
0.216914
0.218164
0.220664
0.22003899999999998
0.21878899999999998
0.216914
0.219414
0.216914
0.21628899999999998
0.214414
0.22003899999999998
0.22625
0.225039
0.225625
0.22625
0.225
0.225625
0.225
0.22316399999999997
0.2225
0.219414
0.218125
0.2175
0.214375
0.2125
0.211875
0.21125
0.21
0.20878899999999997
0.209414
0.202539
0.20566399999999999
0.201914
0.201914
0.20128900000000002
0.200664
0.20003900000000002
0.199414
0.19878900000000002
0.198164
0.196914
0.19378900000000002
0.196914
0.193164
0.19128900000000001
0.18566400000000002
0.189414
0.188164
0.186914
0.18566400000000002
0.18566400000000002
0.18441400000000002
0.18316400000000002
0.178789
0.182539
0.18066400000000002
0.178789
0.180039
0.181289
0.180039
0.17816400000000002
0.177539
0.17691400000000002
0.174414
0.173789
0.173164
0.172539
0.171914
0.172539
0.170664
0.17003900000000002
0.16878900000000002
0.168164
0.16753900000000002
0.16753900000000002
0.168164
0.16378900000000002
0.17003900000000002
0.175039
0.17816400000000002
0.17816400000000002
0.17691400000000002
0.17691400000000002
0.17875
0.17816400000000002
0.178125
0.17125
0.171875
0.172539
0.170625
0.16875
0.1675
0.1675
0.1675
0.165664
0.165
0.16628900000000002
0.16253900000000002
0.16878900000000002
0.160664
0.16128900000000002
0.161914
0.158789
0.158164
0.156914
0.156914
0.155664
0.156289
0.15316400000000002
0.15316400000000002
0.152539
0.14941400000000002
0.14941400000000002
0.150039
0.14941400000000002
0.147539
0.14816400000000002
0.14441400000000001
0.142539
0.143789
0.143789
0.140664
0.14441400000000001
0.141289
0.141914
0.142539
0.140664
0.140039
0.139414
0.138164
0.13878900000000002
0.13753900000000002
