0.118789
0.117539
0.116914
0.116914
0.116289
0.118164
0.116914
0.11566400000000002
0.11503900000000002
0.11566400000000002
0.116289
0.116289
0.11441400000000002
0.11378900000000002
0.11316400000000001
0.11378900000000002
0.10691400000000001
0.11066400000000001
0.11003900000000001
0.10878900000000001
0.11128900000000001
0.11128900000000001
0.11066400000000001
0.11066400000000001
0.11066400000000001
0.10941400000000001
0.11066400000000001
0.10691400000000001
0.1075
0.108125
0.10816400000000001
0.105625
0.106875
0.10625
0.10625
0.106875
0.108125
0.10878900000000001
0.105
0.10625
0.10375
0.1075
0.108125
0.11191400000000001
0.116289
0.119375
0.11875
0.11875
0.120039
0.119414
0.120039
0.120039
0.118164
0.118789
0.12066400000000001
0.119414
0.118164
0.118164
0.118164
0.117539
0.117539
0.116914
0.116289
0.116914
0.11566400000000002
0.11253900000000001
0.11316400000000001
0.11253900000000001
0.11128900000000001
0.11066400000000001
0.10941400000000001
0.11003900000000001
0.10878900000000001
0.10503900000000001
0.10816400000000001
0.10691400000000001
0.10941400000000001
0.10878900000000001
0.10941400000000001
0.10753900000000001
0.10691400000000001
0.104414
0.10628900000000001
0.104414
0.10816400000000001
0.103789
0.10566400000000001
0.100039
0.10503900000000001
0.104414
0.103789
0.104414
0.103789
0.10503900000000001
0.103164
0.104414
0.1025
0.101289
0.10125
0.101875
0.102539
0.10125
0.10375
0.1025
0.10125
0.1025
0.103125
0.100625
0.100664
0.105
0.10941400000000001
0.11316400000000001
0.11441400000000002
0.115625
0.116914
0.117539
0.118164
0.118164
0.11503900000000002
0.11378900000000002
0.11378900000000002
0.11503900000000002
0.11503900000000002
0.11441400000000002
0.11253900000000001
0.11316400000000001
0.11128900000000001
0.11191400000000001
0.11066400000000001
0.10878900000000001
0.11128900000000001
0.10691400000000001
0.11316400000000001
0.10941400000000001
0.10941400000000001
0.10816400000000001
0.10691400000000001
0.10503900000000001
0.10816400000000001
0.10628900000000001
0.102539
0.10503900000000001
0.10753900000000001
0.11378900000000002
0.10816400000000001
0.10566400000000001
0.10566400000000001
0.10503900000000001
0.104414
0.101914
0.103789
0.10503900000000001
0.103789
0.102539
0.103789
0.102539
0.102539
0.103164
0.102539
0.102539
0.102539
0.101914
0.096914
0.1025
0.0975
0.098789
0.100625
0.10125
0.100625
0.100625
0.101875
0.100625
0.104375
0.096914
0.099375
0.100625
0.104414
0.109375
0.11253900000000001
0.113125
0.11375
0.11378900000000002
0.116875
0.116289
0.11253900000000001
0.12128900000000001
0.11566400000000002
0.11566400000000002
0.10816400000000001
0.11128900000000001
0.11128900000000001
0.11003900000000001
0.11003900000000001
0.11003900000000001
0.11066400000000001
0.10878900000000001
0.10753900000000001
0.10691400000000001
0.10566400000000001
0.10753900000000001
0.10878900000000001
0.10753900000000001
0.10753900000000001
0.10628900000000001
0.10566400000000001
0.10566400000000001
0.10503900000000001
0.10691400000000001
0.10503900000000001
0.10753900000000001
0.10816400000000001
0.10691400000000001
0.10628900000000001
0.10503900000000001
0.104414
0.103789
0.104414
0.10566400000000001
0.103789
0.103789
0.103164
0.100664
0.10566400000000001
0.103789
0.103164
0.103789
0.103164
0.101289
0.104414
0.101914
0.098125
0.103789
0.10375
0.09625
0.101289
0.1
0.101875
0.101914
0.100625
0.101914
0.099375
0.091875
0.103789
0.11003900000000001
0.10628900000000001
0.11378900000000002
0.11441400000000002
0.11625
0.11625
0.116914
0.116914
0.117539
0.118164
0.11566400000000002
0.116914
0.11503900000000002
0.11441400000000002
0.11441400000000002
0.11316400000000001
0.11316400000000001
0.11253900000000001
0.11191400000000001
0.11253900000000001
0.11191400000000001
0.11253900000000001
0.11253900000000001
0.11316400000000001
0.10941400000000001
0.10941400000000001
0.10941400000000001
0.10753900000000001
0.10816400000000001
0.10816400000000001
0.10941400000000001
0.10753900000000001
0.10691400000000001
0.11066400000000001
0.11003900000000001
0.11003900000000001
0.11066400000000001
0.11003900000000001
0.10816400000000001
0.10878900000000001
0.10816400000000001
0.11003900000000001
0.10628900000000001
0.098789
0.10503900000000001
0.10628900000000001
0.10878900000000001
0.10503900000000001
0.103789
0.10503900000000001
0.104414
0.103789
0.103164
0.103164
0.103789
0.102539
0.103164
0.103125
0.102539
0.101914
0.103125
0.10375
0.103125
0.101875
0.10125
0.09625
0.106875
0.10875
0.113125
0.114375
0.11625
0.1175
0.12128900000000001
0.12066400000000001
0.12128900000000001
0.12253900000000001
0.118164
0.116914
0.120039
0.11566400000000002
0.118789
0.117539
0.116289
0.116914
0.11566400000000002
0.11566400000000002
0.11566400000000002
0.11316400000000001
0.116914
0.11316400000000001
0.11191400000000001
0.11191400000000001
0.11253900000000001
0.11191400000000001
0.11003900000000001
0.10878900000000001
0.10941400000000001
0.11066400000000001
0.10941400000000001
0.10878900000000001
0.10878900000000001
0.10878900000000001
0.10941400000000001
0.11003900000000001
0.10816400000000001
0.10816400000000001
0.10753900000000001
0.10691400000000001
0.10566400000000001
0.10628900000000001
0.10878900000000001
0.10566400000000001
0.10816400000000001
0.10628900000000001
0.10566400000000001
0.11003900000000001
0.11316400000000001
0.11253900000000001
0.117539
0.12128900000000001
0.12375
0.12375
0.12378900000000001
0.123125
0.12378900000000001
0.125
0.12375
0.125039
0.125625
0.125625
0.124375
0.12875
0.135625
0.14625
0.15
0.164375
0.1725
0.173125
0.172539
0.173789
0.175039
0.173789
0.17566400000000001
0.171914
0.173789
0.177539
0.180039
0.177539
0.183789
0.186914
0.18566400000000002
0.18316400000000002
0.18191400000000002
0.181289
0.181289
0.181289
0.178789
0.17816400000000002
0.17566400000000001
0.17566400000000001
0.172539
0.17003900000000002
0.16878900000000002
0.168164
0.166914
0.16628900000000002
0.163164
0.16503900000000002
0.16503900000000002
0.164414
0.161914
0.159414
0.158789
0.155664
0.156289
0.155039
0.156289
0.152539
0.156289
0.152539
0.15191400000000002
0.15191400000000002
0.150039
0.150039
0.14941400000000002
0.150039
0.14816400000000002
0.148789
0.146289
0.146289
0.145625
0.145625
0.145
0.145
0.144375
0.145625
0.145
0.145
0.14625
0.151875
0.15625
0.160625
0.16253900000000002
0.1625
0.165664
0.16628900000000002
0.16753900000000002
0.16878900000000002
0.16753900000000002
0.168164
0.16878900000000002
0.16253900000000002
0.16753900000000002
0.165664
0.16503900000000002
0.166914
0.16628900000000002
0.166914
0.165664
0.164414
0.164414
0.165664
0.160664
0.163164
0.16503900000000002
0.166914
0.160664
0.16503900000000002
0.164414
0.16503900000000002
0.16503900000000002
0.166914
0.16753900000000002
0.165664
0.174414
0.166914
0.165664
0.160664
0.16503900000000002
0.165664
0.16503900000000002
0.164414
0.16378900000000002
0.16503900000000002
0.16378900000000002
0.163164
0.164414
0.161914
0.16128900000000002
0.164414
0.163164
0.163164
0.16378900000000002
0.163164
0.16378900000000002
0.171914
0.176289
0.175
0.18441400000000002
0.18375
0.185
0.186875
0.188125
0.187539
0.186875
0.1875
0.195
0.198125
0.19875
0.1975
0.200625
0.206289
0.211875
0.213164
0.21753899999999998
0.22316399999999997
0.22441399999999997
0.22691399999999998
0.223789
0.21878899999999998
0.219414
0.219414
0.22441399999999997
0.222539
0.22128899999999999
0.22003899999999998
0.220664
0.219414
0.22003899999999998
0.218164
0.22441399999999997
0.227539
0.227539
0.232539
0.236289
0.24003899999999997
0.240664
0.24753899999999998
0.249414
0.25191399999999997
0.25503899999999996
0.255664
0.253789
0.253164
0.251289
0.249414
0.248164
0.24753899999999998
0.248164
0.24628899999999998
0.246914
0.248164
0.243164
0.24503899999999998
0.244414
0.24378899999999998
0.24253899999999998
0.241914
0.240664
0.240664
0.23878899999999997
0.237539
0.237539
0.235039
0.23375
0.232539
0.23316399999999998
0.23375
0.235
0.24125
0.246875
0.2475
0.25125
0.253789
0.2575
0.26625
0.263789
0.26503899999999997
0.269375
0.274375
0.282539
0.285039
0.283789
0.285664
0.28878899999999996
0.290039
0.291914
0.290039
0.29128899999999996
0.290039
0.28878899999999996
0.295039
0.299414
0.29878899999999997
0.303789
0.303164
0.303164
0.303789
0.310664
0.306289
0.307539
0.307539
0.305664
0.307539
0.30691399999999996
0.305664
0.30441399999999996
0.303789
0.300664
0.300664
0.302539
0.301289
0.301289
0.299414
0.297539
0.296914
0.296914
0.295664
0.296914
0.294414
0.30191399999999996
0.293164
0.293164
0.29128899999999996
0.29878899999999997
0.310039
0.310664
0.318789
0.332539
0.341875
0.34
0.34
0.33875
0.339414
0.338125
0.338125
0.338789
0.3375
0.337539
0.341875
0.342539
0.343789
0.345625
0.3425
0.34316399999999997
0.341914
0.34066399999999997
0.341289
0.338789
0.341289
0.340039
0.34066399999999997
0.337539
0.34066399999999997
0.350664
0.34878899999999996
0.35378899999999996
0.367539
0.378164
0.38003899999999996
0.378789
0.38003899999999996
0.379414
0.381289
0.38003899999999996
0.37691399999999997
0.379414
0.380664
0.381289
0.377539
0.383789
0.400039
0.406914
0.418789
0.442539
0.455039
0.460664
0.45628900000000006
0.455664
0.46128900000000006
0.46191400000000005
0.46441400000000005
0.470664
0.471289
0.47253900000000004
0.47816400000000003
0.479414
0.47816400000000003
0.47503900000000004
0.47253900000000004
0.471289
0.47003900000000004
0.468164
0.46753900000000004
0.468164
0.465664
0.46625
0.470664
0.4675
0.470625
0.46625
0.466875
0.46691400000000005
0.4725
0.47191400000000006
0.473125
0.471289
0.47625
0.48125
0.476875
0.475625
0.478789
0.476289
0.47566400000000003
0.47503900000000004
0.473789
0.470664
0.468789
0.468789
0.46753900000000004
0.463164
0.458164
0.46003900000000003
0.460664
0.463789
0.45753900000000003
0.455664
0.45441400000000004
0.453164
0.453164
0.45941400000000004
0.46253900000000003
0.46441400000000005
0.47191400000000006
0.47316400000000003
0.473789
0.47316400000000003
0.47253900000000004
0.473789
0.476289
0.476289
0.47566400000000003
0.47441400000000006
0.47316400000000003
0.47316400000000003
0.46753900000000004
0.470664
0.468164
0.468789
0.46753900000000004
0.46691400000000005
0.468789
0.47566400000000003
0.48503900000000005
0.483789
0.491914
0.505039
0.510664
0.515664
0.515664
0.5181640000000001
0.520039
0.520039
0.5181640000000001
0.518125
0.515664
0.511875
0.515625
0.516914
0.513125
0.516914
0.5225
0.5225390000000001
0.526875
0.535039
0.535664
0.533125
0.535
0.536914
0.5381640000000001
0.540039
0.535664
0.537539
0.5381640000000001
0.540664
0.545664
0.548164
0.5500390000000001
0.555664
0.555664
0.555664
0.557539
0.556289
0.5544140000000001
0.555664
0.558789
0.5600390000000001
0.562539
0.566289
0.566289
0.573164
0.5800390000000001
0.581914
0.5812890000000001
0.586914
0.5862890000000001
0.5906640000000001
0.593164
0.593164
0.594414
0.592539
0.588164
0.595039
0.5962890000000001
0.5962890000000001
0.595039
0.593789
0.597539
0.603164
0.603164
0.613789
0.618164
0.613789
0.6175390000000001
0.6169140000000001
0.6119140000000001
0.6112890000000001
0.610039
0.608789
0.607539
0.607539
0.6069140000000001
0.605039
0.605039
0.605625
0.608164
0.609375
0.606875
0.60625
0.605
0.615664
0.62625
0.6275
0.626875
0.623789
0.634375
0.6425390000000001
0.649414
0.651914
0.661289
0.666289
0.668164
0.6644140000000001
0.662539
0.662539
0.6587890000000001
0.665039
0.665664
0.6587890000000001
0.6594140000000001
0.657539
0.655039
0.651914
0.651289
0.650664
0.6487890000000001
0.645664
0.6431640000000001
0.645039
0.640664
0.640039
0.640664
0.639414
0.6381640000000001
0.636289
0.634414
0.633789
0.631289
0.6275390000000001
0.624414
0.6219140000000001
0.6225390000000001
0.6281640000000001
0.630039
0.631289
0.635039
0.635664
0.6375390000000001
0.639414
0.6425390000000001
0.640664
0.636914
0.638789
0.636289
0.6375390000000001
0.636289
0.6381640000000001
0.6425390000000001
0.644414
0.6431640000000001
0.641289
0.644414
0.640625
0.651289
0.65375
0.6525
0.655625
0.655625
0.651875
0.655
0.6694140000000001
0.67375
0.675625
0.683125
0.6900390000000001
0.691914
0.6956640000000001
0.696289
0.696289
0.701914
0.7050390000000001
0.7062890000000001
0.701914
0.701289
0.699414
0.697539
0.693164
0.6906640000000001
0.691289
0.6900390000000001
0.688164
0.683789
0.6800390000000001
0.6787890000000001
0.677539
0.671289
0.670664
0.6644140000000001
0.6637890000000001
0.660664
0.6581640000000001
0.657539
0.655039
0.654414
0.654414
0.650664
0.6481640000000001
0.6487890000000001
0.6481640000000001
0.6425390000000001
0.6437890000000001
0.645039
0.645664
0.6537890000000001
0.6581640000000001
0.6581640000000001
0.654414
0.655664
0.654414
0.655039
0.654414
0.651914
0.6487890000000001
0.6475390000000001
0.645664
0.643125
0.643125
0.638789
0.636914
0.636289
0.633789
0.635664
0.63375
0.639414
0.63875
0.634375
0.631875
0.634375
0.63625
0.6381640000000001
0.6325
0.6319140000000001
0.6325390000000001
0.631289
0.6325390000000001
0.6381640000000001
0.639414
0.6437890000000001
0.650039
0.650664
0.6431640000000001
0.645039
0.644414
0.6425390000000001
0.641289
0.641914
0.640664
0.6381640000000001
0.635039
0.6319140000000001
0.6325390000000001
0.630039
0.635039
0.6319140000000001
0.630664
0.634414
0.640039
0.640664
0.639414
0.6375390000000001
0.638789
0.638789
0.633789
0.631289
0.630039
0.628789
0.6275390000000001
0.6269140000000001
0.625664
0.623164
0.620039
0.618164
0.6169140000000001
0.613789
0.610664
0.607539
0.6069140000000001
0.605664
0.605039
0.603164
0.6012890000000001
0.598789
0.59625
0.5925
0.5912890000000001
0.59
0.58625
0.585
0.582539
0.5912890000000001
0.5969140000000001
0.597539
0.60375
0.61125
0.611875
0.613125
0.6112890000000001
0.613125
0.615664
0.6162890000000001
0.6119140000000001
0.610039
0.610664
0.6119140000000001
0.6119140000000001
0.609414
0.609414
0.604414
0.604414
0.598164
0.597539
0.598789
0.5906640000000001
0.587539
0.5850390000000001
0.582539
0.5800390000000001
0.5812890000000001
0.5756640000000001
0.574414
0.5706640000000001
0.566289
0.5644140000000001
0.566289
0.566914
0.566289
0.567539
0.567539
0.5706640000000001
0.573789
0.572539
0.568789
0.5706640000000001
0.5644140000000001
0.563164
0.560664
0.558164
0.558789
0.557539
0.556289
0.555664
0.550664
0.547539
0.548164
0.547539
0.541914
0.540664
0.5437890000000001
0.5537890000000001
0.562539
0.56625
0.58125
0.59
0.591875
0.595
0.6
0.613125
0.615625
0.6269140000000001
0.634375
0.6325390000000001
0.629375
0.63375
0.638789
0.6425390000000001
0.651914
0.650664
0.656914
0.6537890000000001
0.6537890000000001
0.651289
0.6487890000000001
0.6487890000000001
0.657539
0.6637890000000001
0.662539
0.6594140000000001
0.655664
0.655039
0.652539
0.650664
0.649414
0.646289
0.641914
0.6381640000000001
0.634414
0.623164
0.6219140000000001
0.614414
0.6119140000000001
0.610664
0.607539
0.603164
0.599414
0.5969140000000001
0.592539
0.589414
0.5812890000000001
0.5806640000000001
0.576289
0.574414
0.568789
0.5656640000000001
0.561289
0.558789
0.557539
0.556914
0.553164
0.5487890000000001
0.553164
0.542539
0.5394140000000001
0.540664
0.5344140000000001
0.532539
0.530039
0.529414
0.528125
0.527539
0.525039
0.526875
0.52875
0.5325
0.53375
0.541875
0.55375
0.56125
0.56125
0.558789
0.559375
0.563789
0.5650390000000001
0.563164
0.563164
0.561914
0.562539
0.5600390000000001
0.557539
0.5537890000000001
0.550664
0.548164
0.546914
0.5444140000000001
0.541289
0.542539
0.5394140000000001
0.545039
0.5494140000000001
0.550664
0.556289
0.557539
0.5550390000000001
0.555664
0.5537890000000001
0.555664
0.553164
0.5537890000000001
0.5487890000000001
0.551914
0.5494140000000001
0.5494140000000001
0.547539
0.545664
0.545039
0.541289
0.5437890000000001
0.540664
0.5381640000000001
0.5337890000000001
0.535039
0.5331640000000001
0.530664
0.529414
0.526914
0.525039
0.5237890000000001
0.5237890000000001
0.5287890000000001
0.5344140000000001
0.5331640000000001
0.536289
0.5437890000000001
0.551289
0.553125
0.553164
0.5525
0.5525
0.549375
0.5525
0.555
0.5550390000000001
0.556875
0.5544140000000001
0.552539
0.55
0.546875
0.547539
0.547539
0.5437890000000001
0.545664
0.542539
0.540664
0.5344140000000001
0.536289
0.540039
0.540039
0.543164
0.546914
0.551289
0.546914
0.540664
0.546289
0.545039
0.541914
0.540039
0.537539
0.537539
0.5381640000000001
0.541914
0.543164
0.541289
0.545039
0.545039
0.5444140000000001
0.5437890000000001
0.5394140000000001
0.542539
0.545664
0.545664
0.5437890000000001
0.542539
0.543164
0.5387890000000001
0.541914
0.535664
0.536914
0.535664
0.5331640000000001
0.531289
0.531289
0.5331640000000001
0.535039
0.541289
0.536914
0.542539
0.545664
0.545039
0.5437890000000001
0.545039
0.546914
0.549375
0.547539
0.547539
0.549375
0.54625
0.540625
0.548164
0.552539
0.55125
0.546914
0.5444140000000001
0.5444140000000001
0.545
0.545664
0.5444140000000001
0.541289
0.5394140000000001
0.5387890000000001
0.536914
0.5337890000000001
0.536914
0.5331640000000001
0.530039
0.527539
0.525039
0.5237890000000001
0.521914
0.521914
0.516914
0.516914
0.5131640000000001
0.510039
0.508789
0.505664
0.505039
0.503789
0.5019140000000001
0.499414
0.496914
0.494414
0.494414
0.49128900000000003
0.49378900000000003
0.49128900000000003
0.49253900000000006
0.491914
0.49003900000000006
0.48753900000000006
0.48816400000000004
0.484414
0.479414
0.481289
0.479414
0.479414
0.478789
0.47691400000000006
0.47816400000000003
0.47691400000000006
0.47441400000000006
0.47753900000000005
0.47503900000000004
0.470664
0.47191400000000006
0.47191400000000006
0.46691400000000005
0.46753900000000004
0.466289
0.465625
0.46441400000000005
0.463125
0.46253900000000003
0.46191400000000005
0.463164
0.465
0.470625
0.470625
0.47
0.46625
0.46441400000000005
0.463125
0.463789
0.463125
0.4625
0.45878900000000006
0.45691400000000004
0.455664
0.45441400000000004
0.455664
0.452539
0.450664
0.44941400000000004
0.447539
0.44691400000000003
0.44628900000000005
0.44316400000000006
0.44316400000000006
0.439414
0.436914
0.432539
0.434414
0.43378900000000004
0.431914
0.43128900000000003
0.42878900000000003
0.42816400000000004
0.42816400000000004
0.424414
0.43003900000000006
0.432539
0.44066400000000006
0.439414
0.43878900000000004
0.439414
0.43816400000000005
0.43628900000000004
0.43628900000000004
0.434414
0.43378900000000004
0.43628900000000004
0.44128900000000004
0.442539
0.445039
0.450039
0.450664
0.450664
0.450664
0.450039
0.45128900000000005
0.447539
0.447539
0.44191400000000003
0.44441400000000003
0.44128900000000004
0.440039
0.43816400000000005
0.436914
0.434375
0.433125
0.43378900000000004
0.4325
0.43625
0.435039
0.435
0.436914
0.44191400000000003
0.44316400000000006
0.442539
0.44691400000000003
0.448164
0.45125
0.45128900000000005
0.45691400000000004
0.450039
0.45441400000000004
0.448164
0.44691400000000003
0.44628900000000005
0.44378900000000004
0.44191400000000003
0.43878900000000004
0.43878900000000004
0.434414
0.43128900000000003
0.429414
0.42628900000000003
0.42753900000000006
0.43066400000000005
0.43316400000000005
0.431914
0.436914
0.44066400000000006
0.439414
0.43816400000000005
0.43878900000000004
0.435039
0.436914
0.43628900000000004
0.435039
0.43566400000000005
0.43628900000000004
0.43566400000000005
0.432539
0.42816400000000004
0.426914
0.43128900000000003
0.43628900000000004
0.434414
0.436914
0.437539
0.435039
0.431914
0.43003900000000006
0.42566400000000004
0.42316400000000004
0.421914
0.418789
0.418789
0.416289
0.41503900000000005
0.41316400000000003
0.41253900000000004
0.41503900000000005
0.415625
0.41441400000000006
0.4175
0.4225
0.420625
0.413789
0.419375
0.42
0.420625
0.425
0.42503900000000006
0.428125
0.426914
0.42375
0.42316400000000004
0.42003900000000005
0.42003900000000005
0.416875
0.416289
0.41253900000000004
0.41003900000000004
0.41191400000000006
0.41441400000000006
0.41316400000000003
0.41753900000000005
0.42316400000000004
0.42628900000000003
0.419414
0.42066400000000004
0.42003900000000005
0.42003900000000005
0.419414
0.416914
0.41753900000000005
0.41441400000000006
0.41253900000000004
0.41066400000000003
0.41066400000000003
0.406914
0.40816399999999997
0.403789
0.401289
0.403789
0.408789
0.40816399999999997
0.40816399999999997
0.41253900000000004
0.41503900000000005
0.416289
0.41753900000000005
0.41503900000000005
0.42066400000000004
0.423789
0.429414
0.423789
0.429414
0.432539
0.43316400000000005
0.43378900000000004
0.43316400000000005
0.43378900000000004
0.432539
0.435039
0.43566400000000005
0.434414
0.432539
0.43125
0.431914
0.431914
0.43128900000000003
0.431875
0.435039
0.4325
0.43375
0.43125
0.43
0.42625
0.424375
0.424375
0.423125
0.425
0.43003900000000006
0.4325
0.43316400000000005
0.43816400000000005
0.44316400000000006
0.43878900000000004
0.44128900000000004
0.44066400000000006
0.43816400000000005
0.43628900000000004
0.435039
0.43316400000000005
0.43316400000000005
0.43066400000000005
0.43628900000000004
0.42753900000000006
0.42566400000000004
0.421914
0.421914
0.421289
0.42003900000000005
0.41816400000000004
0.416289
0.416914
0.41503900000000005
0.41566400000000003
0.41503900000000005
0.41316400000000003
0.41253900000000004
0.416289
0.416914
0.41441400000000006
0.41316400000000003
0.411289
0.409414
0.409414
0.411289
0.406289
0.409414
0.405039
0.406289
0.406289
0.407539
0.405039
0.403789
0.403789
0.403789
0.402539
0.40066399999999996
0.40316399999999997
0.401914
0.399414
0.400039
0.399414
0.4
0.4
0.404375
0.40875
0.406875
0.4125
0.411875
0.414375
0.419375
0.419375
0.41816400000000004
0.418789
0.42066400000000004
0.421875
0.42503900000000006
0.42316400000000004
0.421289
0.42316400000000004
0.423789
0.423789
0.421289
0.42316400000000004
0.42253900000000005
0.42253900000000005
0.42253900000000005
0.42316400000000004
0.421914
0.42253900000000005
0.421289
0.421289
0.42066400000000004
0.419414
0.41816400000000004
0.418789
0.416914
0.41441400000000006
0.41316400000000003
0.41441400000000006
0.408789
0.411289
0.41191400000000006
0.411289
0.41316400000000003
0.41253900000000004
0.41191400000000006
0.409414
0.41003900000000004
0.408789
0.41066400000000003
0.40816399999999997
0.41191400000000006
0.40816399999999997
0.41003900000000004
0.40566399999999997
0.40816399999999997
0.407539
0.406289
0.406289
0.406914
0.408789
0.41003900000000004
0.418789
0.41441400000000006
0.416289
0.424414
0.423789
0.42375
0.423125
0.424375
0.43375
0.43625
0.439375
0.44
0.436875
0.43566400000000005
0.43566400000000005
0.435
0.43375
0.434414
0.434414
0.433125
0.431914
0.43128900000000003
0.42878900000000003
0.42878900000000003
0.42503900000000006
0.42566400000000004
0.42316400000000004
0.42253900000000005
0.42003900000000005
0.418789
0.41816400000000004
0.416914
0.416289
0.411289
0.41003900000000004
0.409414
0.40816399999999997
0.409414
0.406914
0.406289
0.404414
0.401914
0.40066399999999996
0.401289
0.39816399999999996
0.40316399999999997
0.396289
0.396289
0.396289
0.395039
0.39253899999999997
0.390664
0.388789
0.38753899999999997
0.39253899999999997
0.396289
0.398789
0.403789
0.406289
0.405039
0.41441400000000006
0.42316400000000004
0.421914
0.42878900000000003
0.43566400000000005
0.437539
0.43816400000000005
0.44628900000000005
0.454375
0.45753900000000003
0.463789
0.474375
0.478125
0.473125
0.47566400000000003
0.48125
0.47875
0.47625
0.47375
0.468164
0.465625
0.468164
0.47003900000000004
0.46875
0.47
0.470664
0.468789
0.466289
0.46503900000000004
0.46191400000000005
0.455664
0.45691400000000004
0.447539
0.44878900000000005
0.44378900000000004
0.442539
0.440039
0.436914
0.434414
0.43878900000000004
0.43566400000000005
0.439414
0.44441400000000003
0.44628900000000005
0.44191400000000003
0.44066400000000006
0.43878900000000004
0.437539
0.434414
0.432539
0.43066400000000005
0.42816400000000004
0.426914
0.424414
0.421914
0.42066400000000004
0.41816400000000004
0.41503900000000005
0.41253900000000004
0.408789
0.406289
0.405039
0.403789
0.396914
0.399414
0.397539
0.39566399999999996
0.398789
0.39816399999999996
0.393789
0.391914
0.39253899999999997
0.391914
0.391914
0.38503899999999996
0.38503899999999996
0.388164
0.389414
0.386914
0.38375
0.3825
0.385625
0.3875
0.3925
0.391875
0.386914
0.3925
0.386875
0.384414
0.383789
0.383125
0.379375
0.378164
0.37691399999999997
0.37441399999999997
0.373789
0.371289
0.368789
0.36691399999999996
0.370039
0.36691399999999996
0.36691399999999996
0.367539
0.366289
0.365039
0.36441399999999996
0.363789
0.363164
0.362539
0.36128899999999997
0.359414
0.359414
0.35628899999999997
0.355664
0.353164
0.350664
0.349414
0.34878899999999996
0.349414
0.34566399999999997
0.342539
0.34566399999999997
0.341289
0.34316399999999997
0.341914
0.341914
0.347539
0.34878899999999996
0.349414
0.35628899999999997
0.35378899999999996
0.352539
0.353164
0.357539
0.35878899999999997
0.361914
0.363164
0.363789
0.365039
0.365664
0.366289
0.363789
0.361914
0.366875
0.366875
0.364375
0.365
0.364375
0.371289
0.375039
0.377539
0.37625
0.375039
0.375
0.373789
0.372539
0.370664
0.371875
0.370039
0.36875
0.368164
0.36691399999999996
0.365039
0.36441399999999996
0.362539
0.361914
0.356914
0.35378899999999996
0.354414
0.353164
0.35128899999999996
0.349414
0.34878899999999996
0.348164
0.347539
0.344414
0.34066399999999997
0.341914
0.340039
0.344414
0.33816399999999996
0.337539
0.333789
0.333789
0.33316399999999996
0.335039
0.331914
0.328789
0.331289
0.331914
0.336914
0.328789
0.32753899999999997
0.32753899999999997
0.32753899999999997
0.326289
0.326914
0.326914
0.328164
0.325664
0.325664
0.326289
0.323789
0.328789
0.335039
0.336914
0.338789
0.339414
0.346289
0.34316399999999997
0.35128899999999996
0.34878899999999996
0.349375
0.348164
0.350664
0.35628899999999997
0.358125
0.35875
0.35628899999999997
0.356875
0.353125
0.35
0.351914
0.3475
0.3475
0.348125
0.348125
0.347539
0.34566399999999997
0.346875
0.348164
0.344414
0.34566399999999997
0.341914
0.340039
0.34566399999999997
0.337539
0.336289
0.333789
0.331914
0.331289
0.33003899999999997
0.328789
0.33003899999999997
0.331289
0.331914
0.331914
0.332539
0.33316399999999996
0.336914
0.340039
0.342539
0.341914
0.345039
0.350039
0.35128899999999996
0.34878899999999996
0.34878899999999996
0.344414
0.343789
0.341914
0.340039
0.338789
0.336289
0.336914
0.33316399999999996
0.33316399999999996
0.33003899999999997
0.33566399999999996
0.338789
0.341914
0.346914
0.349414
0.347539
0.345039
0.346289
0.34316399999999997
0.34316399999999997
0.341289
0.336289
0.34125
0.341875
0.345039
0.349375
0.349414
0.346875
0.346875
0.345039
0.3425
0.340625
0.338125
0.3425
0.3375
0.336914
0.33625
0.33566399999999996
0.334414
0.332539
0.330664
0.33003899999999997
0.32503899999999997
0.325664
0.323789
0.323789
0.32253899999999996
0.323164
0.32253899999999996
0.320664
0.32003899999999996
0.318789
0.315664
0.315664
0.316289
0.315664
0.310664
0.308789
0.307539
0.305039
0.305664
0.305664
0.30441399999999996
0.302539
0.301289
0.302539
0.29878899999999997
0.29628899999999997
0.296914
0.295039
0.29378899999999997
0.293164
0.291914
0.292539
0.28878899999999996
0.281289
0.28878899999999996
0.29628899999999997
0.306289
0.30191399999999996
0.306289
0.313789
0.315039
0.31441399999999997
0.31441399999999997
0.313789
0.313789
0.312539
0.3125
0.312539
0.3175
0.320664
0.32375
0.3225
0.319375
0.3175
0.31625
0.309375
0.314375
0.310625
0.30941399999999997
0.308789
0.308125
0.30941399999999997
0.31191399999999997
0.315039
0.315664
0.32253899999999996
0.32253899999999996
0.324414
0.326914
0.33316399999999996
0.33316399999999996
0.337539
0.341289
0.339414
0.340039
0.344414
0.349414
0.346914
0.350664
0.350664
0.350039
0.347539
0.34566399999999997
0.344414
0.343789
0.34316399999999997
0.34066399999999997
0.34066399999999997
0.337539
0.334414
0.33316399999999996
0.329414
0.326914
0.326289
0.324414
0.321914
0.321289
0.318164
0.316914
0.316914
0.316914
0.312539
0.315039
0.31191399999999997
0.308164
0.307539
0.305039
0.30441399999999996
0.302539
0.301289
0.301289
0.299414
0.295625
0.298125
0.295664
0.3
0.30441399999999996
0.305
0.305
0.30441399999999996
0.300664
0.303164
0.299375
0.295039
0.293125
0.29378899999999997
0.294414
0.29628899999999997
0.295039
0.29378899999999997
0.293164
0.29128899999999996
0.295039
0.293164
0.295039
0.293164
0.293164
0.29128899999999996
0.292539
0.292539
0.290039
0.290039
0.290039
0.290039
0.290039
0.290664
0.28878899999999996
0.295039
0.300664
0.301289
0.301289
0.305664
0.312539
0.316914
0.31753899999999996
0.318164
0.31441399999999997
0.31753899999999996
0.32003899999999996
0.320664
0.32003899999999996
0.318164
0.315664
0.31441399999999997
0.313164
0.31191399999999997
0.311289
0.30941399999999997
0.313789
0.308789
0.307539
0.305039
0.30441399999999996
0.303164
0.301289
0.300664
0.299414
0.300664
0.296914
0.303789
0.29625
0.300039
0.308789
0.308164
0.308125
0.30691399999999996
0.306875
0.305625
0.305
0.3025
0.30191399999999996
0.29875
0.297539
0.298125
0.299414
0.297539
0.29628899999999997
0.295664
0.294414
0.292539
0.292539
0.28878899999999996
0.292539
0.290664
0.293164
0.29128899999999996
0.29128899999999996
0.29128899999999996
0.290664
0.290039
0.288164
0.28878899999999996
0.284414
0.287539
0.285039
0.285664
0.279414
0.281914
0.281914
0.28316399999999997
0.284414
0.286914
0.287539
0.284414
0.292539
0.283789
0.281289
0.27816399999999997
0.28066399999999997
0.285039
0.290039
0.290664
0.296914
0.30441399999999996
0.30441399999999996
0.305039
0.303789
0.30191399999999996
0.302539
0.30441399999999996
0.30441399999999996
0.301289
0.300664
0.300039
0.297539
0.296914
0.29875
0.300625
0.310664
0.313789
0.32125
0.32625
0.328125
0.3275
0.325
0.324375
0.323125
0.32125
0.321289
0.323125
0.328789
0.330625
0.330664
0.335039
0.336914
0.33566399999999996
0.331914
0.33316399999999996
0.331914
0.336914
0.344414
0.346289
0.352539
0.355039
0.355664
0.353164
0.35128899999999996
0.350664
0.35128899999999996
0.348164
0.34878899999999996
0.344414
0.341914
0.338789
0.33566399999999996
0.33566399999999996
0.331914
0.33003899999999997
0.328789
0.328164
0.326914
0.326289
0.323164
0.320664
0.32003899999999996
0.32003899999999996
0.316914
0.31753899999999996
0.316289
0.31441399999999997
0.313164
0.31191399999999997
0.305664
0.30691399999999996
0.308789
0.30691399999999996
0.306289
0.305664
0.30441399999999996
0.302539
0.30191399999999996
0.30125
0.30191399999999996
0.3
0.305
0.3175
0.3275
0.335625
0.343125
0.34316399999999997
0.341875
0.342539
0.341875
0.34375
0.345
0.346289
0.35375
0.35378899999999996
0.357539
0.363789
0.363789
0.361914
0.360039
0.356914
0.355664
0.354414
0.35378899999999996
0.351914
0.350664
0.34878899999999996
0.347539
0.346289
0.34566399999999997
0.343789
0.34316399999999997
0.341914
0.34066399999999997
0.33566399999999996
0.336289
0.332539
0.334414
0.33316399999999996
0.333789
0.335039
0.332539
0.332539
0.33566399999999996
0.345039
0.34316399999999997
0.346289
0.35628899999999997
0.358164
0.360039
0.35878899999999997
0.358164
0.358164
0.360039
0.35878899999999997
0.360664
0.356914
0.35878899999999997
0.357539
0.356914
0.352539
0.354414
0.353164
0.351914
0.35128899999999996
0.350039
0.35125
0.349375
0.35375
0.3575
0.364375
0.363125
0.361875
0.360039
0.35878899999999997
0.359414
0.366875
0.375039
0.37625
0.386914
0.395039
0.401914
0.40125
0.400039
0.398789
0.40066399999999996
0.401289
0.40066399999999996
0.400039
0.39816399999999996
0.396914
0.396914
0.395039
0.391914
0.39003899999999997
0.386914
0.386289
0.38503899999999996
0.383789
0.38253899999999996
0.380664
0.378789
0.375039
0.376289
0.37441399999999997
0.37691399999999997
0.37191399999999997
0.370664
0.368789
0.368164
0.365664
0.368789
0.365664
0.363789
0.36128899999999997
0.36128899999999997
0.363789
0.357539
0.358164
0.35628899999999997
0.354414
0.354414
0.35378899999999996
0.353164
0.35378899999999996
0.351914
0.350664
0.35128899999999996
0.34878899999999996
0.347539
0.347539
0.346914
0.34566399999999997
0.34625
0.346875
0.35
0.3575
0.360039
0.360625
0.36128899999999997
0.360039
0.36125
0.36125
0.359414
0.359375
0.35878899999999997
0.3575
0.361914
0.360625
0.35878899999999997
0.3575
0.357539
0.355664
0.355664
0.355664
0.355039
0.35378899999999996
0.353164
0.348164
0.355664
0.354414
0.353164
0.355664
0.355664
0.35628899999999997
0.35628899999999997
0.355664
0.356914
0.355664
0.35628899999999997
0.354414
0.35378899999999996
0.353164
0.35378899999999996
0.35378899999999996
0.359414
0.36441399999999996
0.368164
0.377539
0.384414
0.383789
0.385664
0.383164
0.383789
0.380664
0.380664
0.378789
0.378789
0.378789
0.378164
0.378789
0.373789
0.375039
0.372539
0.36941399999999996
0.37191399999999997
0.370039
0.368789
0.367539
0.3675
0.365664
0.368125
0.370625
0.370625
0.373789
0.3775
0.375625
0.376289
0.37441399999999997
0.374375
0.3725
0.370625
0.370039
0.370625
0.37691399999999997
0.377539
0.380664
0.380664
0.385664
0.385664
0.384414
0.384414
0.38253899999999996
0.38003899999999996
0.379414
0.378789
0.375039
0.377539
0.373164
0.375039
0.381289
0.388164
0.389414
0.396289
0.406289
0.413789
0.41566400000000003
0.41316400000000003
0.41253900000000004
0.41253900000000004
0.41316400000000003
0.41066400000000003
0.41253900000000004
0.41253900000000004
0.41191400000000006
0.408789
0.40816399999999997
0.403789
0.396914
0.39816399999999996
0.393789
0.391914
0.391289
0.388789
0.386289
0.383789
0.381289
0.381914
0.377539
0.368789
0.373789
0.373164
0.373789
0.368789
0.365664
0.36441399999999996
0.363164
0.36128899999999997
0.36441399999999996
0.36691399999999996
0.371289
0.37125
0.36941399999999996
0.36941399999999996
0.368164
0.365625
0.363789
0.362539
0.359414
0.35628899999999997
0.357539
0.352539
0.354375
0.353164
0.355039
0.354414
0.355664
0.355039
0.35378899999999996
0.35378899999999996
0.352539
0.351914
0.348164
0.352539
0.34878899999999996
0.347539
0.345039
0.346289
0.343789
0.342539
0.34316399999999997
0.341914
0.34066399999999997
0.336289
0.331914
0.333789
0.333789
0.336914
0.339414
0.34066399999999997
0.341914
0.343789
0.351914
0.35878899999999997
0.360039
0.357539
0.35628899999999997
0.356914
0.356914
0.356914
0.355039
0.355039
0.354414
0.353164
0.35128899999999996
0.350039
0.34878899999999996
0.343789
0.34316399999999997
0.339414
0.33816399999999996
0.33816399999999996
0.3375
0.336289
0.335039
0.33875
0.3425
0.342539
0.34625
0.345
0.344414
0.341289
0.33875
0.336875
0.334375
0.331875
0.33
0.330625
0.32875
0.331875
0.331914
0.33316399999999996
0.332539
0.33566399999999996
0.340039
0.340039
0.338789
0.337539
0.33816399999999996
0.33566399999999996
0.338789
0.336914
0.33316399999999996
0.332539
0.334414
0.339414
0.338789
0.34066399999999997
0.343789
0.343789
0.350039
0.350664
0.351914
0.36128899999999997
0.36128899999999997
0.360039
0.360039
0.360039
0.361914
0.361914
0.36128899999999997
0.360664
0.35628899999999997
0.35628899999999997
0.355664
0.355039
0.349414
0.346914
0.344414
0.342539
0.34066399999999997
0.340039
0.33816399999999996
0.335039
0.339414
0.335039
0.33816399999999996
0.33816399999999996
0.340039
0.344414
0.350039
0.35128899999999996
0.353125
0.356914
0.354414
0.348125
0.354375
0.3525
0.35875
0.353125
0.35
0.3475
0.34625
0.34875
0.35625
0.3575
0.3625
0.36625
0.36691399999999996
0.363789
0.363164
0.360664
0.360039
0.358164
0.355664
0.35378899999999996
0.353164
0.34566399999999997
0.349414
0.347539
0.34566399999999997
0.346914
0.34566399999999997
0.345039
0.344414
0.34316399999999997
0.34066399999999997
0.34066399999999997
0.334414
0.337539
0.333789
0.337539
0.336914
0.342539
0.343789
0.349414
0.35378899999999996
0.355039
0.358164
0.35628899999999997
0.36441399999999996
0.366289
0.368164
0.362539
0.368164
0.373789
0.380664
0.38003899999999996
0.383789
0.388164
0.386289
0.38503899999999996
0.383789
0.383789
0.383164
0.383789
0.38503899999999996
0.38503899999999996
0.386289
0.390664
0.40066399999999996
0.406289
0.404375
0.4025
0.40375
0.401875
0.40125
0.400625
0.39875
0.395625
0.393125
0.39125
0.39125
0.386289
0.383789
0.385664
0.378789
0.380664
0.377539
0.376289
0.375039
0.372539
0.36941399999999996
0.370664
0.367539
0.370039
0.363789
0.366289
0.36941399999999996
0.363789
0.360664
0.36691399999999996
0.37191399999999997
0.373164
0.38003899999999996
0.381289
0.384414
0.38253899999999996
0.38003899999999996
0.381289
0.38253899999999996
0.384414
0.383789
0.383789
0.383789
0.381289
0.380664
0.380664
0.378164
0.380664
0.375664
0.375664
0.375664
0.373789
0.375039
0.373164
0.37191399999999997
0.372539
0.368164
0.367539
0.365664
0.368789
0.367539
0.365039
0.365039
0.370625
0.372539
0.3775
0.380625
0.38003899999999996
0.38375
0.381875
0.38
0.37625
0.37875
0.376875
0.374375
0.37441399999999997
0.378164
0.38875
0.388125
0.38753899999999997
0.398789
0.398789
0.403789
0.401289
0.402539
0.40566399999999997
0.404414
0.407539
0.41441400000000006
0.41753900000000005
0.418789
0.421289
0.424414
0.423789
0.42066400000000004
0.42066400000000004
0.421914
0.42003900000000005
0.419414
0.418789
0.42003900000000005
0.41191400000000006
0.41441400000000006
0.41003900000000004
0.409414
0.41191400000000006
0.411289
0.409414
0.409414
0.40816399999999997
0.406289
0.405039
0.401289
0.40066399999999996
0.401289
0.400039
0.398789
0.397539
0.39566399999999996
0.395039
0.395039
0.39566399999999996
0.396289
0.393164
0.393789
0.391914
0.393789
0.388164
0.39003899999999997
0.390664
0.395
0.39875
0.40125
0.402539
0.400625
0.403125
0.40125
0.399375
0.395
0.39625
0.395
0.393164
0.390664
0.391289
0.390625
0.39003899999999997
0.390664
0.388789
0.386914
0.385664
0.385664
0.386289
0.384414
0.383164
0.38253899999999996
0.38253899999999996
0.381289
0.379414
0.377539
0.378789
0.38003899999999996
0.38753899999999997
0.389414
0.397539
0.405039
0.407539
0.40566399999999997
0.406289
0.403789
0.40566399999999997
0.406914
0.409414
0.407539
0.40816399999999997
0.406289
0.406289
0.405039
0.404414
0.406289
0.402539
0.404414
0.404414
0.401914
0.400039
0.40066399999999996
0.400039
0.39816399999999996
0.396914
0.395039
0.394414
0.396289
0.397539
0.396914
0.396289
0.396914
0.394414
0.397539
0.4
0.404414
0.404375
0.403125
0.40375
0.403789
0.401289
0.398789
0.39875
0.40125
0.40316399999999997
0.4
0.401289
0.40316399999999997
0.405039
0.408125
0.40566399999999997
0.405039
0.401914
0.402539
0.403789
0.40816399999999997
0.409414
0.408789
0.41191400000000006
0.413789
0.416289
0.41191400000000006
0.41191400000000006
0.42066400000000004
0.421914
0.421914
0.42753900000000006
0.42628900000000003
0.42566400000000004
0.423789
0.42253900000000005
0.421289
0.41816400000000004
0.416914
0.421289
0.426914
0.42816400000000004
0.431914
0.436914
0.43878900000000004
0.435039
0.431914
0.43066400000000005
0.43003900000000006
0.42253900000000005
0.42503900000000006
0.41753900000000005
0.41753900000000005
0.41503900000000005
0.41566400000000003
0.41253900000000004
0.409414
0.406914
0.403789
0.402539
0.396289
0.398789
0.394414
0.393789
0.39375
0.396914
0.39875
0.401289
0.401289
0.400625
0.40125
0.39816399999999996
0.402539
0.394375
0.393164
0.391875
0.38625
0.383125
0.38125
0.380625
0.37875
0.378125
0.375625
0.373789
0.371289
0.368789
0.367539
0.368164
0.365664
0.362539
0.361914
0.360664
0.358164
0.357539
0.35878899999999997
0.35378899999999996
0.354414
0.351914
0.349414
0.34878899999999996
0.346289
0.345039
0.345039
0.34316399999999997
0.342539
0.340039
0.340039
0.33816399999999996
0.33566399999999996
0.336914
0.337539
0.33816399999999996
0.341289
0.34316399999999997
0.341914
0.346289
0.34878899999999996
0.348164
0.353164
0.353164
0.354414
0.351914
0.35128899999999996
0.352539
0.351914
0.349414
0.350039
0.346289
0.337539
0.344414
0.347539
0.360664
0.36375
0.375625
0.385
0.38875
0.388125
0.38625
0.38375
0.383164
0.381914
0.381875
0.381289
0.38
0.377539
0.375
0.37375
0.373125
0.372539
0.37191399999999997
0.367539
0.36691399999999996
0.36128899999999997
0.36128899999999997
0.360664
0.35878899999999997
0.358164
0.354414
0.353164
0.352539
0.350664
0.349414
0.354414
0.355664
0.353164
0.352539
0.360664
0.361914
0.360039
0.362539
0.358164
0.359414
0.355039
0.347539
0.353164
0.354414
0.356914
0.354414
0.355039
0.353164
0.350039
0.348164
0.346914
0.345039
0.344414
0.340039
0.340039
0.338789
0.33816399999999996
0.337539
0.336289
0.335039
0.33316399999999996
0.331914
0.335039
0.338789
0.34
0.339414
0.339375
0.345
0.355625
0.356875
0.357539
0.35878899999999997
0.360664
0.361914
0.355
0.355
0.359414
0.356875
0.358125
0.356875
0.355
0.355
0.360664
0.369375
0.370664
0.374375
0.390664
0.385664
0.384414
0.390664
0.383164
0.380664
0.377539
0.375664
0.37441399999999997
0.373164
0.36941399999999996
0.368164
0.367539
0.365664
0.36441399999999996
0.365039
0.36441399999999996
0.368164
0.367539
0.370039
0.37191399999999997
0.37441399999999997
0.375664
0.370039
0.372539
0.370039
0.373164
0.379414
0.379414
0.38253899999999996
0.388164
0.390664
0.389414
0.389414
0.388789
0.385664
0.38253899999999996
0.379414
0.378164
0.37691399999999997
0.37441399999999997
0.372539
0.371289
0.370664
0.366289
0.368164
0.365664
0.36691399999999996
0.370039
0.372539
0.3725
0.37
0.370664
0.370039
0.370625
0.365625
0.36
0.360625
0.3575
0.359375
0.35375
0.352539
0.3525
0.350625
0.35125
0.35128899999999996
0.35128899999999996
0.351914
0.350664
0.350664
0.350039
0.349414
0.346914
0.346289
0.34566399999999997
0.343789
0.342539
0.341914
0.336289
0.337539
0.337539
0.33566399999999996
0.336289
0.333789
0.33316399999999996
0.331914
0.330664
0.33003899999999997
0.331289
0.331289
0.337539
0.335039
0.336289
0.33566399999999996
0.336289
0.333789
0.331289
0.331914
0.331289
0.331289
0.326289
0.328164
0.326289
0.325664
0.323789
0.324414
0.32503899999999997
0.326914
0.326289
0.326914
0.329414
0.328164
0.329414
0.33566399999999996
0.34878899999999996
0.350664
0.36125
0.37375
0.379414
0.379375
0.37875
0.380625
0.381875
0.379375
0.38375
0.380625
0.37875
0.37625
0.374375
0.373789
0.371875
0.370039
0.367539
0.367539
0.362539
0.360039
0.360664
0.35878899999999997
0.356914
0.358164
0.35628899999999997
0.355039
0.354414
0.352539
0.352539
0.349414
0.355039
0.346914
0.34566399999999997
0.34316399999999997
0.34316399999999997
0.342539
0.341914
0.338789
0.336914
0.339414
0.336289
0.33566399999999996
0.336289
0.333789
0.331289
0.33566399999999996
0.335039
0.337539
0.343789
0.343789
0.350039
0.357539
0.36128899999999997
0.358164
0.360664
0.356914
0.35878899999999997
0.359414
0.358164
0.358164
0.360039
0.358164
0.356914
0.35628899999999997
0.355
0.360039
0.360664
0.36128899999999997
0.36625
0.368125
0.368125
0.36875
0.376875
0.39375
0.393125
0.394375
0.39625
0.399414
0.407539
0.416875
0.421914
0.42003900000000005
0.421289
0.42566400000000004
0.42753900000000006
0.42566400000000004
0.42566400000000004
0.424414
0.42316400000000004
0.418789
0.416914
0.416914
0.41316400000000003
0.411289
0.408789
0.406914
0.404414
0.403789
0.400039
0.397539
0.39566399999999996
0.393164
0.39003899999999997
0.386914
0.384414
0.38253899999999996
0.381289
0.381289
0.373164
0.375039
0.373164
0.371289
0.37191399999999997
0.370039
0.36691399999999996
0.36441399999999996
0.363789
0.36128899999999997
0.360039
0.355664
0.355039
0.35378899999999996
0.35378899999999996
0.351914
0.35128899999999996
0.350039
0.348164
0.346914
0.346914
0.34566399999999997
0.341914
0.352539
0.350625
0.355039
0.358125
0.35378899999999996
0.3525
0.35378899999999996
0.355
0.353125
0.353125
0.350625
0.350625
0.346875
0.345625
0.34375
0.34625
0.346289
0.349414
0.356914
0.359414
0.365039
0.372539
0.373789
0.375664
0.370664
0.372539
0.37191399999999997
0.37191399999999997
0.372539
0.371289
0.370039
0.368164
0.36941399999999996
0.365664
0.363164
0.36441399999999996
0.363789
0.365039
0.363789
0.363164
0.360039
0.360039
0.358164
0.359414
0.355664
0.361914
0.35628899999999997
0.355664
0.35628899999999997
0.35128899999999996
0.350039
0.34878899999999996
0.346914
0.346914
0.349414
0.346289
0.34878899999999996
0.346289
0.345039
0.341914
0.343789
0.342539
0.345039
0.344414
0.345039
0.344414
0.34566399999999997
0.360039
0.359375
0.366875
0.374375
0.379414
0.378125
0.37875
0.38
0.380625
0.37875
0.38
0.378164
0.375625
0.371289
0.37191399999999997
0.375
0.37625
0.37691399999999997
0.380625
0.383164
0.381914
0.386914
0.386914
0.38253899999999996
0.388164
0.386914
0.381289
0.38503899999999996
0.386289
0.385664
0.383789
0.38253899999999996
0.383789
0.378789
0.377539
0.376289
0.37691399999999997
0.376289
0.37441399999999997
0.372539
0.370664
0.370039
0.368789
0.367539
0.365664
0.366289
0.36441399999999996
0.363164
0.362539
0.360664
0.359414
0.35878899999999997
0.358164
0.356914
0.355039
0.35378899999999996
0.346914
0.353164
0.353164
0.357539
0.362539
0.370039
0.37441399999999997
0.375039
0.372539
0.373164
0.381289
0.388164
0.384414
0.39
0.395625
0.396875
0.396875
0.3975
0.395625
0.3925
0.39125
0.389375
0.385
0.385625
0.384375
0.380664
0.375039
0.378164
0.378164
0.38003899999999996
0.37691399999999997
0.376289
0.378164
0.37691399999999997
0.373789
0.370664
0.368164
0.370664
0.37691399999999997
0.379414
0.383164
0.389414
0.393164
0.39253899999999997
0.391289
0.390664
0.39003899999999997
0.388789
0.39003899999999997
0.386289
0.384414
0.381914
0.38003899999999996
0.378789
0.377539
0.37691399999999997
0.37691399999999997
0.381289
0.383164
0.380664
0.388164
0.391289
0.391289
0.388789
0.38753899999999997
0.388164
0.396289
0.39816399999999996
0.394414
0.403789
0.41003900000000004
0.41003900000000004
0.406289
0.403789
0.40316399999999997
0.402539
0.40566399999999997
0.41753900000000005
0.418789
0.424414
0.431914
0.43375
0.42875
0.42875
0.430625
0.429375
0.42878900000000003
0.428125
0.432539
0.43625
0.43878900000000004
0.44316400000000006
0.4475
0.44628900000000005
0.44441400000000003
0.44316400000000006
0.44128900000000004
0.439414
0.439414
0.436914
0.43566400000000005
0.432539
0.431914
0.42878900000000003
0.42628900000000003
0.423789
0.42066400000000004
0.41816400000000004
0.41566400000000003
0.41441400000000006
0.41316400000000003
0.41191400000000006
0.407539
0.40316399999999997
0.403789
0.40066399999999996
0.404414
0.396914
0.396289
0.39253899999999997
0.391914
0.390664
0.391289
0.388164
0.381914
0.386914
0.391289
0.396289
0.391289
0.393164
0.397539
0.40066399999999996
0.400039
0.399414
0.396289
0.399414
0.396289
0.397539
0.395039
0.39566399999999996
0.394414
0.393164
0.391914
0.391289
0.396914
0.401289
0.396914
0.40375
0.40066399999999996
0.398789
0.399375
0.399375
0.401914
0.402539
0.40625
0.406875
0.413789
0.41875
0.4225
0.4225
0.42125
0.42316400000000004
0.42316400000000004
0.424414
0.42316400000000004
0.42066400000000004
0.421289
0.419414
0.41503900000000005
0.41253900000000004
0.41191400000000006
0.407539
0.408789
0.406914
0.406914
0.40566399999999997
0.404414
0.402539
0.402539
0.400039
0.39816399999999996
0.396914
0.396914
0.396289
0.394414
0.39253899999999997
0.391914
0.390664
0.390664
0.390664
0.396289
0.404414
0.40816399999999997
0.40816399999999997
0.418789
0.42753900000000006
0.43378900000000004
0.435039
0.434414
0.435039
0.437539
0.439414
0.43816400000000005
0.439414
0.439414
0.436914
0.43378900000000004
0.434414
0.432539
0.43066400000000005
0.432539
0.434375
0.44066400000000006
0.439414
0.43628900000000004
0.437539
0.437539
0.431914
0.43628900000000004
0.435625
0.43378900000000004
0.43316400000000005
0.433125
0.43378900000000004
0.43003900000000006
0.429414
0.426914
0.42503900000000006
0.4275
0.425
0.423125
0.421289
0.42066400000000004
0.419414
0.416914
0.416914
0.41566400000000003
0.41003900000000004
0.411289
0.407539
0.408789
0.41066400000000003
0.41566400000000003
0.419414
0.421289
0.43003900000000006
0.43628900000000004
0.434414
0.435039
0.43566400000000005
0.437539
0.43316400000000005
0.431914
0.431914
0.43066400000000005
0.429414
0.42878900000000003
0.429414
0.426914
0.42878900000000003
0.42566400000000004
0.42503900000000006
0.42253900000000005
0.42316400000000004
0.424414
0.424414
0.421914
0.421914
0.42316400000000004
0.421289
0.421289
0.41816400000000004
0.416289
0.41441400000000006
0.41566400000000003
0.41503900000000005
0.41503900000000005
0.42566400000000004
0.42878900000000003
0.439375
0.44441400000000003
0.44691400000000003
0.44191400000000003
0.44128900000000004
0.4425
0.44316400000000006
0.44066400000000006
0.44191400000000003
0.446875
0.4475
0.450625
0.455
0.44941400000000004
0.4525
0.4525
0.44875
0.44875
0.448164
0.44566400000000006
0.445039
0.44316400000000006
0.440039
0.44128900000000004
0.440039
0.442539
0.44191400000000003
0.44566400000000006
0.448164
0.447539
0.44378900000000004
0.44128900000000004
0.44128900000000004
0.44066400000000006
0.440039
0.43878900000000004
0.44066400000000006
0.43566400000000005
0.431914
0.42816400000000004
0.429414
0.42753900000000006
0.42566400000000004
0.423789
0.421914
0.421914
0.418789
0.416914
0.416914
0.41316400000000003
0.41003900000000004
0.41441400000000006
0.41753900000000005
0.41816400000000004
0.421289
0.426914
0.42878900000000003
0.42816400000000004
0.432539
0.431914
0.43066400000000005
0.432539
0.43378900000000004
0.432539
0.429414
0.432539
0.43566400000000005
0.43816400000000005
0.436914
0.43378900000000004
0.43566400000000005
0.43316400000000005
0.435039
0.435
0.43125
0.429375
0.426875
0.42375
0.421875
0.419375
0.414375
0.41125
0.41003900000000004
0.41191400000000006
0.41003900000000004
0.40816399999999997
0.40566399999999997
0.404414
0.402539
0.40066399999999996
0.40066399999999996
0.396914
0.397539
0.394414
0.393789
0.391914
0.391289
0.390664
0.38753899999999997
0.386289
0.38503899999999996
0.383789
0.381914
0.381914
0.378164
0.378164
0.37441399999999997
0.371289
0.372539
0.37191399999999997
0.37191399999999997
0.36941399999999996
0.370664
0.370664
0.368164
0.36691399999999996
0.368164
0.366289
0.36441399999999996
0.362539
0.360664
0.35878899999999997
0.358164
0.35878899999999997
0.357539
0.355039
0.354414
0.354414
0.354414
0.355039
0.353164
0.35628899999999997
0.360039
0.367539
0.370039
0.371875
0.368789
0.36625
0.370625
0.3675
0.370664
0.3675
0.365625
0.36375
0.361875
0.35875
0.3575
0.355
0.355625
0.354375
0.35128899999999996
0.351914
0.351914
0.350664
0.353164
0.349414
0.348164
0.346914
0.347539
0.341289
0.343789
0.339414
0.341289
0.341289
0.344414
0.343789
0.343789
0.343789
0.341914
0.342539
0.336914
0.33816399999999996
0.337539
0.339414
0.34316399999999997
0.34878899999999996
0.35128899999999996
0.355039
0.363789
0.370664
0.375664
0.373789
0.383789
0.375039
0.376289
0.377539
0.375664
0.379414
0.38753899999999997
0.39253899999999997
0.39253899999999997
0.400039
0.399414
0.398789
0.396289
0.396289
0.393164
0.391914
0.397539
0.39816399999999996
0.398789
0.399414
0.397539
0.39566399999999996
0.395625
0.389375
0.39
0.388125
0.384375
0.383125
0.379375
0.375625
0.375
0.37625
0.376875
0.378164
0.380625
0.38003899999999996
0.38253899999999996
0.38003899999999996
0.383789
0.383789
0.386914
0.388789
0.386914
0.38753899999999997
0.38253899999999996
0.380664
0.380664
0.383164
0.388164
0.390664
0.389414
0.394414
0.396289
0.394414
0.393789
0.388789
0.389414
0.386914
0.383164
0.381914
0.379414
0.379414
0.376289
0.37441399999999997
0.372539
0.370664
0.36941399999999996
0.36691399999999996
0.362539
0.360664
0.357539
0.354414
0.353164
0.35128899999999996
0.34878899999999996
0.346914
0.344414
0.343789
0.337539
0.34066399999999997
0.33816399999999996
0.334414
0.333789
0.33816399999999996
0.34066399999999997
0.343789
0.34316399999999997
0.341875
0.3425
0.34125
0.343125
0.343125
0.340625
0.338125
0.335625
0.334375
0.33125
0.328789
0.32753899999999997
0.32625
0.323125
0.315664
0.321289
0.320664
0.325664
0.318789
0.318164
0.31753899999999996
0.315664
0.31441399999999997
0.313789
0.31191399999999997
0.31191399999999997
0.30941399999999997
0.308789
0.308164
0.308164
0.305664
0.306289
0.306289
0.303789
0.303789
0.303789
0.300039
0.30191399999999996
0.29628899999999997
0.298164
0.299414
0.29878899999999997
0.298164
0.29878899999999997
0.29878899999999997
0.29878899999999997
0.299414
0.294414
0.292539
0.294414
0.292539
0.293164
0.293164
0.293164
0.292539
0.293164
0.293164
0.296914
0.296914
0.299414
0.305039
0.310664
0.318789
0.318164
0.32253899999999996
0.323164
0.323164
0.325
0.330625
0.33125
0.333125
0.3325
0.33375
0.330625
0.329414
0.328789
0.32625
0.324375
0.32253899999999996
0.32125
0.320625
0.32253899999999996
0.31875
0.32
0.316289
0.315039
0.315664
0.313789
0.311289
0.31191399999999997
0.310039
0.31191399999999997
0.310039
0.308789
0.308164
0.305664
0.305664
0.303789
0.303164
0.303164
0.301289
0.300039
0.303164
0.301289
0.296914
0.299414
0.299414
0.294414
0.300039
0.300039
0.300039
0.301289
0.299414
0.301289
0.300039
0.292539
0.295039
0.29628899999999997
0.305664
0.302539
0.302539
0.30691399999999996
0.31191399999999997
0.313164
0.312539
0.312539
0.31753899999999996
0.323164
0.326914
0.326289
0.333789
0.342539
0.345039
0.34316399999999997
0.34566399999999997
0.355
0.359375
0.3575
0.3675
0.3675
0.366875
0.366875
0.365039
0.361914
0.36
0.358125
0.355625
0.355625
0.351875
0.354414
0.348164
0.346914
0.343789
0.341914
0.338789
0.336914
0.334414
0.333789
0.331914
0.328164
0.32003899999999996
0.323789
0.32253899999999996
0.318789
0.321289
0.326289
0.328164
0.333789
0.340039
0.343789
0.341914
0.340039
0.340039
0.338789
0.338789
0.336289
0.335039
0.333789
0.331914
0.331289
0.33003899999999997
0.32753899999999997
0.324414
0.323164
0.318164
0.319414
0.315039
0.315664
0.313164
0.31191399999999997
0.311289
0.310664
0.310664
0.305664
0.308164
0.307539
0.308789
0.313789
0.316914
0.316914
0.315664
0.315625
0.315039
0.31625
0.31375
0.315664
0.30875
0.310039
0.305
0.307539
0.305
0.301875
0.300664
0.29878899999999997
0.299375
0.296875
0.296914
0.295664
0.293164
0.291914
0.293164
0.291914
0.289414
0.288164
0.287539
0.28628899999999996
0.286914
0.287539
0.28316399999999997
0.28628899999999996
0.281914
0.282539
0.28066399999999997
0.278789
0.279414
0.278789
0.27816399999999997
0.277539
0.276289
0.275039
0.274414
0.274414
0.272539
0.272539
0.273789
0.273789
0.27316399999999996
0.27316399999999996
0.27316399999999996
0.270039
0.270039
0.268164
0.269414
0.265664
0.266914
0.26503899999999997
0.265664
0.265664
0.266289
0.266914
0.263789
0.264414
0.265664
0.268789
0.279414
0.276914
0.27566399999999996
0.277539
0.276914
0.276875
0.276914
0.276289
0.2775
0.275625
0.275039
0.274414
0.271875
0.27
0.2725
0.26875
0.268125
0.266875
0.2675
0.261875
0.263789
0.261289
0.261914
0.26375
0.264414
0.263789
0.263164
0.263164
0.263164
0.263164
0.259414
0.263789
0.259414
0.258164
0.25753899999999996
0.258164
0.256914
0.255664
0.255664
0.256289
0.256289
0.253164
0.249414
0.251289
0.250664
0.256289
0.251289
0.250039
0.25191399999999997
0.25191399999999997
0.251289
0.249414
0.24753899999999998
0.24503899999999998
0.24503899999999998
0.244414
0.24253899999999998
0.24378899999999998
0.241914
0.24128899999999998
0.24128899999999998
0.24128899999999998
0.24003899999999997
0.239414
0.24003899999999997
0.240664
0.24503899999999998
0.249414
0.249414
0.250039
0.25
0.24875
0.24878899999999998
0.24628899999999998
0.250039
0.245664
0.245625
0.245625
0.24375
0.24253899999999998
0.24125
0.24003899999999997
0.238164
0.23566399999999998
0.235
0.236875
0.233789
0.240625
0.23191399999999998
0.232539
0.228789
0.23066399999999998
0.228789
0.227539
0.226289
0.225039
0.226289
0.223789
0.222539
0.221914
0.219414
0.21878899999999998
0.21878899999999998
0.218164
0.21628899999999998
0.21628899999999998
0.215664
0.21378899999999998
0.21378899999999998
0.21253899999999998
0.209414
0.210664
0.20753899999999997
0.20878899999999997
0.209414
0.208164
0.20878899999999997
0.208164
0.206289
0.206289
0.204414
0.202539
0.205039
0.204414
0.201914
0.20003900000000002
0.199414
0.19878900000000002
0.199414
0.19878900000000002
0.19878900000000002
0.19503900000000002
0.203789
0.203789
0.208164
0.206914
0.206914
0.206875
0.20625
0.206289
0.205
0.206875
0.205
0.196875
0.20003900000000002
0.19875
0.205
0.19753900000000002
0.195625
0.193125
0.19125
0.190039
0.190039
0.190625
0.189414
0.186875
0.186289
0.186289
0.18441400000000002
0.182539
0.18191400000000002
0.180039
0.178789
0.17816400000000002
0.178789
0.170664
0.173789
0.171914
0.171289
0.173164
0.170664
0.17003900000000002
0.17003900000000002
0.16878900000000002
0.166914
0.166914
0.161914
0.165664
0.163164
0.16503900000000002
0.163164
0.161914
0.161914
0.16128900000000002
0.16003900000000001
0.160664
0.16003900000000001
0.156914
0.16253900000000002
0.155039
0.151289
0.15066400000000002
0.152539
0.151289
0.15066400000000002
0.15066400000000002
0.14941400000000002
0.14941400000000002
0.14941400000000002
0.156289
0.158164
0.160664
0.158789
0.159414
0.16
0.159414
0.158164
0.156875
0.15625
0.156875
0.155
0.154375
0.151875
0.15
0.1475
0.148789
0.14625
0.145625
0.14566400000000002
0.145039
0.14625
0.141875
0.140039
0.140664
0.138164
0.140664
0.139414
0.139414
0.138164
0.138164
0.13628900000000002
0.138164
0.135664
0.140664
0.134414
0.13503900000000002
0.139414
0.13378900000000002
0.133164
0.13253900000000002
0.131914
0.130664
0.130664
0.127539
0.12878900000000001
0.126914
0.126289
0.125039
0.127539
0.128164
0.127539
0.125664
0.12441400000000001
0.12316400000000001
0.12316400000000001
0.12253900000000001
0.12128900000000001
0.12128900000000001
0.118789
0.120039
0.120039
0.120039
0.119414
0.118164
0.116914
0.12316400000000001
0.126289
0.128164
0.12878900000000001
0.129414
0.131914
0.133125
0.131914
0.13125
0.13
0.13125
0.1325
0.13
0.129375
0.128125
0.126289
0.12378900000000001
0.12375
0.123125
0.121875
0.12191400000000001
0.120625
0.1225
0.119414
0.116289
0.116914
0.118164
0.11316400000000001
0.11503900000000002
0.11378900000000002
0.11316400000000001
0.11191400000000001
0.11316400000000001
0.11316400000000001
0.11253900000000001
0.11316400000000001
0.11128900000000001
0.11003900000000001
0.11003900000000001
0.10878900000000001
0.10691400000000001
0.10816400000000001
0.10691400000000001
0.10566400000000001
0.104414
0.10566400000000001
0.098789
0.103789
0.099414
0.101289
0.104414
0.10503900000000001
0.10503900000000001
0.104414
0.103164
0.101914
0.103164
0.098789
0.096914
0.100039
0.100039
0.100664
0.100664
0.101289
0.100664
0.100039
0.101289
0.10628900000000001
0.10941400000000001
0.117539
0.11003900000000001
0.11378900000000002
0.110625
0.11375
0.115
0.114375
0.114375
0.115
0.11566400000000002
0.114375
0.11375
0.1125
0.1125
0.113125
0.11375
0.11125
0.11066400000000001
0.11378900000000002
0.113125
0.113125
0.1125
0.11378900000000002
0.11253900000000001
0.11253900000000001
0.11191400000000001
0.11003900000000001
0.10878900000000001
0.10753900000000001
0.10753900000000001
0.10753900000000001
0.10753900000000001
0.10878900000000001
0.10941400000000001
0.104414
0.10503900000000001
0.102539
0.10503900000000001
0.10503900000000001
0.10628900000000001
0.10628900000000001
0.10503900000000001
0.102539
0.10503900000000001
0.102539
0.100039
0.103789
0.103164
0.10566400000000001
0.10503900000000001
0.104414
0.104414
0.103164
0.101914
0.103789
0.101289
0.096914
0.100039
0.101914
0.10566400000000001
0.101289
0.100039
0.099414
0.099414
0.101914
0.10566400000000001
0.11253900000000001
0.11566400000000002
0.11503900000000002
0.116289
0.116914
0.117539
0.116289
0.116875
0.11625
0.11625
0.116875
0.1175
0.115
0.114375
0.11375
0.113125
0.1125
0.11125
0.11128900000000001
0.11128900000000001
0.111875
0.11125
0.11128900000000001
0.10941400000000001
0.10941400000000001
0.11066400000000001
0.10753900000000001
0.10941400000000001
0.10878900000000001
0.10816400000000001
0.10816400000000001
0.10816400000000001
0.10753900000000001
0.11003900000000001
0.10753900000000001
0.102539
0.10628900000000001
0.10816400000000001
0.10503900000000001
0.10628900000000001
0.10503900000000001
0.10566400000000001
0.10503900000000001
0.104414
0.10566400000000001
0.10503900000000001
0.10566400000000001
0.103789
0.104414
0.10691400000000001
0.10628900000000001
0.10691400000000001
0.10753900000000001
0.10628900000000001
0.10628900000000001
0.10566400000000001
0.10691400000000001
0.102539
0.10628900000000001
0.10628900000000001
0.104414
0.10503900000000001
0.10566400000000001
0.10628900000000001
0.10503900000000001
0.11066400000000001
0.11378900000000002
0.118789
0.11566400000000002
0.115625
0.118789
0.118125
0.11875
0.12
0.11875
0.118125
0.119375
0.120625
0.120625
0.116875
0.12375
0.11566400000000002
0.116914
0.11253900000000001
0.114375
0.11378900000000002
0.114375
0.11441400000000002
0.114375
0.11625
0.11378900000000002
0.11316400000000001
0.11316400000000001
0.11253900000000001
0.11253900000000001
0.11253900000000001
0.11128900000000001
0.11128900000000001
0.11066400000000001
0.11128900000000001
0.11066400000000001
0.11003900000000001
0.11316400000000001
0.11003900000000001
0.11003900000000001
0.11128900000000001
0.10941400000000001
0.10941400000000001
0.10878900000000001
0.10941400000000001
0.10878900000000001
0.10878900000000001
0.10941400000000001
0.10878900000000001
0.11003900000000001
0.10878900000000001
0.10878900000000001
0.11003900000000001
0.11066400000000001
0.11003900000000001
0.10941400000000001
0.10816400000000001
0.10753900000000001
0.10941400000000001
0.10628900000000001
0.10753900000000001
0.10753900000000001
0.10816400000000001
0.10503900000000001
0.10878900000000001
0.10816400000000001
0.10816400000000001
0.11378900000000002
0.118164
0.12441400000000001
0.12253900000000001
0.118164
0.12253900000000001
0.125
0.12125
0.12316400000000001
0.12378900000000001
0.12191400000000001
0.12375
0.125
0.12378900000000001
0.12316400000000001
0.12253900000000001
0.120625
0.11875
0.118164
0.1175
0.115625
0.1175
0.1175
0.119375
0.1175
0.118125
