0.21503899999999998
0.216914
0.22128899999999999
0.230039
0.233789
0.240664
0.24753899999999998
0.251289
0.254414
0.253789
0.258164
0.25753899999999996
0.259414
0.260664
0.259414
0.26003899999999996
0.264414
0.261914
0.26253899999999997
0.275039
0.279414
0.285039
0.293164
0.305039
0.313789
0.315039
0.313789
0.318789
0.325664
0.331914
0.33566399999999996
0.341289
0.34066399999999997
0.34066399999999997
0.343789
0.340625
0.34
0.341289
0.3425
0.345039
0.348164
0.346289
0.346289
0.349414
0.3525
0.350664
0.34875
0.34875
0.348164
0.347539
0.348125
0.344414
0.341289
0.338125
0.337539
0.336289
0.332539
0.330664
0.33316399999999996
0.336914
0.338789
0.34566399999999997
0.348164
0.348164
0.345039
0.342539
0.33816399999999996
0.34316399999999997
0.341914
0.341289
0.340039
0.339414
0.34316399999999997
0.346914
0.342539
0.354414
0.363789
0.363164
0.363164
0.363164
0.36441399999999996
0.363789
0.363789
0.362539
0.360664
0.360664
0.35878899999999997
0.356914
0.357539
0.355039
0.359414
0.36441399999999996
0.363789
0.368789
0.371289
0.376289
0.373164
0.375039
0.371289
0.376289
0.373789
0.37191399999999997
0.37191399999999997
0.372539
0.378164
0.38375
0.390625
0.391914
0.402539
0.411875
0.414375
0.41316400000000003
0.41191400000000006
0.415
0.424414
0.43
0.431875
0.44125
0.4425
0.452539
0.44378900000000004
0.445039
0.442539
0.44628900000000005
0.44441400000000003
0.44128900000000004
0.43878900000000004
0.43878900000000004
0.439414
0.43878900000000004
0.442539
0.44441400000000003
0.447539
0.455664
0.46128900000000006
0.460664
0.45878900000000006
0.45753900000000003
0.455664
0.455039
0.455664
0.455664
0.450039
0.45128900000000005
0.44941400000000004
0.447539
0.44878900000000005
0.448164
0.448164
0.447539
0.44441400000000003
0.44316400000000006
0.445039
0.44566400000000006
0.445039
0.445039
0.448164
0.45191400000000004
0.455664
0.46003900000000003
0.47191400000000006
0.48003900000000005
0.48253900000000005
0.481289
0.48566400000000004
0.48816400000000004
0.48878900000000003
0.48878900000000003
0.48753900000000006
0.49003900000000006
0.489414
0.488125
0.48875
0.494375
0.501289
0.497539
0.5031640000000001
0.505664
0.515
0.508125
0.509375
0.51
0.509375
0.51375
0.525039
0.53
0.5344140000000001
0.540664
0.541914
0.543164
0.543164
0.546914
0.5494140000000001
0.548164
0.547539
0.5487890000000001
0.5500390000000001
0.551289
0.556289
0.556914
0.5600390000000001
0.561289
0.561289
0.560664
0.560664
0.562539
0.561289
0.560664
0.556914
0.558164
0.5550390000000001
0.552539
0.551914
0.551914
0.551289
0.5500390000000001
0.5494140000000001
0.546914
0.546289
0.542539
0.535664
0.5394140000000001
0.5387890000000001
0.540664
0.536289
0.535039
0.5337890000000001
0.5331640000000001
0.532539
0.532539
0.5331640000000001
0.536914
0.5394140000000001
0.537539
0.5437890000000001
0.550664
0.551289
0.551289
0.552539
0.5656640000000001
0.5706640000000001
0.576875
0.5800390000000001
0.587539
0.586875
0.584375
0.5850390000000001
0.5906640000000001
0.5975
0.5975
0.6019140000000001
0.6062890000000001
0.608164
0.603125
0.6019140000000001
0.6062890000000001
0.603789
0.605664
0.604414
0.603164
0.603789
0.603789
0.610039
0.610664
0.613789
0.6225390000000001
0.615664
0.615039
0.614414
0.6162890000000001
0.6162890000000001
0.618164
0.620664
0.621289
0.626289
0.626289
0.624414
0.6269140000000001
0.625664
0.625664
0.626289
0.6269140000000001
0.626289
0.631289
0.6375390000000001
0.6381640000000001
0.646914
0.660039
0.6637890000000001
0.667539
0.661914
0.6637890000000001
0.6644140000000001
0.667539
0.670039
0.667539
0.666289
0.6644140000000001
0.661289
0.657539
0.656289
0.657539
0.657539
0.657539
0.660039
0.661289
0.661289
0.664375
0.668125
0.664375
0.66625
0.665625
0.670664
0.671289
0.670625
0.6675
0.6675
0.67125
0.6750390000000001
0.676289
0.6750390000000001
0.682539
0.686289
0.686289
0.691914
0.6900390000000001
0.6900390000000001
0.6894140000000001
0.6906640000000001
0.693164
0.691289
0.6894140000000001
0.6906640000000001
0.688164
0.686914
0.683789
0.6800390000000001
0.6787890000000001
0.6800390000000001
0.691289
0.6950390000000001
0.7000390000000001
0.712539
0.7162890000000001
0.7212890000000001
0.719414
0.718164
0.7212890000000001
0.718164
0.7156640000000001
0.712539
0.709414
0.708789
0.7062890000000001
0.7006640000000001
0.702539
0.6956640000000001
0.692539
0.688164
0.686289
0.683789
0.685664
0.6950390000000001
0.703789
0.7062890000000001
0.713789
0.733789
0.733164
0.730039
0.7256640000000001
0.728164
0.727539
0.730039
0.73125
0.730664
0.730039
0.72625
0.725
0.720625
0.71625
0.71375
0.7125
0.7100390000000001
0.70625
0.703164
0.7000390000000001
0.697539
0.6950390000000001
0.691289
0.696289
0.698164
0.6944140000000001
0.693789
0.692539
0.6894140000000001
0.688164
0.6894140000000001
0.693164
0.696289
0.692539
0.6906640000000001
0.6894140000000001
0.688789
0.691289
0.6894140000000001
0.6894140000000001
0.687539
0.686914
0.686289
0.683164
0.6794140000000001
0.686914
0.6800390000000001
0.6794140000000001
0.676289
0.682539
0.6844140000000001
0.683164
0.6794140000000001
0.676914
0.6750390000000001
0.672539
0.676914
0.681914
0.6787890000000001
0.681289
0.691289
0.6950390000000001
0.693789
0.691289
0.6906640000000001
0.6906640000000001
0.6944140000000001
0.696914
0.693789
0.693789
0.693164
0.692539
0.6900390000000001
0.693789
0.693125
0.693789
0.693125
0.693164
0.693125
0.686875
0.6825
0.681875
0.681875
0.6787890000000001
0.6750390000000001
0.6737890000000001
0.672539
0.67
0.670039
0.665664
0.6594140000000001
0.660664
0.660039
0.657539
0.655039
0.6537890000000001
0.650664
0.650664
0.6537890000000001
0.6631640000000001
0.661289
0.666914
0.671914
0.675664
0.676289
0.6737890000000001
0.673164
0.6744140000000001
0.680664
0.682539
0.682539
0.682539
0.681289
0.6787890000000001
0.678164
0.680664
0.678164
0.677539
0.677539
0.678164
0.683789
0.683789
0.693789
0.692539
0.698789
0.708789
0.714414
0.7156640000000001
0.718164
0.7269140000000001
0.732539
0.7319140000000001
0.732539
0.7319140000000001
0.730039
0.738164
0.7469140000000001
0.748789
0.758789
0.765039
0.763789
0.7631640000000001
0.761289
0.764375
0.765625
0.76
0.76375
0.7625
0.763789
0.763125
0.761875
0.759414
0.765
0.770664
0.770039
0.7675390000000001
0.763789
0.761289
0.759414
0.755039
0.751289
0.748789
0.743789
0.738164
0.733164
0.729414
0.7262890000000001
0.723164
0.719414
0.7162890000000001
0.709414
0.708164
0.701914
0.698789
0.6950390000000001
0.6906640000000001
0.686914
0.683789
0.682539
0.676289
0.672539
0.672539
0.670664
0.6744140000000001
0.6737890000000001
0.675664
0.676289
0.673164
0.670664
0.670664
0.666289
0.662539
0.660039
0.6581640000000001
0.657539
0.656289
0.6537890000000001
0.651289
0.6487890000000001
0.6475390000000001
0.6475390000000001
0.6437890000000001
0.636289
0.6375390000000001
0.6375390000000001
0.635039
0.636289
0.636875
0.640625
0.64125
0.64
0.639414
0.641289
0.64625
0.64625
0.646289
0.6475
0.650664
0.6531640000000001
0.6537890000000001
0.65375
0.649414
0.651289
0.651914
0.649414
0.650039
0.646914
0.652539
0.651914
0.6487890000000001
0.6481640000000001
0.646914
0.646289
0.649414
0.656289
0.655664
0.651289
0.6531640000000001
0.652539
0.656914
0.6531640000000001
0.651289
0.6481640000000001
0.646914
0.6425390000000001
0.6437890000000001
0.638789
0.635039
0.635039
0.635664
0.641289
0.6375390000000001
0.635664
0.638789
0.641289
0.641289
0.640664
0.636914
0.635664
0.631289
0.629414
0.629414
0.625664
0.624414
0.621289
0.618164
0.615664
0.613164
0.6119140000000001
0.605664
0.613789
0.615664
0.61625
0.614375
0.620625
0.626289
0.62625
0.625
0.6275
0.63625
0.6375
0.636914
0.646875
0.644375
0.646875
0.6537890000000001
0.654414
0.65875
0.6644140000000001
0.666289
0.6631640000000001
0.6587890000000001
0.657539
0.656289
0.6537890000000001
0.657539
0.649414
0.646914
0.6425390000000001
0.639414
0.6375390000000001
0.6331640000000001
0.629414
0.623789
0.6219140000000001
0.618789
0.6169140000000001
0.614414
0.6112890000000001
0.608164
0.605664
0.602539
0.600039
0.598164
0.5969140000000001
0.5956640000000001
0.591914
0.5912890000000001
0.588164
0.5850390000000001
0.581914
0.578789
0.576914
0.574414
0.572539
0.568164
0.566914
0.563789
0.5644140000000001
0.566914
0.567539
0.567539
0.5644140000000001
0.5644140000000001
0.562539
0.563164
0.558789
0.560664
0.557539
0.5594140000000001
0.571914
0.571289
0.5756640000000001
0.573789
0.572539
0.575
0.57875
0.57625
0.574414
0.5725
0.573789
0.580625
0.5775
0.576914
0.57875
0.579414
0.576914
0.5756640000000001
0.573789
0.573789
0.5700390000000001
0.568789
0.5650390000000001
0.561289
0.5594140000000001
0.561914
0.562539
0.5600390000000001
0.556914
0.5550390000000001
0.551289
0.550664
0.555664
0.558789
0.5550390000000001
0.5594140000000001
0.558164
0.557539
0.5550390000000001
0.556914
0.5594140000000001
0.556289
0.552539
0.551289
0.548164
0.545664
0.545039
0.542539
0.5394140000000001
0.5381640000000001
0.5381640000000001
0.543164
0.5381640000000001
0.531914
0.5394140000000001
0.5394140000000001
0.546289
0.5387890000000001
0.540039
0.542539
0.540664
0.5381640000000001
0.537539
0.536289
0.536914
0.5331640000000001
0.5331640000000001
0.5344140000000001
0.536914
0.537539
0.5381640000000001
0.5437890000000001
0.545625
0.543164
0.546914
0.544375
0.54875
0.542539
0.541875
0.540625
0.539375
0.536875
0.535664
0.5331640000000001
0.529414
0.5287890000000001
0.524414
0.5237890000000001
0.520664
0.520039
0.519414
0.5225390000000001
0.521289
0.525039
0.5281640000000001
0.5287890000000001
0.525664
0.521289
0.520039
0.5181640000000001
0.516289
0.513789
0.5131640000000001
0.510664
0.5075390000000001
0.5031640000000001
0.500664
0.499414
0.49628900000000004
0.49378900000000003
0.49253900000000006
0.49128900000000003
0.48878900000000003
0.48878900000000003
0.48503900000000005
0.48253900000000005
0.48316400000000004
0.48066400000000004
0.479414
0.47816400000000003
0.47816400000000003
0.47253900000000004
0.47316400000000003
0.47566400000000003
0.48066400000000004
0.48003900000000005
0.483789
0.49003900000000006
0.49316400000000005
0.49003900000000006
0.489414
0.48816400000000004
0.48503900000000005
0.49128900000000003
0.49253900000000006
0.4925
0.49253900000000006
0.495039
0.49378900000000003
0.495625
0.49625
0.4975
0.493125
0.488125
0.48625
0.483125
0.4825
0.4825
0.481875
0.481289
0.48253900000000005
0.481289
0.481914
0.479414
0.481289
0.47816400000000003
0.47503900000000004
0.47253900000000004
0.47316400000000003
0.473789
0.470664
0.468789
0.468164
0.47191400000000006
0.46941400000000005
0.47003900000000004
0.46941400000000005
0.470664
0.468789
0.468789
0.468164
0.46441400000000005
0.46191400000000005
0.46003900000000003
0.45878900000000006
0.45878900000000006
0.455664
0.455664
0.45628900000000006
0.45378900000000005
0.45128900000000005
0.44878900000000005
0.445039
0.442539
0.44066400000000006
0.440039
0.43878900000000004
0.43316400000000005
0.436914
0.431914
0.429414
0.42628900000000003
0.42816400000000004
0.42753900000000006
0.426914
0.42753900000000006
0.42753900000000006
0.426914
0.42316400000000004
0.42878900000000003
0.42816400000000004
0.42625
0.439414
0.431914
0.43066400000000005
0.431914
0.430625
0.431875
0.43875
0.43875
0.441875
0.443125
0.445
0.446875
0.44628900000000005
0.445039
0.44566400000000006
0.44441400000000003
0.44316400000000006
0.439414
0.440039
0.43378900000000004
0.43628900000000004
0.43128900000000003
0.43003900000000006
0.43128900000000003
0.43003900000000006
0.42753900000000006
0.42566400000000004
0.42316400000000004
0.42066400000000004
0.421289
0.41441400000000006
0.41566400000000003
0.41441400000000006
0.41441400000000006
0.41191400000000006
0.41441400000000006
0.413789
0.41191400000000006
0.416289
0.42316400000000004
0.42503900000000006
0.42753900000000006
0.440039
0.43816400000000005
0.43566400000000005
0.432539
0.431914
0.431914
0.43003900000000006
0.42816400000000004
0.426914
0.42628900000000003
0.42316400000000004
0.421914
0.419414
0.416289
0.41503900000000005
0.416289
0.41753900000000005
0.413789
0.41316400000000003
0.41253900000000004
0.41066400000000003
0.408789
0.41253900000000004
0.413789
0.411875
0.411289
0.409375
0.413125
0.41875
0.4225
0.423125
0.42125
0.423125
0.421875
0.42125
0.416875
0.41816400000000004
0.41753900000000005
0.41816400000000004
0.418125
0.416289
0.416914
0.41441400000000006
0.41441400000000006
0.41066400000000003
0.40816399999999997
0.40816399999999997
0.41441400000000006
0.421914
0.42566400000000004
0.42628900000000003
0.434414
0.44566400000000006
0.44941400000000004
0.450039
0.445039
0.445039
0.44128900000000004
0.439414
0.43878900000000004
0.43816400000000005
0.43878900000000004
0.43566400000000005
0.434414
0.43128900000000003
0.429414
0.42753900000000006
0.42753900000000006
0.42316400000000004
0.421289
0.418789
0.42253900000000005
0.42628900000000003
0.426914
0.43128900000000003
0.43566400000000005
0.43566400000000005
0.43378900000000004
0.426914
0.42816400000000004
0.426914
0.42566400000000004
0.42566400000000004
0.42253900000000005
0.42066400000000004
0.418789
0.416289
0.41316400000000003
0.41191400000000006
0.41441400000000006
0.413125
0.420625
0.4175
0.41375
0.41375
0.414375
0.41125
0.40875
0.405625
0.406875
0.40125
0.393164
0.395039
0.3925
0.39
0.391914
0.389375
0.38753899999999997
0.386289
0.385664
0.385664
0.383164
0.383164
0.38003899999999996
0.379414
0.377539
0.375039
0.37441399999999997
0.373164
0.37191399999999997
0.370039
0.36941399999999996
0.371289
0.373789
0.380664
0.379414
0.388164
0.391289
0.390664
0.388789
0.388789
0.388789
0.388789
0.391289
0.385664
0.384414
0.386289
0.383164
0.38253899999999996
0.381289
0.38003899999999996
0.378789
0.378789
0.37691399999999997
0.376289
0.373164
0.373789
0.370039
0.368789
0.36691399999999996
0.368789
0.368164
0.368789
0.367539
0.367539
0.368164
0.371289
0.37625
0.378125
0.380625
0.375625
0.379375
0.385625
0.39
0.39
0.394414
0.3975
0.4
0.399375
0.396289
0.399414
0.400625
0.40316399999999997
0.401914
0.401289
0.40066399999999996
0.399414
0.39816399999999996
0.39566399999999996
0.394414
0.39253899999999997
0.390664
0.386914
0.385664
0.383789
0.38253899999999996
0.381289
0.379414
0.377539
0.377539
0.373789
0.36941399999999996
0.370039
0.36941399999999996
0.372539
0.365039
0.363164
0.361914
0.360039
0.360039
0.36441399999999996
0.36128899999999997
0.363789
0.363164
0.363789
0.367539
0.360664
0.359414
0.358164
0.358164
0.358164
0.359414
0.361914
0.366289
0.365039
0.36691399999999996
0.37191399999999997
0.373789
0.375039
0.37191399999999997
0.372539
0.373164
0.373789
0.379375
0.375625
0.380625
0.381289
0.38125
0.383125
0.38625
0.386875
0.385664
0.38253899999999996
0.381914
0.381914
0.378125
0.380664
0.378164
0.375664
0.37375
0.371289
0.370039
0.367539
0.36691399999999996
0.365664
0.365039
0.36128899999999997
0.352539
0.358164
0.356914
0.353164
0.354414
0.354414
0.354414
0.353164
0.351914
0.350664
0.349414
0.348164
0.347539
0.35378899999999996
0.356914
0.35878899999999997
0.366289
0.370664
0.370664
0.36941399999999996
0.371289
0.372539
0.370664
0.37191399999999997
0.365664
0.368164
0.366289
0.365664
0.36441399999999996
0.36691399999999996
0.371289
0.372539
0.379414
0.380664
0.38503899999999996
0.381289
0.379414
0.381289
0.379414
0.378789
0.37691399999999997
0.375039
0.379414
0.38253899999999996
0.38375
0.38003899999999996
0.38003899999999996
0.386914
0.384414
0.390625
0.39375
0.39253899999999997
0.390625
0.39003899999999997
0.39
0.385664
0.38503899999999996
0.384414
0.38125
0.378789
0.380664
0.377539
0.379414
0.385664
0.38503899999999996
0.38753899999999997
0.393164
0.39566399999999996
0.391289
0.391289
0.389414
0.39003899999999997
0.38753899999999997
0.38503899999999996
0.383789
0.381914
0.38003899999999996
0.383164
0.388789
0.390664
0.394414
0.399414
0.396914
0.396289
0.395039
0.39253899999999997
0.391289
0.391914
0.393789
0.39003899999999997
0.384414
0.386289
0.383789
0.383789
0.388789
0.388789
0.393164
0.397539
0.398789
0.400039
0.396914
0.388789
0.394414
0.393164
0.398789
0.391289
0.388789
0.386289
0.38503899999999996
0.389414
0.391289
0.393164
0.39253899999999997
0.390625
0.389375
0.390664
0.389414
0.385625
0.383125
0.38125
0.380625
0.376875
0.374375
0.369375
0.370625
0.37125
0.368789
0.368164
0.36691399999999996
0.365039
0.363789
0.363164
0.361914
0.36128899999999997
0.357539
0.36128899999999997
0.357539
0.355664
0.354414
0.354414
0.35378899999999996
0.355039
0.35378899999999996
0.35378899999999996
0.354414
0.350664
0.346289
0.349414
0.347539
0.34566399999999997
0.347539
0.349414
0.349414
0.348164
0.350664
0.352539
0.353164
0.35128899999999996
0.34878899999999996
0.349414
0.348164
0.348164
0.347539
0.346289
0.346289
0.345039
0.343789
0.343789
0.343789
0.34316399999999997
0.343789
0.343789
0.343789
0.34316399999999997
0.344414
0.346289
0.35128899999999996
0.35378899999999996
0.3575
0.351875
0.355
0.360625
0.370664
0.373164
0.376289
0.38253899999999996
0.384414
0.38375
0.380625
0.379375
0.376289
0.3825
0.375
0.376875
0.373164
0.375664
0.37441399999999997
0.37441399999999997
0.372539
0.375664
0.379414
0.378164
0.38253899999999996
0.386289
0.385664
0.383789
0.38503899999999996
0.384414
0.384414
0.383789
0.38753899999999997
0.393164
0.395039
0.400039
0.40316399999999997
0.41003900000000004
0.406289
0.40816399999999997
0.413789
0.41566400000000003
0.41566400000000003
0.418789
0.42066400000000004
0.421914
0.41816400000000004
0.416914
0.41566400000000003
0.41566400000000003
0.41003900000000004
0.40816399999999997
0.406914
0.403789
0.401289
0.399414
0.399414
0.39566399999999996
0.39816399999999996
0.391914
0.386914
0.388164
0.386914
0.38503899999999996
0.388789
0.390664
0.39375
0.396289
0.390664
0.385
0.393164
0.391914
0.39375
0.391289
0.388125
0.38625
0.385
0.383125
0.38125
0.38003899999999996
0.38253899999999996
0.38
0.37691399999999997
0.376289
0.37691399999999997
0.375039
0.37441399999999997
0.372539
0.371289
0.370664
0.370664
0.363164
0.365039
0.362539
0.363164
0.36441399999999996
0.363164
0.361914
0.362539
0.360664
0.360664
0.360664
0.356914
0.360039
0.354414
0.35628899999999997
0.356914
0.355664
0.35378899999999996
0.353164
0.353164
0.35378899999999996
0.352539
0.349414
0.351914
0.346914
0.34566399999999997
0.339414
0.344414
0.34316399999999997
0.341914
0.341289
0.34066399999999997
0.341914
0.339414
0.340039
0.337539
0.33816399999999996
0.33316399999999996
0.335039
0.334414
0.339414
0.343789
0.346914
0.346875
0.346289
0.345
0.345
0.34625
0.344375
0.341875
0.3425
0.341875
0.340625
0.338125
0.336875
0.33625
0.331875
0.33003899999999997
0.331875
0.333789
0.332539
0.330664
0.33003899999999997
0.33003899999999997
0.328789
0.326289
0.32753899999999997
0.324414
0.33003899999999997
0.321914
0.32253899999999996
0.328164
0.320664
0.318164
0.318789
0.31753899999999996
0.316289
0.316914
0.31441399999999997
0.31441399999999997
0.311289
0.308164
0.308164
0.310039
0.310039
0.308789
0.30941399999999997
0.310039
0.308789
0.308164
0.30691399999999996
0.303789
0.305664
0.300664
0.301289
0.298164
0.299414
0.29878899999999997
0.29878899999999997
0.29878899999999997
0.29878899999999997
0.29628899999999997
0.29378899999999997
0.296914
0.29378899999999997
0.294414
0.294414
0.29878899999999997
0.29878899999999997
0.299414
0.299375
0.3025
0.305
0.3125
0.31191399999999997
0.310625
0.306875
0.3075
0.308125
0.30625
0.305664
0.304375
0.306875
0.305039
0.300664
0.304375
0.303164
0.303789
0.301289
0.300664
0.300039
0.302539
0.305664
0.305664
0.310664
0.316289
0.316289
0.31441399999999997
0.31441399999999997
0.315039
0.315039
0.313789
0.311289
0.30941399999999997
0.307539
0.306289
0.29878899999999997
0.300664
0.296914
0.294414
0.296914
0.295664
0.293164
0.292539
0.290039
0.291914
0.298164
0.295664
0.29878899999999997
0.306289
0.310039
0.310039
0.307539
0.305039
0.30441399999999996
0.305039
0.308789
0.316289
0.313164
0.318164
0.32253899999999996
0.328789
0.32253899999999996
0.32753899999999997
0.32753899999999997
0.328125
0.326914
0.325
0.325625
0.32375
0.323125
0.320625
0.316875
0.314375
0.311875
0.309375
0.306875
0.30691399999999996
0.303164
0.303164
0.3025
0.300664
0.298164
0.296914
0.292539
0.290039
0.289414
0.28628899999999996
0.28316399999999997
0.281289
0.28066399999999997
0.27816399999999997
0.273789
0.271289
0.27066399999999996
0.26753899999999997
0.266914
0.266289
0.265664
0.263789
0.261289
0.258789
0.259414
0.255664
0.256289
0.252539
0.25503899999999996
0.249414
0.254414
0.252539
0.253789
0.253789
0.254414
0.256914
0.252539
0.25503899999999996
0.254414
0.25191399999999997
0.252539
0.252539
0.252539
0.251289
0.250664
0.250664
0.249414
0.249414
0.248164
0.24628899999999998
0.24378899999999998
0.244414
0.251289
0.251289
0.250664
0.25191399999999997
0.256289
0.25875
0.26
0.26
0.258125
0.2575
0.259375
0.265
0.266914
0.266914
0.270625
0.27316399999999996
0.2725
0.278789
0.281875
0.281914
0.28628899999999996
0.290039
0.294414
0.291914
0.29128899999999996
0.290039
0.290664
0.289414
0.290664
0.287539
0.282539
0.285039
0.285664
0.284414
0.281289
0.279414
0.27816399999999997
0.276289
0.274414
0.271914
0.271289
0.269414
0.266289
0.265664
0.266289
0.263789
0.26253899999999997
0.263164
0.261914
0.261289
0.259414
0.258789
0.25191399999999997
0.25753899999999996
0.253164
0.259414
0.261914
0.263164
0.266289
0.271289
0.27316399999999996
0.273789
0.273789
0.270039
0.273789
0.268789
0.276289
0.280039
0.281289
0.282539
0.288164
0.28875
0.294375
0.298125
0.298125
0.306289
0.29875
0.297539
0.290039
0.295
0.292539
0.29125
0.28875
0.287539
0.288125
0.28628899999999996
0.285664
0.281914
0.279414
0.280039
0.28066399999999997
0.27816399999999997
0.276289
0.275039
0.275039
0.274414
0.27316399999999996
0.273789
0.27066399999999996
0.271914
0.271289
0.270039
0.268164
0.268164
0.26753899999999997
0.268164
0.268789
0.268789
0.266914
0.266289
0.26503899999999997
0.263164
0.266289
0.265664
0.266914
0.266914
0.265664
0.26253899999999997
0.265664
0.26503899999999997
0.258789
0.26503899999999997
0.265664
0.265664
0.26503899999999997
0.264414
0.264414
0.26503899999999997
0.263789
0.26503899999999997
0.261914
0.258789
0.27316399999999996
0.27816399999999997
0.288164
0.298164
0.303125
0.303164
0.30441399999999996
0.305
0.305
0.306875
0.308164
0.30691399999999996
0.305625
0.303164
0.301289
0.3
0.3025
0.3075
0.309375
0.31625
0.323125
0.323125
0.323164
0.32253899999999996
0.32503899999999997
0.323164
0.321914
0.32003899999999996
0.31753899999999996
0.316289
0.315664
0.315039
0.31191399999999997
0.310664
0.310039
0.307539
0.302539
0.30691399999999996
0.30691399999999996
0.30691399999999996
0.306289
0.305664
0.305039
0.300664
0.29378899999999997
0.298164
0.299414
0.303789
0.297539
0.296914
0.297539
0.295664
0.29378899999999997
0.29378899999999997
0.291914
0.29128899999999996
0.28878899999999996
0.28878899999999996
0.28878899999999996
0.288164
0.28878899999999996
0.288164
0.290039
0.290039
0.289414
0.28878899999999996
0.285039
0.285664
0.293164
0.29378899999999997
0.293164
0.29378899999999997
0.2975
0.300625
0.301875
0.3
0.303125
0.300664
0.299375
0.3025
0.29875
0.3
0.29875
0.298164
0.29625
0.29625
0.2975
0.298164
0.294414
0.299414
0.292539
0.290664
0.296914
0.290664
0.28878899999999996
0.287539
0.28628899999999996
0.28878899999999996
0.297539
0.298164
0.301289
0.310664
0.31441399999999997
0.315039
0.315039
0.313789
0.31441399999999997
0.315039
0.31441399999999997
0.313164
0.310664
0.313789
0.30941399999999997
0.311289
0.307539
0.307539
0.307539
0.306289
0.305664
0.303164
0.302539
0.30191399999999996
0.300039
0.299414
0.295664
0.295039
0.294414
0.29378899999999997
0.293164
0.291914
0.29128899999999996
0.290039
0.290664
0.287539
0.293164
0.289414
0.29378899999999997
0.300039
0.299414
0.29878899999999997
0.30625
0.31375
0.315664
0.326914
0.33125
0.330664
0.32875
0.329375
0.333125
0.32753899999999997
0.32753899999999997
0.325625
0.325664
0.325
0.323125
0.321289
0.321875
0.319414
0.319414
0.318789
0.316914
0.315039
0.313164
0.311289
0.30941399999999997
0.30691399999999996
0.306289
0.30191399999999996
0.303164
0.303789
0.300664
0.300039
0.296914
0.295039
0.29378899999999997
0.291914
0.290664
0.290039
0.286914
0.290664
0.285664
0.285664
0.285039
0.285039
0.285039
0.283789
0.281289
0.28066399999999997
0.28066399999999997
0.277539
0.278789
0.27566399999999996
0.276914
0.27066399999999996
0.27316399999999996
0.27316399999999996
0.271289
0.271289
0.27066399999999996
0.27066399999999996
0.26753899999999997
0.273789
0.274414
0.276914
0.280039
0.280039
0.279375
0.278125
0.2775
0.276875
0.277539
0.276914
0.27066399999999996
0.275
0.272539
0.269414
0.268164
0.26875
0.26625
0.26625
0.26625
0.265664
0.265664
0.260664
0.260664
0.261289
0.261289
0.258164
0.259414
0.25753899999999996
0.256914
0.256914
0.256289
0.256289
0.253789
0.26003899999999996
0.252539
0.25191399999999997
0.252539
0.25191399999999997
0.25191399999999997
0.253164
0.253164
0.252539
0.254414
0.25191399999999997
0.25191399999999997
0.251289
0.250039
0.24753899999999998
0.25191399999999997
0.25191399999999997
0.250039
0.24878899999999998
0.248164
0.246914
0.246914
0.24878899999999998
0.24378899999999998
0.246914
0.241914
0.24253899999999998
0.24253899999999998
0.243164
0.241914
0.24128899999999998
0.24003899999999997
0.240664
0.245664
0.24628899999999998
0.250664
0.252539
0.251875
0.253164
0.253164
0.250625
0.250625
0.250625
0.25125
0.248125
0.24125
0.24128899999999998
0.240625
0.24
0.23875
0.238164
0.238125
0.2375
0.236289
0.238125
0.23441399999999998
0.23441399999999998
0.232539
0.23191399999999998
0.228789
0.22816399999999998
0.227539
0.226289
0.226289
0.225039
0.22441399999999997
0.223789
0.22316399999999997
0.22128899999999999
0.220664
0.22003899999999998
0.21878899999999998
0.21878899999999998
0.21753899999999998
0.21753899999999998
0.214414
0.21253899999999998
0.213164
0.208164
0.21003899999999998
0.209414
0.209414
0.210664
0.210664
0.20878899999999997
0.206289
0.206289
0.206289
0.206914
0.203789
0.202539
0.203164
0.204414
0.202539
0.20128900000000002
0.202539
0.20003900000000002
0.199414
0.19878900000000002
0.201914
0.204414
0.21628899999999998
0.21378899999999998
0.210664
0.21503899999999998
0.211875
0.211875
0.211875
0.213125
0.21253899999999998
0.21375
0.211875
0.210625
0.2075
0.205625
0.205625
0.203789
0.201875
0.201914
0.20125
0.200625
0.199414
0.199414
0.195664
0.196914
0.19253900000000002
0.194414
0.19253900000000002
0.191914
0.190664
0.190039
0.187539
0.186914
0.186914
0.18316400000000002
0.18191400000000002
0.182539
0.18191400000000002
0.18316400000000002
0.18191400000000002
0.181289
0.180039
0.178789
0.176289
0.177539
0.17566400000000001
0.181289
0.173164
0.174414
0.17566400000000001
0.174414
0.171914
0.170664
0.17003900000000002
0.166914
0.16878900000000002
0.16628900000000002
0.16753900000000002
0.164414
0.161914
0.160664
0.16128900000000002
0.16253900000000002
0.16128900000000002
0.160664
0.16003900000000001
0.164414
0.16753900000000002
0.173164
0.173164
0.172539
0.171914
0.171289
0.170625
0.17
0.17
0.169414
0.168125
0.168125
0.166875
0.166914
0.1625
0.161914
0.16
0.158125
0.158789
0.158164
0.1575
0.15625
0.157539
0.153789
0.14941400000000002
0.152539
0.15191400000000002
0.14566400000000002
0.14941400000000002
0.14816400000000002
0.147539
0.147539
0.14441400000000001
0.147539
0.145039
0.14566400000000002
0.143164
0.142539
0.141914
0.141289
0.140664
0.139414
0.13878900000000002
0.136914
0.136914
0.13628900000000002
0.13878900000000002
0.136914
0.13628900000000002
0.13878900000000002
0.13628900000000002
0.135664
0.13503900000000002
0.13378900000000002
0.13253900000000002
0.130664
0.13128900000000002
0.12378900000000001
0.129414
0.125664
0.12878900000000001
0.126914
0.128164
0.127539
0.125664
0.125664
0.13253900000000002
0.13753900000000002
0.13878900000000002
0.138164
0.140625
0.139414
0.139375
0.14
0.14
0.14
0.140625
