0.12253900000000001
0.120039
0.12191400000000001
0.12191400000000001
0.12128900000000001
0.12191400000000001
0.12128900000000001
0.12316400000000001
0.12066400000000001
0.11441400000000002
0.118789
0.118164
0.119414
0.118164
0.118164
0.119414
0.118789
0.118789
0.12191400000000001
0.120039
0.11503900000000002
0.118164
0.118789
0.116914
0.118789
0.118789
0.118789
0.118164
0.118125
0.11875
0.118164
0.11875
0.116289
0.116914
0.118789
0.118164
0.1175
0.12375
0.12625
0.129414
0.130625
0.13125
0.125625
0.13125
0.130625
0.131914
0.131875
0.13253900000000002
0.13128900000000002
0.131914
0.13128900000000002
0.13128900000000002
0.13128900000000002
0.129414
0.13378900000000002
0.131914
0.126914
0.129414
0.128164
0.128164
0.126914
0.126914
0.129414
0.128164
0.125664
0.12128900000000001
0.12441400000000001
0.12316400000000001
0.12253900000000001
0.12441400000000001
0.12441400000000001
0.12378900000000001
0.125664
0.126289
0.127539
0.126914
0.125664
0.12441400000000001
0.12441400000000001
0.125039
0.125039
0.12253900000000001
0.12378900000000001
0.12316400000000001
0.12378900000000001
0.12378900000000001
0.12378900000000001
0.126289
0.125664
0.12441400000000001
0.12878900000000001
0.127539
0.128164
0.128164
0.128164
0.129414
0.13
0.13128900000000002
0.128164
0.13128900000000002
0.125625
0.13003900000000002
0.129375
0.13125
0.135
0.14
0.14125
0.14
0.141914
0.140625
0.139375
0.136875
0.139414
0.141875
0.141914
0.140039
0.13878900000000002
0.138164
0.138164
0.139414
0.13753900000000002
0.13753900000000002
0.136914
0.136914
0.135664
0.134414
0.13503900000000002
0.13253900000000002
0.13378900000000002
0.13253900000000002
0.13253900000000002
0.133164
0.133164
0.129414
0.131914
0.128164
0.13003900000000002
0.131914
0.130664
0.13253900000000002
0.133164
0.133164
0.133164
0.13128900000000002
0.13253900000000002
0.131914
0.13253900000000002
0.128164
0.128164
0.128164
0.126914
0.127539
0.12878900000000001
0.13003900000000002
0.126914
0.127539
0.126914
0.127539
0.127539
0.126289
0.125664
0.125664
0.12441400000000001
0.125
0.12625
0.12441400000000001
0.125664
0.125625
0.12316400000000001
0.12375
0.128125
0.1325
0.1375
0.138125
0.13625
0.135625
0.13625
0.138125
0.138125
0.136914
0.138164
0.13753900000000002
0.13628900000000002
0.13628900000000002
0.13628900000000002
0.13503900000000002
0.13378900000000002
0.13378900000000002
0.127539
0.13003900000000002
0.12878900000000001
0.12878900000000001
0.13003900000000002
0.130664
0.129414
0.129414
0.12878900000000001
0.128164
0.12878900000000001
0.125664
0.128164
0.125039
0.125664
0.125664
0.12378900000000001
0.12378900000000001
0.12441400000000001
0.126289
0.12878900000000001
0.12878900000000001
0.125039
0.12378900000000001
0.125664
0.12316400000000001
0.125039
0.12253900000000001
0.12378900000000001
0.12316400000000001
0.12253900000000001
0.12316400000000001
0.12441400000000001
0.12253900000000001
0.12066400000000001
0.12128900000000001
0.12066400000000001
0.12128900000000001
0.12066400000000001
0.120039
0.120039
0.120039
0.119414
0.118164
0.11875
0.12125
0.118125
0.11875
0.11625
0.12375
0.125625
0.13
0.13
0.129375
0.129375
0.1325
0.1275
0.130664
0.129375
0.129414
0.128164
0.126914
0.126289
0.126289
0.125039
0.12378900000000001
0.125664
0.12253900000000001
0.126914
0.12128900000000001
0.12316400000000001
0.127539
0.12066400000000001
0.119414
0.120039
0.118789
0.118164
0.120039
0.116914
0.116289
0.11503900000000002
0.11378900000000002
0.11316400000000001
0.11503900000000002
0.11566400000000002
0.11441400000000002
0.11566400000000002
0.11503900000000002
0.11378900000000002
0.11316400000000001
0.11316400000000001
0.10878900000000001
0.11316400000000001
0.11003900000000001
0.11066400000000001
0.11003900000000001
0.10878900000000001
0.11003900000000001
0.10941400000000001
0.11003900000000001
0.11066400000000001
0.10816400000000001
0.10753900000000001
0.11066400000000001
0.11128900000000001
0.10753900000000001
0.10691400000000001
0.10628900000000001
0.105625
0.10628900000000001
0.10625
0.10625
0.10625
0.105625
0.10753900000000001
0.10625
0.111875
0.115
0.11875
0.12
0.1175
0.118125
0.120625
0.119375
0.1125
0.118164
0.11566400000000002
0.12066400000000001
0.116914
0.116289
0.11503900000000002
0.116289
0.118789
0.12191400000000001
0.12253900000000001
0.128164
0.13128900000000002
0.13378900000000002
0.134414
0.131914
0.133164
0.133164
0.131914
0.13253900000000002
0.131914
0.13253900000000002
0.125039
0.128164
0.125664
0.126289
0.128164
0.12878900000000001
0.128164
0.128164
0.127539
0.125664
0.126289
0.12253900000000001
0.128164
0.126289
0.13128900000000002
0.13003900000000002
0.130664
0.130664
0.13128900000000002
0.13003900000000002
0.13128900000000002
0.130664
0.126914
0.134414
0.125039
0.12378900000000001
0.12878900000000001
0.12378900000000001
0.121875
0.12128900000000001
0.12125
0.12125
0.12375
0.12125
0.123125
0.120625
0.124375
0.125
0.131914
0.13378900000000002
0.131875
0.13125
0.130625
0.13128900000000002
0.131914
0.13253900000000002
0.130625
0.130664
0.129414
0.13003900000000002
0.13003900000000002
0.12878900000000001
0.127539
0.127539
0.127539
0.126914
0.126914
0.125664
0.128164
0.125039
0.127539
0.126289
0.126914
0.127539
0.12878900000000001
0.13628900000000002
0.143164
0.14441400000000001
0.156289
0.16003900000000001
0.161914
0.15441400000000002
0.163164
0.161914
0.163164
0.16378900000000002
0.16253900000000002
0.16378900000000002
0.163164
0.17003900000000002
0.172539
0.17003900000000002
0.171289
0.18316400000000002
0.190664
0.191914
0.191914
0.19253900000000002
0.191914
0.195664
0.195664
0.193164
0.191914
0.189414
0.190039
0.186914
0.18566400000000002
0.18375
0.18375
0.18375
0.184375
0.182539
0.18441400000000002
0.186914
0.18875
0.19128900000000001
0.190664
0.189414
0.188125
0.188789
0.188789
0.188125
0.18625
0.188789
0.188164
0.186289
0.18191400000000002
0.188164
0.194414
0.194414
0.200664
0.205039
0.20878899999999997
0.205039
0.198164
0.203789
0.204414
0.202539
0.201914
0.20003900000000002
0.200664
0.19878900000000002
0.198164
0.198164
0.19628900000000002
0.196914
0.195664
0.19503900000000002
0.195664
0.19378900000000002
0.194414
0.19503900000000002
0.194414
0.19378900000000002
0.19128900000000001
0.19128900000000001
0.18566400000000002
0.190039
0.185039
0.187539
0.187539
0.187539
0.186914
0.187539
0.187539
0.186914
0.187539
0.182539
0.182539
0.186914
0.187539
0.186289
0.187539
0.189375
0.191875
0.19125
0.19125
0.194414
0.19253900000000002
0.191914
0.20125
0.2075
0.205625
0.203164
0.203125
0.2025
0.2025
0.203164
0.20566399999999999
0.20625
0.206914
0.20753899999999997
0.206914
0.206289
0.208164
0.20878899999999997
0.20753899999999997
0.208164
0.208164
0.208164
0.208164
0.21003899999999998
0.20753899999999997
0.21003899999999998
0.20878899999999997
0.20753899999999997
0.208164
0.21003899999999998
0.210664
0.211914
0.21128899999999998
0.21128899999999998
0.210664
0.21003899999999998
0.211914
0.210664
0.21503899999999998
0.215664
0.22128899999999999
0.22691399999999998
0.226289
0.227539
0.233789
0.23878899999999997
0.24128899999999998
0.25753899999999996
0.268789
0.271914
0.278789
0.285039
0.286914
0.290039
0.291914
0.294414
0.29378899999999997
0.29628899999999997
0.300039
0.302539
0.303164
0.30691399999999996
0.303164
0.305039
0.303125
0.308125
0.31753899999999996
0.318125
0.31875
0.321875
0.331289
0.332539
0.33003899999999997
0.32875
0.32875
0.328125
0.328164
0.326875
0.3275
0.323789
0.321914
0.318164
0.31753899999999996
0.31753899999999996
0.313789
0.31191399999999997
0.313789
0.311289
0.310664
0.310039
0.30941399999999997
0.31191399999999997
0.316914
0.319414
0.31753899999999996
0.319414
0.319414
0.318789
0.319414
0.318164
0.32003899999999996
0.32003899999999996
0.321914
0.32753899999999997
0.334414
0.346914
0.343789
0.342539
0.34316399999999997
0.342539
0.341289
0.341914
0.340039
0.34066399999999997
0.337539
0.336289
0.335039
0.333789
0.33316399999999996
0.332539
0.33316399999999996
0.331289
0.332539
0.336914
0.333789
0.341914
0.345
0.35128899999999996
0.350039
0.34875
0.350039
0.349375
0.3475
0.346875
0.3475
0.34878899999999996
0.353164
0.355039
0.354414
0.354375
0.35628899999999997
0.36
0.359414
0.363164
0.366289
0.36875
0.36691399999999996
0.37191399999999997
0.365664
0.365664
0.358164
0.360664
0.360664
0.357539
0.356914
0.355039
0.355664
0.352539
0.350664
0.350039
0.347539
0.346914
0.348164
0.345039
0.345039
0.346289
0.35128899999999996
0.352539
0.35628899999999997
0.365039
0.365039
0.370039
0.373164
0.373789
0.379414
0.383164
0.383164
0.381914
0.383164
0.384414
0.384414
0.383789
0.381289
0.381914
0.380664
0.379414
0.379414
0.378164
0.375664
0.373789
0.375039
0.372539
0.373164
0.372539
0.373789
0.37191399999999997
0.371875
0.370625
0.371289
0.370625
0.3725
0.383164
0.389375
0.390625
0.406875
0.408125
0.406875
0.41375
0.4125
0.415625
0.416875
0.41625
0.415
0.418789
0.42503900000000006
0.42375
0.426914
0.43003900000000006
0.431914
0.43316400000000005
0.43816400000000005
0.439414
0.44128900000000004
0.44378900000000004
0.44566400000000006
0.44191400000000003
0.44878900000000005
0.45191400000000004
0.450664
0.45378900000000005
0.45628900000000006
0.455039
0.452539
0.45191400000000004
0.45191400000000004
0.45191400000000004
0.45191400000000004
0.46003900000000003
0.46191400000000005
0.45628900000000006
0.45691400000000004
0.46253900000000003
0.46691400000000005
0.468789
0.471289
0.47003900000000004
0.47003900000000004
0.46753900000000004
0.46128900000000006
0.465664
0.465664
0.47003900000000004
0.46253900000000003
0.45941400000000004
0.46003900000000003
0.46503900000000004
0.468164
0.47003900000000004
0.47503900000000004
0.48066400000000004
0.48003900000000005
0.47816400000000003
0.47691400000000006
0.47691400000000006
0.47625
0.47753900000000005
0.476875
0.47625
0.478125
0.479375
0.48253900000000005
0.481875
0.480625
0.47816400000000003
0.478125
0.4775
0.48375
0.4875
0.486875
0.49066400000000004
0.496914
0.49316400000000005
0.49253900000000006
0.49878900000000004
0.49628900000000004
0.496914
0.49378900000000003
0.49253900000000006
0.491914
0.491914
0.49253900000000006
0.49128900000000003
0.486914
0.491914
0.48316400000000004
0.481914
0.47816400000000003
0.47816400000000003
0.47691400000000006
0.47503900000000004
0.47191400000000006
0.47003900000000004
0.46941400000000005
0.46691400000000005
0.468164
0.47566400000000003
0.476289
0.481289
0.49128900000000003
0.49316400000000005
0.49003900000000006
0.489414
0.49066400000000004
0.49003900000000006
0.49003900000000006
0.489414
0.48503900000000005
0.489414
0.484414
0.484414
0.48316400000000004
0.481914
0.48066400000000004
0.48003900000000005
0.479414
0.48003900000000005
0.479414
0.47691400000000006
0.478789
0.47816400000000003
0.47691400000000006
0.481289
0.486289
0.4875
0.493125
0.499375
0.50625
0.5075
0.519375
0.51875
0.514375
0.516875
0.521875
0.5231640000000001
0.5225390000000001
0.526914
0.5381640000000001
0.548164
0.5444140000000001
0.541914
0.541289
0.542539
0.546289
0.5487890000000001
0.547539
0.545039
0.545039
0.543164
0.542539
0.540664
0.540039
0.536289
0.5344140000000001
0.531914
0.530664
0.5287890000000001
0.529414
0.525664
0.5237890000000001
0.525664
0.525664
0.524414
0.530039
0.532539
0.530039
0.530039
0.5281640000000001
0.525664
0.524414
0.525039
0.5231640000000001
0.5231640000000001
0.516914
0.521289
0.516914
0.520664
0.516914
0.5175390000000001
0.516289
0.515039
0.515039
0.5181640000000001
0.5225390000000001
0.520039
0.530039
0.526914
0.526914
0.531289
0.52625
0.525625
0.52375
0.52625
0.529375
0.533125
0.53125
0.535664
0.531875
0.53125
0.535664
0.538125
0.539375
0.545664
0.5487890000000001
0.547539
0.5494140000000001
0.5500390000000001
0.546289
0.550664
0.551914
0.5544140000000001
0.5537890000000001
0.558164
0.557539
0.558164
0.5644140000000001
0.572539
0.5750390000000001
0.5806640000000001
0.5906640000000001
0.597539
0.594414
0.5956640000000001
0.594414
0.5962890000000001
0.594414
0.592539
0.589414
0.589414
0.5856640000000001
0.5912890000000001
0.5806640000000001
0.5800390000000001
0.578789
0.577539
0.573164
0.571289
0.568164
0.5656640000000001
0.5656640000000001
0.563789
0.566289
0.566289
0.5694140000000001
0.573164
0.5750390000000001
0.5806640000000001
0.5800390000000001
0.582539
0.5856640000000001
0.5850390000000001
0.584414
0.5850390000000001
0.58125
0.5800390000000001
0.581914
0.581914
0.58375
0.583164
0.58625
0.58625
0.58875
0.58625
0.5856640000000001
0.583125
0.58875
0.59625
0.5962890000000001
0.6012890000000001
0.602539
0.608164
0.6162890000000001
0.618164
0.629414
0.634414
0.628789
0.636289
0.6331640000000001
0.6375390000000001
0.636914
0.638789
0.636914
0.6325390000000001
0.6319140000000001
0.6331640000000001
0.629414
0.6281640000000001
0.6269140000000001
0.631289
0.6281640000000001
0.6269140000000001
0.628789
0.629414
0.6275390000000001
0.626289
0.630039
0.6331640000000001
0.6331640000000001
0.636289
0.6375390000000001
0.635039
0.630664
0.626289
0.623164
0.619414
0.6169140000000001
0.614414
0.6125390000000001
0.605664
0.6112890000000001
0.608789
0.6062890000000001
0.610664
0.6119140000000001
0.6112890000000001
0.615039
0.6169140000000001
0.613789
0.613164
0.608164
0.6062890000000001
0.608789
0.609414
0.602539
0.6006640000000001
0.59875
0.605664
0.606875
0.611875
0.6119140000000001
0.6075
0.6125390000000001
0.605
0.6
0.6006640000000001
0.599414
0.598164
0.597539
0.598164
0.5969140000000001
0.5956640000000001
0.593164
0.592539
0.5906640000000001
0.592539
0.593789
0.593164
0.593789
0.593789
0.5956640000000001
0.5962890000000001
0.593789
0.5962890000000001
0.602539
0.6069140000000001
0.605039
0.613164
0.619414
0.6225390000000001
0.6281640000000001
0.636289
0.636914
0.641914
0.646914
0.6431640000000001
0.645039
0.650039
0.6475390000000001
0.651914
0.651289
0.649414
0.6475390000000001
0.646289
0.6431640000000001
0.6431640000000001
0.646289
0.650664
0.649414
0.6531640000000001
0.652539
0.6531640000000001
0.650039
0.6481640000000001
0.646289
0.644414
0.6437890000000001
0.639414
0.634414
0.63375
0.634414
0.629375
0.630664
0.640664
0.65
0.661289
0.676875
0.683789
0.681875
0.681289
0.676914
0.6737890000000001
0.671289
0.672539
0.671914
0.670039
0.668164
0.666289
0.6644140000000001
0.662539
0.660039
0.657539
0.6487890000000001
0.6475390000000001
0.6475390000000001
0.645039
0.641289
0.639414
0.6381640000000001
0.6375390000000001
0.6375390000000001
0.633789
0.6281640000000001
0.628789
0.6269140000000001
0.631289
0.625039
0.6269140000000001
0.6269140000000001
0.6275390000000001
0.628789
0.6319140000000001
0.6325390000000001
0.635039
0.636289
0.6381640000000001
0.6425390000000001
0.636914
0.641914
0.645664
0.644414
0.645039
0.6437890000000001
0.641914
0.645039
0.6475390000000001
0.6475390000000001
0.652539
0.651914
0.650039
0.6481640000000001
0.6475390000000001
0.6475390000000001
0.649414
0.654414
0.6537890000000001
0.6594140000000001
0.66375
0.668164
0.666875
0.6675
0.669375
0.670039
0.66625
0.663125
0.66125
0.656289
0.651875
0.651914
0.64625
0.646289
0.645039
0.6437890000000001
0.640664
0.638789
0.6381640000000001
0.636914
0.6325390000000001
0.630664
0.628789
0.6275390000000001
0.6319140000000001
0.624414
0.625664
0.6275390000000001
0.6269140000000001
0.630664
0.633789
0.6325390000000001
0.635664
0.6381640000000001
0.638789
0.6431640000000001
0.6437890000000001
0.640664
0.640039
0.638789
0.640039
0.640664
0.639414
0.6381640000000001
0.635664
0.6319140000000001
0.6319140000000001
0.6275390000000001
0.630039
0.631289
0.6331640000000001
0.633789
0.640664
0.646914
0.645039
0.646914
0.6487890000000001
0.650039
0.650039
0.649414
0.649414
0.6537890000000001
0.656289
0.654414
0.654414
0.650664
0.652539
0.649414
0.64375
0.6481640000000001
0.650664
0.651875
0.6537890000000001
0.651914
0.6475390000000001
0.646875
0.641875
0.639414
0.635
0.6375390000000001
0.645039
0.641914
0.641914
0.6481640000000001
0.652539
0.654414
0.650039
0.6481640000000001
0.646914
0.6425390000000001
0.641914
0.640039
0.6381640000000001
0.640039
0.645039
0.654414
0.654414
0.6631640000000001
0.676289
0.680664
0.6800390000000001
0.680664
0.677539
0.670664
0.667539
0.668164
0.666914
0.665039
0.6637890000000001
0.661289
0.656289
0.651914
0.650664
0.644414
0.6425390000000001
0.641289
0.638789
0.635664
0.6381640000000001
0.644414
0.645664
0.6475390000000001
0.6481640000000001
0.656289
0.655039
0.655039
0.6475390000000001
0.645664
0.645039
0.6425390000000001
0.640664
0.6381640000000001
0.634414
0.6319140000000001
0.6275390000000001
0.625664
0.623125
0.628125
0.6269140000000001
0.623164
0.6225
0.623164
0.623789
0.623164
0.613125
0.61625
0.611875
0.6125
0.6112890000000001
0.6119140000000001
0.610039
0.608789
0.607539
0.604414
0.603789
0.5969140000000001
0.5969140000000001
0.592539
0.5906640000000001
0.588789
0.5862890000000001
0.584414
0.5806640000000001
0.579414
0.578789
0.576289
0.572539
0.5700390000000001
0.568164
0.5650390000000001
0.562539
0.561914
0.5600390000000001
0.558789
0.556914
0.5544140000000001
0.5550390000000001
0.551914
0.5494140000000001
0.548164
0.545664
0.543164
0.542539
0.540664
0.5387890000000001
0.5381640000000001
0.535664
0.5337890000000001
0.5331640000000001
0.5331640000000001
0.5287890000000001
0.5287890000000001
0.526914
0.5237890000000001
0.5225390000000001
0.521914
0.521289
0.521914
0.521289
0.519414
0.519414
0.516289
0.5175
0.519414
0.526914
0.530625
0.536289
0.540625
0.540625
0.5375
0.541875
0.539375
0.533125
0.530625
0.530664
0.531875
0.531875
0.530039
0.5287890000000001
0.531289
0.5337890000000001
0.535039
0.5331640000000001
0.535664
0.532539
0.5344140000000001
0.5337890000000001
0.5337890000000001
0.536289
0.535039
0.536289
0.540039
0.5387890000000001
0.541289
0.546289
0.545664
0.545039
0.545664
0.5537890000000001
0.552539
0.552539
0.5537890000000001
0.556289
0.556289
0.555664
0.551289
0.551289
0.551914
0.551914
0.548164
0.545039
0.542539
0.5394140000000001
0.536289
0.5337890000000001
0.535664
0.5394140000000001
0.545664
0.543164
0.548164
0.5494140000000001
0.5500390000000001
0.546914
0.5437890000000001
0.541289
0.5394140000000001
0.540039
0.535039
0.5394140000000001
0.530039
0.531289
0.539375
0.53625
0.534375
0.530625
0.52625
0.523125
0.52125
0.516914
0.515
0.51
0.50625
0.505664
0.504414
0.5019140000000001
0.49878900000000004
0.496914
0.49378900000000003
0.49253900000000006
0.49128900000000003
0.48566400000000004
0.48878900000000003
0.484414
0.484414
0.48316400000000004
0.481289
0.478789
0.47753900000000005
0.47566400000000003
0.47191400000000006
0.471289
0.46441400000000005
0.46503900000000004
0.46253900000000003
0.46128900000000006
0.453164
0.45441400000000004
0.452539
0.450664
0.450039
0.450039
0.44941400000000004
0.44566400000000006
0.450664
0.44316400000000006
0.43878900000000004
0.43316400000000005
0.43566400000000005
0.43378900000000004
0.431914
0.43003900000000006
0.43066400000000005
0.432539
0.429414
0.429414
0.42878900000000003
0.426914
0.42753900000000006
0.42628900000000003
0.42503900000000006
0.421914
0.42066400000000004
0.419414
0.418789
0.421289
0.426914
0.42375
0.42566400000000004
0.434375
0.440625
0.440625
0.43875
0.439375
0.436875
0.435
0.43378900000000004
0.43125
0.43125
0.42878900000000003
0.429414
0.42566400000000004
0.424414
0.421914
0.419414
0.416914
0.41441400000000006
0.41503900000000005
0.411289
0.409414
0.409414
0.409414
0.408789
0.40566399999999997
0.40316399999999997
0.401289
0.40066399999999996
0.396914
0.39816399999999996
0.393789
0.393789
0.39003899999999997
0.38753899999999997
0.386289
0.386914
0.39253899999999997
0.391289
0.394414
0.393789
0.39566399999999996
0.396914
0.40066399999999996
0.39816399999999996
0.39816399999999996
0.399414
0.397539
0.396914
0.396914
0.40066399999999996
0.401914
0.408789
0.41816400000000004
0.41503900000000005
0.416914
0.424414
0.42503900000000006
0.424414
0.42503900000000006
0.42253900000000005
0.42003900000000005
0.421289
0.431914
0.44566400000000006
0.44441400000000003
0.44691400000000003
0.460664
0.47503900000000004
0.476289
0.47566400000000003
0.474375
0.475
0.474375
0.47316400000000003
0.47253900000000004
0.466875
0.458125
0.46191400000000005
0.45628900000000006
0.45191400000000004
0.450039
0.44691400000000003
0.44316400000000006
0.43878900000000004
0.436914
0.43566400000000005
0.43066400000000005
0.431914
0.43378900000000004
0.432539
0.43816400000000005
0.442539
0.442539
0.440039
0.436914
0.43628900000000004
0.43628900000000004
0.435039
0.42878900000000003
0.42878900000000003
0.421289
0.42066400000000004
0.41816400000000004
0.41753900000000005
0.41566400000000003
0.41753900000000005
0.421914
0.421914
0.42566400000000004
0.426914
0.42753900000000006
0.42816400000000004
0.423789
0.42503900000000006
0.421914
0.42066400000000004
0.41816400000000004
0.41566400000000003
0.41441400000000006
0.41441400000000006
0.411289
0.411289
0.405039
0.402539
0.397539
0.39816399999999996
0.396289
0.393789
0.391914
0.39003899999999997
0.388789
0.385664
0.390625
0.39125
0.39625
0.393125
0.39125
0.391289
0.390625
0.388125
0.386875
0.384414
0.385
0.386289
0.384414
0.38753899999999997
0.38753899999999997
0.38753899999999997
0.38753899999999997
0.391289
0.391289
0.393789
0.396914
0.399414
0.396914
0.396289
0.396289
0.394414
0.395039
0.393789
0.391914
0.391289
0.39253899999999997
0.397539
0.401914
0.403789
0.406914
0.411289
0.41316400000000003
0.41503900000000005
0.41066400000000003
0.41003900000000004
0.411289
0.409414
0.40816399999999997
0.41316400000000003
0.41253900000000004
0.411289
0.41066400000000003
0.413789
0.413789
0.41503900000000005
0.421914
0.423789
0.42503900000000006
0.431914
0.44066400000000006
0.44128900000000004
0.44878900000000005
0.45753900000000003
0.458164
0.46941400000000005
0.47691400000000006
0.478789
0.47753900000000005
0.47816400000000003
0.479375
0.48066400000000004
0.483125
0.4825
0.48816400000000004
0.486875
0.48503900000000005
0.48316400000000004
0.47875
0.47566400000000003
0.47191400000000006
0.46941400000000005
0.46691400000000005
0.464375
0.46128900000000006
0.46441400000000005
0.463164
0.46003900000000003
0.45691400000000004
0.455664
0.45378900000000005
0.452539
0.450039
0.447539
0.447539
0.44378900000000004
0.43566400000000005
0.44128900000000004
0.439414
0.43628900000000004
0.43566400000000005
0.43316400000000005
0.43378900000000004
0.43628900000000004
0.44128900000000004
0.442539
0.447539
0.453164
0.45378900000000005
0.452539
0.452539
0.453164
0.455039
0.455664
0.45441400000000004
0.45441400000000004
0.453164
0.45128900000000005
0.447539
0.448164
0.442539
0.44378900000000004
0.44128900000000004
0.44128900000000004
0.440039
0.43878900000000004
0.436914
0.43566400000000005
0.43566400000000005
0.432539
0.43816400000000005
0.439414
0.43878900000000004
0.44628900000000005
0.448164
0.448164
0.44628900000000005
0.444375
0.443125
0.44878900000000005
0.450039
0.449375
0.45
0.45378900000000005
0.45625
0.46375
0.463164
0.468164
0.470625
0.470625
0.47
0.469375
0.471289
0.470664
0.47003900000000004
0.46691400000000005
0.46753900000000004
0.46753900000000004
0.465664
0.463789
0.46253900000000003
0.46003900000000003
0.46128900000000006
0.46253900000000003
0.458164
0.46003900000000003
0.45691400000000004
0.45878900000000006
0.45753900000000003
0.45691400000000004
0.45753900000000003
0.45753900000000003
0.45628900000000006
0.45691400000000004
0.45628900000000006
0.455039
0.45128900000000005
0.45191400000000004
0.45191400000000004
0.44941400000000004
0.44878900000000005
0.450664
0.450039
0.450039
0.453164
0.450664
0.44566400000000006
0.448164
0.44566400000000006
0.44628900000000005
0.44441400000000003
0.44316400000000006
0.442539
0.442539
0.44066400000000006
0.445039
0.44128900000000004
0.434414
0.44066400000000006
0.44191400000000003
0.44128900000000004
0.44441400000000003
0.44941400000000004
0.450664
0.45628900000000006
0.46
0.46191400000000005
0.464375
0.46941400000000005
0.46753900000000004
0.46691400000000005
0.468164
0.46753900000000004
0.46503900000000004
0.46375
0.46375
0.463125
0.4625
0.463164
0.46003900000000003
0.463125
0.46503900000000004
0.465664
0.46441400000000005
0.46253900000000003
0.46128900000000006
0.46003900000000003
0.458164
0.455664
0.455664
0.450664
0.452539
0.447539
0.44628900000000005
0.44128900000000004
0.44378900000000004
0.44191400000000003
0.44066400000000006
0.439414
0.439414
0.44066400000000006
0.442539
0.437539
0.44441400000000003
0.447539
0.44941400000000004
0.450039
0.45378900000000005
0.460664
0.460664
0.465664
0.468789
0.46691400000000005
0.46441400000000005
0.465664
0.471289
0.471289
0.47253900000000004
0.473789
0.47316400000000003
0.471289
0.471289
0.471289
0.470664
0.468789
0.46503900000000004
0.46691400000000005
0.46191400000000005
0.46128900000000006
0.45941400000000004
0.45753900000000003
0.45441400000000004
0.453164
0.455664
0.459375
0.45691400000000004
0.46128900000000006
0.45878900000000006
0.456875
0.454375
0.45625
0.45625
0.459375
0.463164
0.46375
0.463164
0.46125
0.46691400000000005
0.46191400000000005
0.45691400000000004
0.45441400000000004
0.455664
0.455039
0.45128900000000005
0.448164
0.445039
0.44441400000000003
0.44191400000000003
0.445039
0.445039
0.44628900000000005
0.45128900000000005
0.455039
0.45441400000000004
0.450664
0.44878900000000005
0.447539
0.44628900000000005
0.445039
0.44378900000000004
0.43816400000000005
0.440039
0.435039
0.43378900000000004
0.431914
0.43003900000000006
0.42878900000000003
0.426914
0.424414
0.421914
0.419414
0.41816400000000004
0.41503900000000005
0.41503900000000005
0.41003900000000004
0.407539
0.40566399999999997
0.404414
0.402539
0.401289
0.40066399999999996
0.397539
0.400039
0.393164
0.391914
0.388789
0.388164
0.38753899999999997
0.384414
0.38753899999999997
0.39
0.393789
0.393125
0.388125
0.394375
0.390625
0.396875
0.391875
0.389375
0.38875
0.3875
0.385625
0.385
0.384375
0.383789
0.380664
0.38003899999999996
0.378164
0.38003899999999996
0.376289
0.376289
0.378789
0.380664
0.381289
0.386289
0.383789
0.388164
0.385664
0.383789
0.385664
0.384414
0.383164
0.38253899999999996
0.380664
0.379414
0.378789
0.373164
0.375664
0.37191399999999997
0.370664
0.36691399999999996
0.367539
0.366289
0.36691399999999996
0.373164
0.38003899999999996
0.38003899999999996
0.386289
0.394414
0.395039
0.393789
0.39003899999999997
0.391289
0.391289
0.39003899999999997
0.38753899999999997
0.386914
0.386289
0.383789
0.383164
0.381289
0.378164
0.375664
0.37441399999999997
0.372539
0.370664
0.37441399999999997
0.375625
0.379375
0.380625
0.378125
0.377539
0.37625
0.373125
0.373164
0.37
0.3675
0.36375
0.363125
0.363789
0.363125
0.358164
0.356914
0.360039
0.358164
0.36128899999999997
0.35878899999999997
0.357539
0.358164
0.355664
0.355039
0.35628899999999997
0.353164
0.35878899999999997
0.350039
0.350039
0.351914
0.346289
0.34566399999999997
0.344414
0.34316399999999997
0.341289
0.342539
0.336914
0.336914
0.335039
0.33316399999999996
0.331914
0.332539
0.33316399999999996
0.330664
0.331289
0.329414
0.328164
0.326914
0.326914
0.32253899999999996
0.324414
0.318789
0.32003899999999996
0.318789
0.318789
0.318164
0.316914
0.315664
0.31441399999999997
0.312539
0.30941399999999997
0.308164
0.310664
0.310664
0.310664
0.316289
0.32375
0.33
0.339375
0.344375
0.344375
0.3475
0.34625
0.344375
0.340625
0.3425
0.34066399999999997
0.33816399999999996
0.33625
0.33375
0.335
0.330664
0.326914
0.328164
0.328789
0.333789
0.336289
0.336289
0.342539
0.344414
0.34316399999999997
0.342539
0.341914
0.341289
0.33816399999999996
0.336914
0.336289
0.33316399999999996
0.331914
0.331289
0.33003899999999997
0.328789
0.326289
0.325664
0.318164
0.32003899999999996
0.316914
0.315664
0.318164
0.316914
0.316289
0.315039
0.313164
0.310664
0.310039
0.305039
0.30441399999999996
0.303789
0.303789
0.300664
0.300664
0.29878899999999997
0.29878899999999997
0.29878899999999997
0.29878899999999997
0.29878899999999997
0.295039
0.297539
0.29378899999999997
0.292539
0.288164
0.293164
0.29878899999999997
0.30191399999999996
0.310625
0.318125
0.32125
0.32125
0.32253899999999996
0.32
0.3175
0.313789
0.313164
0.3125
0.31191399999999997
0.310664
0.310039
0.310039
0.310039
0.310039
0.307539
0.30441399999999996
0.30191399999999996
0.300664
0.299414
0.297539
0.295664
0.294414
0.293164
0.29378899999999997
0.290664
0.28878899999999996
0.290039
0.287539
0.290039
0.288164
0.290664
0.290664
0.289414
0.286914
0.287539
0.284414
0.286914
0.281914
0.285664
0.28316399999999997
0.283789
0.28316399999999997
0.28316399999999997
0.281289
0.279414
0.281289
0.276289
0.279414
0.284414
0.283789
0.28628899999999996
0.29378899999999997
0.300664
0.29878899999999997
0.29878899999999997
0.297539
0.296914
0.296914
0.29628899999999997
0.294414
0.292539
0.291914
0.289414
0.295664
0.296914
0.300039
0.300039
0.29875
0.300625
0.300039
0.295
0.291914
0.290625
0.29
0.290625
0.28628899999999996
0.285039
0.285
0.285039
0.285039
0.281914
0.279414
0.279414
0.27816399999999997
0.277539
0.27566399999999996
0.27316399999999996
0.271914
0.271289
0.269414
0.27066399999999996
0.266289
0.26253899999999997
0.263789
0.264414
0.263164
0.261914
0.26003899999999996
0.26003899999999996
0.258789
0.258164
0.25753899999999996
0.255664
0.256289
0.255664
0.255664
0.256289
0.254414
0.25503899999999996
0.255664
0.253164
0.25191399999999997
0.250664
0.253164
0.252539
0.259414
0.259414
0.26753899999999997
0.272539
0.27316399999999996
0.272539
0.272539
0.27316399999999996
0.27316399999999996
0.273789
0.268789
0.271289
0.271914
0.268164
0.272539
0.275039
0.278789
0.283125
0.2825
0.284414
0.286875
0.284375
0.29
0.283125
0.281289
0.27875
0.27625
0.273789
0.27316399999999996
0.27316399999999996
0.271914
0.27125
0.269414
0.268164
0.26753899999999997
0.264414
0.26503899999999997
0.268164
0.275039
0.27816399999999997
0.282539
0.290664
0.29628899999999997
0.297539
0.298164
0.295664
0.295664
0.295039
0.292539
0.295664
0.29378899999999997
0.293164
0.29128899999999996
0.288164
0.287539
0.28628899999999996
0.283789
0.283789
0.281289
0.282539
0.281914
0.282539
0.280039
0.276289
0.273789
0.274414
0.27066399999999996
0.263789
0.26753899999999997
0.26753899999999997
0.27066399999999996
0.268164
0.268789
0.269414
0.269414
0.26753899999999997
0.268164
0.263789
0.25503899999999996
0.261914
0.26003899999999996
0.264414
0.266289
0.270039
0.271289
0.269375
0.270625
0.27066399999999996
0.269375
0.26753899999999997
0.26503899999999997
0.265
0.26503899999999997
0.26625
0.2725
0.27375
0.278125
0.278125
0.27816399999999997
0.284414
0.287539
0.28878899999999996
0.28628899999999996
0.28878899999999996
0.289414
0.28878899999999996
0.288164
0.28628899999999996
0.285039
0.284414
0.285039
0.28066399999999997
0.279414
0.279414
0.276289
0.273789
0.274414
0.273789
0.272539
0.270039
0.268789
0.269414
0.265664
0.258789
0.263789
0.264414
0.26753899999999997
0.261914
0.261914
0.260664
0.259414
0.256914
0.25753899999999996
0.256289
0.255664
0.253164
0.253164
0.253164
0.25191399999999997
0.25191399999999997
0.25191399999999997
0.250664
0.250039
0.24878899999999998
0.249414
0.244414
0.245625
0.24628899999999998
0.250039
0.253164
0.2575
0.259414
0.25875
0.26
0.260625
0.26253899999999997
0.256875
0.254414
0.25753899999999996
0.25375
0.254375
0.254375
0.254375
0.255
0.254375
0.255664
0.25503899999999996
0.252539
0.25753899999999996
0.251289
0.250039
0.256289
0.248164
0.24753899999999998
0.246914
0.245664
0.24503899999999998
0.24628899999999998
0.24378899999999998
0.24253899999999998
0.241914
0.24128899999999998
0.241914
0.24253899999999998
0.240664
0.239414
0.24003899999999997
0.238164
0.23691399999999999
0.23878899999999997
0.24128899999999998
0.238164
0.23878899999999997
0.24003899999999997
0.23878899999999997
0.24003899999999997
0.23691399999999999
0.236289
0.23566399999999998
0.235039
0.235039
0.23441399999999998
0.235039
0.23191399999999998
0.231289
0.23191399999999998
0.23191399999999998
0.232539
0.23066399999999998
0.230039
0.228789
0.230039
0.227539
0.23191399999999998
0.22941399999999998
0.231289
0.23878899999999997
0.24128899999999998
0.24253899999999998
0.24
0.240664
0.240664
0.24253899999999998
0.239375
0.2375
0.23625
0.23625
0.239375
0.232539
0.2325
0.233789
0.23375
0.23316399999999998
0.232539
0.231289
0.23191399999999998
0.230039
0.230039
0.228789
0.22816399999999998
0.22816399999999998
0.227539
0.226289
0.226289
0.225039
0.22441399999999997
0.220664
0.222539
0.22316399999999997
0.222539
0.220664
0.219414
0.218164
0.216914
0.215664
0.21628899999999998
0.216914
0.214414
0.218164
0.21503899999999998
0.21503899999999998
0.21503899999999998
0.21503899999999998
0.213164
0.21253899999999998
0.21128899999999998
0.210664
0.21128899999999998
0.20878899999999997
0.20566399999999999
0.206914
0.20753899999999997
0.20753899999999997
0.205039
0.204414
0.203789
0.201914
0.202539
0.203164
0.201914
0.201914
0.202539
0.206289
0.21128899999999998
0.214414
0.215
0.214375
0.215
0.215
0.214375
0.213125
0.206875
0.211875
0.20875
0.2075
0.209414
0.2125
0.214375
0.2175
0.22128899999999999
0.22566399999999998
0.22566399999999998
0.219414
0.22003899999999998
0.220664
0.22128899999999999
0.219414
0.219414
0.218164
0.21628899999999998
0.21503899999999998
0.21378899999999998
0.214414
0.209414
0.214414
0.206289
0.205039
0.201914
0.203789
0.202539
0.20003900000000002
0.198164
0.19753900000000002
0.198164
0.195664
0.194414
0.194414
0.19253900000000002
0.189414
0.193164
0.19128900000000001
0.189414
0.188164
0.185039
0.185039
0.18441400000000002
0.186289
0.17941400000000002
0.182539
0.17816400000000002
0.180039
0.178789
0.177539
0.17566400000000001
0.175039
0.173789
0.173789
0.173789
0.174414
0.178789
0.18441400000000002
0.185
0.184375
0.184375
0.185625
0.185625
0.18375
0.18375
0.180625
0.17375
0.174375
0.173125
0.1725
0.174375
0.173789
0.171914
0.171289
0.171289
0.171914
0.168164
0.17003900000000002
0.16628900000000002
0.165664
0.163164
0.16253900000000002
0.16253900000000002
0.16253900000000002
0.161914
0.163164
0.16128900000000002
0.16128900000000002
0.16128900000000002
0.158789
0.159414
0.158164
0.157539
0.156289
0.155039
0.153789
0.152539
0.15191400000000002
0.15316400000000002
0.147539
0.150039
0.150039
0.150039
0.15066400000000002
0.14941400000000002
0.14816400000000002
0.14691400000000002
0.14566400000000002
0.145039
0.14566400000000002
0.143164
0.14441400000000001
0.141914
0.142539
0.141289
0.140664
0.140664
0.140039
0.13878900000000002
0.140664
0.140664
0.140039
0.151289
0.152539
0.153789
0.16
0.15375
0.1525
0.15375
0.15375
0.153125
0.1525
0.151875
0.150625
0.148125
0.14566400000000002
0.145039
0.14625
0.146875
0.146289
0.145625
0.145039
0.143789
0.143789
0.140039
0.142539
0.13753900000000002
0.139414
0.136914
0.139414
0.138164
0.13878900000000002
0.138164
0.136914
0.138164
0.13253900000000002
0.13253900000000002
0.134414
0.13253900000000002
0.133164
0.133164
0.13128900000000002
0.130664
0.13003900000000002
0.129414
0.13128900000000002
0.129414
0.13878900000000002
0.13003900000000002
0.13128900000000002
0.13253900000000002
0.129414
0.129414
0.127539
0.127539
0.127539
0.128164
0.126289
0.128164
0.126289
0.12316400000000001
0.12191400000000001
0.12441400000000001
0.12316400000000001
0.12253900000000001
0.12378900000000001
0.12316400000000001
0.12253900000000001
0.125664
0.131914
0.134414
0.13878900000000002
0.138164
0.138164
0.13875
0.139414
0.13875
0.138125
0.1375
0.1375
0.136875
0.135
0.131875
0.133164
0.13125
0.13128900000000002
0.130664
0.133164
0.130664
0.129414
0.130664
0.12878900000000001
0.12316400000000001
0.126289
0.126914
0.12066400000000001
0.125039
0.125664
0.12441400000000001
0.12441400000000001
0.12378900000000001
0.125664
0.12316400000000001
0.12378900000000001
0.12253900000000001
0.12191400000000001
0.120039
0.12066400000000001
0.120039
0.118164
0.118164
0.117539
0.118789
0.118789
0.119414
0.118789
0.119414
0.120039
0.118164
0.117539
0.118789
0.116914
0.116914
0.11566400000000002
0.116289
0.11066400000000001
0.116914
0.11316400000000001
0.11316400000000001
0.11503900000000002
0.11503900000000002
0.11503900000000002
0.11378900000000002
0.11503900000000002
0.11378900000000002
0.12128900000000001
0.12191400000000001
0.12375
0.129375
0.128125
0.1275
0.130625
0.1325
0.130625
0.13128900000000002
0.13125
0.13128900000000002
0.126875
0.12316400000000001
0.126875
0.12128900000000001
0.118125
0.1225
0.12316400000000001
0.12253900000000001
0.12253900000000001
0.12191400000000001
0.12253900000000001
0.120039
0.12066400000000001
0.119414
0.118164
0.118164
0.118164
0.116914
0.117539
0.116914
0.116914
0.118164
0.116914
0.11566400000000002
0.116289
0.11191400000000001
0.11566400000000002
0.11316400000000001
0.11191400000000001
0.11128900000000001
0.11191400000000001
0.11253900000000001
0.11253900000000001
0.11503900000000002
0.11191400000000001
0.11066400000000001
0.11378900000000002
0.10941400000000001
0.11128900000000001
0.11066400000000001
0.11128900000000001
0.11003900000000001
0.11003900000000001
0.10816400000000001
0.11066400000000001
0.10816400000000001
0.10503900000000001
0.10878900000000001
0.11066400000000001
0.11066400000000001
0.10878900000000001
0.10816400000000001
0.10816400000000001
0.10753900000000001
0.10691400000000001
0.11441400000000002
0.118125
0.121875
0.1225
0.12375
0.12128900000000001
0.124375
0.126875
0.126875
0.12441400000000001
0.12375
0.12191400000000001
0.12128900000000001
0.12125
0.117539
0.11875
0.118164
0.118164
0.116914
0.1175
0.116914
0.117539
0.116914
0.117539
0.116289
0.116289
0.116289
0.11378900000000002
0.11441400000000002
0.11191400000000001
0.11191400000000001
0.11128900000000001
0.11003900000000001
0.11066400000000001
0.11128900000000001
0.10878900000000001
0.104414
0.10878900000000001
0.10878900000000001
0.11378900000000002
0.10753900000000001
0.10753900000000001
0.10753900000000001
0.10691400000000001
0.10628900000000001
0.10941400000000001
0.10753900000000001
0.104414
0.10878900000000001
0.11066400000000001
0.11378900000000002
0.10753900000000001
0.10628900000000001
0.10566400000000001
0.10628900000000001
0.10566400000000001
0.10628900000000001
0.10628900000000001
0.10753900000000001
0.10503900000000001
0.10628900000000001
0.103789
0.104414
0.10503900000000001
0.104414
0.104414
0.10691400000000001
0.11128900000000001
0.118789
0.11625
0.1225
0.120625
0.120625
0.121875
0.12375
0.12441400000000001
0.12191400000000001
0.12128900000000001
0.12066400000000001
0.12066400000000001
0.116289
0.11875
0.116875
0.116289
0.118789
0.116289
0.118164
0.11566400000000002
0.11566400000000002
0.116914
0.116914
0.11378900000000002
0.10753900000000001
0.11128900000000001
0.11128900000000001
0.11003900000000001
0.11191400000000001
0.11128900000000001
0.11191400000000001
0.11128900000000001
0.11066400000000001
0.11128900000000001
0.11066400000000001
0.10878900000000001
0.10941400000000001
0.10941400000000001
0.10941400000000001
0.10816400000000001
0.10628900000000001
0.10691400000000001
0.10628900000000001
0.10691400000000001
0.10816400000000001
0.10878900000000001
0.11003900000000001
0.10941400000000001
0.10628900000000001
0.10816400000000001
0.10503900000000001
0.10566400000000001
0.10503900000000001
0.10503900000000001
0.104414
0.10503900000000001
0.10566400000000001
0.104414
0.10753900000000001
0.10691400000000001
0.10628900000000001
0.103164
0.103789
0.103164
0.103789
0.10878900000000001
0.11128900000000001
0.11875
0.118789
0.11441400000000002
0.114375
0.118164
0.116914
0.12128900000000001
0.12191400000000001
0.12
0.119375
0.119375
0.12
0.11625
0.116875
0.115
0.115
0.11253900000000001
0.11375
0.1125
0.11253900000000001
0.11316400000000001
0.11316400000000001
0.11191400000000001
0.11128900000000001
0.11191400000000001
0.10878900000000001
0.11253900000000001
0.10941400000000001
0.10816400000000001
0.11003900000000001
0.10941400000000001
0.10941400000000001
0.10941400000000001
0.10878900000000001
0.10878900000000001
0.10753900000000001
0.10878900000000001
0.10941400000000001
