0.11
0.11
0.10875
0.10878900000000001
0.11
0.1075
0.10625
0.10753900000000001
0.10816400000000001
0.11191400000000001
0.116289
0.118789
0.119414
0.12066400000000001
0.129414
0.130664
0.12878900000000001
0.131914
0.13128900000000002
0.13253900000000002
0.131914
0.133164
0.136914
0.13503900000000002
0.129414
0.135664
0.138164
0.135664
0.13378900000000002
0.13128900000000002
0.13253900000000002
0.13378900000000002
0.13628900000000002
0.13628900000000002
0.13628900000000002
0.139414
0.140664
0.142539
0.145039
0.150039
0.15316400000000002
0.153789
0.159414
0.16003900000000001
0.158789
0.159414
0.152539
0.158164
0.156289
0.156914
0.157539
0.156289
0.155664
0.15441400000000002
0.15316400000000002
0.1525
0.15191400000000002
0.148125
0.151289
0.149375
0.146289
0.141875
0.14691400000000002
0.14691400000000002
0.1475
0.14375
0.14375
0.143125
0.14
0.134375
0.1375
0.138125
0.140039
0.138125
0.13878900000000002
0.13753900000000002
0.138164
0.13628900000000002
0.136914
0.135664
0.13378900000000002
0.13253900000000002
0.13253900000000002
0.13253900000000002
0.131914
0.13128900000000002
0.131914
0.131914
0.13128900000000002
0.130664
0.13128900000000002
0.13253900000000002
0.130664
0.13128900000000002
0.13253900000000002
0.130664
0.130664
0.13128900000000002
0.130664
0.130664
0.13128900000000002
0.13253900000000002
0.13128900000000002
0.133164
0.128164
0.133164
0.130664
0.13628900000000002
0.139414
0.145039
0.147539
0.146289
0.148789
0.150039
0.14566400000000002
0.14566400000000002
0.146289
0.14816400000000002
0.148789
0.148789
0.14691400000000002
0.147539
0.14691400000000002
0.14941400000000002
0.14625
0.14816400000000002
0.146875
0.1475
0.1475
0.14816400000000002
0.14875
0.146875
0.146875
0.145625
0.144375
0.145039
0.14441400000000001
0.141875
0.145625
0.142539
0.14441400000000001
0.145039
0.14441400000000001
0.146289
0.14566400000000002
0.14566400000000002
0.150039
0.145039
0.14691400000000002
0.14816400000000002
0.148789
0.145039
0.14441400000000001
0.14441400000000001
0.14441400000000001
0.14441400000000001
0.14566400000000002
0.146289
0.145039
0.148789
0.14566400000000002
0.146289
0.142539
0.146289
0.147539
0.14691400000000002
0.147539
0.14816400000000002
0.15066400000000002
0.14816400000000002
0.152539
0.147539
0.145039
0.148789
0.152539
0.156289
0.159414
0.16003900000000001
0.16003900000000001
0.160664
0.160664
0.161914
0.160664
0.159414
0.16003900000000001
0.160664
0.16003900000000001
0.159414
0.159414
0.158789
0.158789
0.158789
0.1525
0.15625
0.155625
0.156875
0.15875
0.1575
0.156875
0.15625
0.155625
0.15375
0.15625
0.149375
0.154375
0.152539
0.154375
0.15125
0.15066400000000002
0.15191400000000002
0.152539
0.15316400000000002
0.153789
0.153789
0.15066400000000002
0.152539
0.150039
0.150039
0.156914
0.150039
0.150039
0.150039
0.14941400000000002
0.148789
0.150039
0.14816400000000002
0.14691400000000002
0.14691400000000002
0.14566400000000002
0.147539
0.15316400000000002
0.158164
0.160664
0.168164
0.173789
0.176289
0.177539
0.18066400000000002
0.17691400000000002
0.176289
0.17816400000000002
0.18191400000000002
0.186289
0.187539
0.188789
0.187539
0.187539
0.188164
0.186914
0.188789
0.186289
0.187539
0.185039
0.18316400000000002
0.18191400000000002
0.182539
0.18066400000000002
0.178789
0.179375
0.176875
0.176289
0.174375
0.175625
0.176289
0.17375
0.171914
0.170625
0.16875
0.166875
0.16753900000000002
0.16378900000000002
0.16503900000000002
0.164375
0.16253900000000002
0.159414
0.161914
0.16253900000000002
0.16003900000000001
0.159414
0.158789
0.158164
0.156914
0.156914
0.15441400000000002
0.155664
0.153789
0.15441400000000002
0.15441400000000002
0.152539
0.152539
0.152539
0.151289
0.152539
0.15191400000000002
0.15191400000000002
0.15441400000000002
0.15441400000000002
0.15316400000000002
0.15441400000000002
0.152539
0.15191400000000002
0.15316400000000002
0.15316400000000002
0.155039
0.15316400000000002
0.14941400000000002
0.151289
0.152539
0.157539
0.16253900000000002
0.163164
0.163164
0.16378900000000002
0.16378900000000002
0.16628900000000002
0.164414
0.158164
0.163164
0.160664
0.168164
0.16253900000000002
0.160664
0.16003900000000001
0.159375
0.15875
0.163125
0.174375
0.181875
0.18875
0.20375
0.21378899999999998
0.21378899999999998
0.213164
0.214375
0.21375
0.21375
0.213125
0.21375
0.21003899999999998
0.213125
0.20878899999999997
0.210664
0.21378899999999998
0.213164
0.211914
0.210664
0.21128899999999998
0.21628899999999998
0.219414
0.215664
0.220664
0.222539
0.225039
0.22566399999999998
0.22691399999999998
0.230039
0.23316399999999998
0.23441399999999998
0.23316399999999998
0.23566399999999998
0.238164
0.24753899999999998
0.23878899999999997
0.23878899999999997
0.24503899999999998
0.240664
0.239414
0.238164
0.23691399999999999
0.236289
0.237539
0.23566399999999998
0.23316399999999998
0.235039
0.248164
0.258164
0.264414
0.271289
0.271289
0.270039
0.266914
0.265664
0.266914
0.26753899999999997
0.264414
0.265664
0.263164
0.26003899999999996
0.258789
0.256914
0.253789
0.252539
0.251289
0.25
0.246914
0.24503899999999998
0.245664
0.24253899999999998
0.240664
0.23878899999999997
0.243125
0.253164
0.255664
0.26
0.27375
0.28066399999999997
0.28375
0.281875
0.284414
0.28316399999999997
0.285039
0.284414
0.283789
0.282539
0.281289
0.282539
0.27816399999999997
0.27816399999999997
0.275039
0.271289
0.271289
0.271289
0.27316399999999996
0.27316399999999996
0.274414
0.273789
0.271914
0.271289
0.27066399999999996
0.268164
0.266289
0.265664
0.269414
0.27316399999999996
0.274414
0.27816399999999997
0.284414
0.286914
0.28628899999999996
0.281289
0.28628899999999996
0.28878899999999996
0.290664
0.292539
0.292539
0.293164
0.293164
0.29378899999999997
0.29628899999999997
0.29628899999999997
0.294414
0.298164
0.295664
0.294414
0.290039
0.295039
0.30191399999999996
0.303164
0.3075
0.314375
0.32
0.32
0.315625
0.320664
0.32125
0.320625
0.3225
0.3275
0.333789
0.33566399999999996
0.34125
0.345
0.345625
0.346875
0.34625
0.346914
0.346914
0.345039
0.345039
0.344414
0.343789
0.341914
0.341914
0.342539
0.336914
0.341289
0.336289
0.341289
0.341289
0.344414
0.346914
0.34878899999999996
0.355039
0.360039
0.362539
0.356914
0.356914
0.360039
0.359414
0.36441399999999996
0.366289
0.373789
0.379414
0.383164
0.39253899999999997
0.40066399999999996
0.399414
0.40066399999999996
0.408789
0.41191400000000006
0.41191400000000006
0.41003900000000004
0.41066400000000003
0.41253900000000004
0.413789
0.416914
0.424414
0.423789
0.42816400000000004
0.43066400000000005
0.43066400000000005
0.42878900000000003
0.42878900000000003
0.42503900000000006
0.42503900000000006
0.423789
0.4225
0.42125
0.420625
0.421914
0.419414
0.42316400000000004
0.42003900000000005
0.41875
0.423125
0.424375
0.423125
0.421875
0.421875
0.423125
0.42503900000000006
0.424414
0.424375
0.421914
0.426914
0.434414
0.43628900000000004
0.44378900000000004
0.44878900000000005
0.44878900000000005
0.45128900000000005
0.45378900000000005
0.453164
0.45628900000000006
0.455039
0.453164
0.45941400000000004
0.45753900000000003
0.458164
0.463789
0.468164
0.47316400000000003
0.47691400000000006
0.47253900000000004
0.481289
0.483789
0.48816400000000004
0.49128900000000003
0.49566400000000005
0.49816400000000005
0.499414
0.505664
0.505039
0.506289
0.5075390000000001
0.5081640000000001
0.5075390000000001
0.5069140000000001
0.5069140000000001
0.505664
0.505039
0.5031640000000001
0.5019140000000001
0.500664
0.499414
0.495039
0.49316400000000005
0.49066400000000004
0.48878900000000003
0.48878900000000003
0.48816400000000004
0.48816400000000004
0.48753900000000006
0.488125
0.488125
0.488125
0.48566400000000004
0.490625
0.494375
0.49378900000000003
0.5
0.505
0.5075390000000001
0.504414
0.503125
0.50875
0.52125
0.52875
0.525039
0.5425
0.5487890000000001
0.5537890000000001
0.545664
0.543164
0.540664
0.540039
0.545664
0.5494140000000001
0.5487890000000001
0.551914
0.550664
0.551914
0.551914
0.5544140000000001
0.556914
0.555664
0.5537890000000001
0.5537890000000001
0.5550390000000001
0.5537890000000001
0.5500390000000001
0.5500390000000001
0.548164
0.5487890000000001
0.5444140000000001
0.5444140000000001
0.5444140000000001
0.5437890000000001
0.547539
0.546914
0.547539
0.5444140000000001
0.556914
0.5594140000000001
0.558789
0.558789
0.558164
0.558789
0.556914
0.5550390000000001
0.5544140000000001
0.555664
0.5550390000000001
0.563164
0.556914
0.556914
0.555664
0.558164
0.560664
0.558789
0.557539
0.556914
0.561875
0.563789
0.5644140000000001
0.5644140000000001
0.564375
0.56375
0.563125
0.56125
0.564375
0.566875
0.565625
0.563125
0.5656640000000001
0.573164
0.575625
0.5800390000000001
0.576914
0.578789
0.5800390000000001
0.576289
0.576289
0.5800390000000001
0.5800390000000001
0.5800390000000001
0.583789
0.5856640000000001
0.5906640000000001
0.602539
0.608164
0.6069140000000001
0.605664
0.607539
0.613789
0.6219140000000001
0.623164
0.618164
0.620039
0.621289
0.625664
0.625664
0.624414
0.626289
0.633789
0.639414
0.6381640000000001
0.639414
0.639414
0.635039
0.641289
0.634414
0.6325390000000001
0.6325390000000001
0.6325390000000001
0.630664
0.628789
0.6269140000000001
0.623789
0.6219140000000001
0.620664
0.6169140000000001
0.613789
0.610664
0.609414
0.607539
0.604414
0.602539
0.6
0.599375
0.60125
0.598125
0.599375
0.5969140000000001
0.595625
0.595625
0.601875
0.6069140000000001
0.607539
0.60625
0.608125
0.6112890000000001
0.610039
0.614414
0.6119140000000001
0.6162890000000001
0.6162890000000001
0.618164
0.6169140000000001
0.615039
0.620039
0.630664
0.635039
0.630039
0.6275390000000001
0.631289
0.633789
0.635664
0.630664
0.6269140000000001
0.625039
0.6219140000000001
0.618164
0.6162890000000001
0.6119140000000001
0.609414
0.608164
0.605664
0.602539
0.6012890000000001
0.600039
0.6006640000000001
0.598164
0.5956640000000001
0.598164
0.6012890000000001
0.602539
0.603789
0.602539
0.602539
0.6062890000000001
0.614414
0.626289
0.6281640000000001
0.635664
0.650664
0.6637890000000001
0.662539
0.660664
0.665039
0.6644140000000001
0.6644140000000001
0.661914
0.662539
0.6644140000000001
0.66625
0.663125
0.666875
0.67125
0.67875
0.671875
0.68125
0.690625
0.695625
0.6925
0.688164
0.686289
0.68625
0.688164
0.688789
0.6894140000000001
0.692539
0.693789
0.6956640000000001
0.704414
0.7050390000000001
0.7006640000000001
0.698789
0.6950390000000001
0.692539
0.693164
0.691914
0.685664
0.688164
0.686914
0.688164
0.691289
0.696289
0.6950390000000001
0.693789
0.691289
0.691914
0.688789
0.688789
0.691914
0.683789
0.682539
0.685664
0.688789
0.6894140000000001
0.688789
0.6906640000000001
0.688789
0.683164
0.6844140000000001
0.6800390000000001
0.6744140000000001
0.6694140000000001
0.666914
0.665039
0.6631640000000001
0.660664
0.656914
0.6581640000000001
0.6537890000000001
0.652539
0.655039
0.651289
0.6487890000000001
0.649414
0.654414
0.65875
0.66
0.658125
0.661875
0.666875
0.666914
0.6675
0.66875
0.667539
0.6644140000000001
0.665039
0.661289
0.6587890000000001
0.6581640000000001
0.660664
0.667539
0.661289
0.668164
0.6744140000000001
0.6750390000000001
0.675664
0.672539
0.670664
0.6694140000000001
0.6694140000000001
0.670664
0.6694140000000001
0.665039
0.665664
0.6631640000000001
0.661914
0.6587890000000001
0.656289
0.6537890000000001
0.651914
0.649414
0.6481640000000001
0.645039
0.640664
0.646289
0.638789
0.640039
0.651289
0.6531640000000001
0.6581640000000001
0.668164
0.668164
0.668164
0.671289
0.6694140000000001
0.668164
0.6694140000000001
0.668164
0.665039
0.665664
0.6644140000000001
0.6631640000000001
0.660039
0.657539
0.6581640000000001
0.662539
0.661914
0.665664
0.6644140000000001
0.674375
0.683789
0.688789
0.686289
0.6850390000000001
0.6844140000000001
0.68625
0.687539
0.683789
0.680625
0.67875
0.675
0.6750390000000001
0.671289
0.6687890000000001
0.666289
0.6644140000000001
0.6625
0.661914
0.6581640000000001
0.660664
0.651914
0.650664
0.644414
0.646289
0.650664
0.6644140000000001
0.6687890000000001
0.6787890000000001
0.696914
0.706914
0.709414
0.7062890000000001
0.7062890000000001
0.7062890000000001
0.7062890000000001
0.7056640000000001
0.702539
0.7006640000000001
0.697539
0.696914
0.6950390000000001
0.693789
0.692539
0.6906640000000001
0.685664
0.686289
0.683164
0.6800390000000001
0.683164
0.682539
0.6844140000000001
0.682539
0.680664
0.6787890000000001
0.680664
0.6794140000000001
0.682539
0.683789
0.6800390000000001
0.681914
0.6850390000000001
0.686289
0.688164
0.6900390000000001
0.691289
0.693789
0.698164
0.7112890000000001
0.718125
0.7312890000000001
0.7369140000000001
0.733789
0.73125
0.734375
0.729375
0.724375
0.725
0.727539
0.726875
0.720039
0.714375
0.71125
0.70875
0.706875
0.703789
0.701289
0.703164
0.703125
0.699414
0.698789
0.701289
0.701289
0.7000390000000001
0.6956640000000001
0.692539
0.6900390000000001
0.6900390000000001
0.682539
0.686914
0.6850390000000001
0.683164
0.6850390000000001
0.6894140000000001
0.691914
0.691289
0.687539
0.683164
0.683789
0.678164
0.676914
0.681289
0.682539
0.682539
0.681289
0.681289
0.6800390000000001
0.683164
0.6844140000000001
0.681289
0.675664
0.6800390000000001
0.672539
0.670039
0.6637890000000001
0.6644140000000001
0.6631640000000001
0.660664
0.6581640000000001
0.656289
0.655664
0.656914
0.660039
0.6587890000000001
0.661914
0.661914
0.665039
0.662539
0.662539
0.661875
0.661289
0.659375
0.65625
0.65375
0.651914
0.649414
0.649375
0.656914
0.668125
0.669375
0.67875
0.694375
0.7056640000000001
0.705625
0.706914
0.7112890000000001
0.7106640000000001
0.709414
0.713164
0.708789
0.706914
0.7056640000000001
0.704414
0.701289
0.702539
0.699414
0.6950390000000001
0.696289
0.699414
0.697539
0.702539
0.708789
0.712539
0.707539
0.703164
0.703164
0.698789
0.6900390000000001
0.691914
0.688789
0.683164
0.6844140000000001
0.686289
0.685664
0.6844140000000001
0.682539
0.680664
0.6794140000000001
0.675664
0.671914
0.670664
0.6687890000000001
0.666914
0.665039
0.661914
0.6594140000000001
0.656289
0.654414
0.651289
0.6487890000000001
0.646289
0.640664
0.640039
0.641875
0.640039
0.636914
0.635625
0.635
0.6331640000000001
0.63125
0.628125
0.623164
0.621875
0.61875
0.615
0.614375
0.613789
0.6119140000000001
0.610039
0.6075
0.608789
0.605039
0.598789
0.6012890000000001
0.6012890000000001
0.598164
0.5962890000000001
0.595039
0.595039
0.594414
0.593164
0.5912890000000001
0.590039
0.590039
0.5862890000000001
0.5856640000000001
0.584414
0.582539
0.581914
0.5806640000000001
0.578164
0.576914
0.576914
0.579414
0.573164
0.577539
0.576289
0.578164
0.578164
0.589414
0.5912890000000001
0.597539
0.597539
0.598789
0.6012890000000001
0.598164
0.599414
0.603164
0.602539
0.607539
0.6069140000000001
0.6125390000000001
0.6162890000000001
0.6169140000000001
0.6162890000000001
0.6162890000000001
0.615039
0.620664
0.6169140000000001
0.613789
0.609414
0.609414
0.608164
0.605
0.6025
0.600625
0.599375
0.594375
0.59
0.5875
0.58375
0.581875
0.58
0.5775
0.5750390000000001
0.573125
0.573789
0.573164
0.571289
0.572539
0.571914
0.571914
0.5706640000000001
0.566914
0.5644140000000001
0.563164
0.562539
0.561289
0.560664
0.558164
0.5550390000000001
0.5537890000000001
0.5487890000000001
0.545664
0.545664
0.5444140000000001
0.541914
0.5387890000000001
0.535664
0.5331640000000001
0.5344140000000001
0.531914
0.535664
0.531289
0.530664
0.535039
0.535039
0.540039
0.542539
0.542539
0.5394140000000001
0.5394140000000001
0.537539
0.5381640000000001
0.537539
0.536914
0.532539
0.531914
0.531289
0.5281640000000001
0.526289
0.5237890000000001
0.5237890000000001
0.526914
0.5287890000000001
0.526289
0.531914
0.535
0.535039
0.534375
0.5394140000000001
0.5444140000000001
0.545625
0.54375
0.55375
0.56125
0.568125
0.566875
0.565
0.5656640000000001
0.566875
0.566289
0.563164
0.561289
0.557539
0.5537890000000001
0.5487890000000001
0.546914
0.542539
0.536914
0.535039
0.530039
0.526289
0.521914
0.519414
0.515664
0.513789
0.5075390000000001
0.499414
0.5025390000000001
0.5069140000000001
0.5031640000000001
0.505039
0.509414
0.511289
0.509414
0.505664
0.505664
0.5025390000000001
0.500664
0.499414
0.49816400000000005
0.5031640000000001
0.500664
0.5019140000000001
0.499414
0.49566400000000005
0.491914
0.48878900000000003
0.486289
0.478789
0.48253900000000005
0.47816400000000003
0.47503900000000004
0.471289
0.46941400000000005
0.46753900000000004
0.468789
0.473789
0.47441400000000006
0.47441400000000006
0.47566400000000003
0.48503900000000005
0.48816400000000004
0.48816400000000004
0.48125
0.484414
0.488125
0.495039
0.4975
0.49625
0.501875
0.5025
0.50375
0.496875
0.4925
0.48816400000000004
0.491875
0.493125
0.48753900000000006
0.483789
0.48066400000000004
0.478789
0.47566400000000003
0.47191400000000006
0.470664
0.468164
0.466289
0.465664
0.46191400000000005
0.45941400000000004
0.45628900000000006
0.453164
0.450664
0.44878900000000005
0.447539
0.44128900000000004
0.44191400000000003
0.436914
0.43378900000000004
0.431914
0.42816400000000004
0.42566400000000004
0.423789
0.42253900000000005
0.421289
0.42066400000000004
0.41566400000000003
0.418789
0.42503900000000006
0.42753900000000006
0.432539
0.43128900000000003
0.435039
0.439414
0.43816400000000005
0.44316400000000006
0.44378900000000004
0.440039
0.43816400000000005
0.437539
0.44066400000000006
0.439414
0.43816400000000005
0.43628900000000004
0.435039
0.432539
0.432539
0.42816400000000004
0.43316400000000005
0.43628900000000004
0.436914
0.439375
0.445625
0.44941400000000004
0.44875
0.446875
0.44941400000000004
0.45378900000000005
0.453125
0.455
0.45375
0.45441400000000004
0.450625
0.44941400000000004
0.44941400000000004
0.44878900000000005
0.448164
0.44628900000000005
0.44378900000000004
0.44441400000000003
0.440039
0.44128900000000004
0.44191400000000003
0.439414
0.43628900000000004
0.434414
0.432539
0.43066400000000005
0.429414
0.426914
0.42628900000000003
0.423789
0.423789
0.418789
0.41753900000000005
0.416914
0.413789
0.40816399999999997
0.40816399999999997
0.407539
0.407539
0.406914
0.402539
0.40816399999999997
0.405039
0.406289
0.41753900000000005
0.41816400000000004
0.41753900000000005
0.416289
0.416914
0.416914
0.41566400000000003
0.41441400000000006
0.413789
0.41066400000000003
0.408789
0.408789
0.40816399999999997
0.408789
0.40816399999999997
0.408789
0.40816399999999997
0.407539
0.407539
0.401914
0.404414
0.40125
0.4025
0.401875
0.400625
0.40066399999999996
0.40125
0.4
0.398125
0.399414
0.393164
0.391875
0.3925
0.391289
0.391289
0.391289
0.39253899999999997
0.391914
0.393164
0.391914
0.391914
0.388789
0.39816399999999996
0.385664
0.384414
0.385664
0.383789
0.38253899999999996
0.381289
0.38003899999999996
0.38003899999999996
0.380664
0.377539
0.378164
0.376289
0.372539
0.372539
0.373164
0.371289
0.368789
0.36941399999999996
0.36941399999999996
0.368789
0.368789
0.370664
0.372539
0.37691399999999997
0.380664
0.381914
0.38003899999999996
0.378789
0.379414
0.378789
0.379414
0.378789
0.37691399999999997
0.377539
0.37441399999999997
0.375664
0.372539
0.370664
0.370664
0.368789
0.368164
0.37191399999999997
0.378789
0.37875
0.3825
0.389375
0.39
0.39
0.39003899999999997
0.388789
0.389375
0.388164
0.385664
0.386289
0.380625
0.383164
0.379414
0.377539
0.3775
0.37691399999999997
0.379414
0.386914
0.39816399999999996
0.399414
0.409414
0.421289
0.42628900000000003
0.424414
0.421914
0.421914
0.421914
0.42066400000000004
0.42753900000000006
0.43316400000000005
0.435039
0.439414
0.450664
0.447539
0.46441400000000005
0.483789
0.49878900000000004
0.504414
0.501289
0.499414
0.5019140000000001
0.504414
0.505039
0.5069140000000001
0.503789
0.509414
0.5131640000000001
0.506289
0.504414
0.501289
0.505039
0.505039
0.5031640000000001
0.499414
0.496914
0.49003900000000006
0.48316400000000004
0.48503900000000005
0.481914
0.49003900000000006
0.483789
0.48253900000000005
0.484414
0.48753900000000006
0.48566400000000004
0.48253900000000005
0.47753900000000005
0.47503900000000004
0.471289
0.46875
0.466875
0.463125
0.46125
0.4575
0.45375
0.45
0.44625
0.443125
0.43625
0.435039
0.42875
0.429414
0.426875
0.42566400000000004
0.423125
0.42566400000000004
0.42878900000000003
0.42878900000000003
0.43378900000000004
0.434414
0.434414
0.434414
0.43128900000000003
0.43378900000000004
0.431914
0.43128900000000003
0.429414
0.42753900000000006
0.42628900000000003
0.42503900000000006
0.42066400000000004
0.41753900000000005
0.41753900000000005
0.416914
0.41753900000000005
0.41191400000000006
0.41003900000000004
0.40816399999999997
0.40816399999999997
0.406914
0.40816399999999997
0.40566399999999997
0.409414
0.41503900000000005
0.418789
0.41816400000000004
0.41316400000000003
0.41253900000000004
0.41003900000000004
0.408789
0.407539
0.40566399999999997
0.406289
0.406289
0.401914
0.402539
0.401289
0.401289
0.401289
0.401914
0.40066399999999996
0.40066399999999996
0.40066399999999996
0.40066399999999996
0.400625
0.40066399999999996
0.40125
0.39875
0.4
0.39816399999999996
0.398125
0.396914
0.395625
0.39375
0.394375
0.391875
0.388164
0.39375
0.394375
0.395625
0.395039
0.394414
0.3925
0.393789
0.391914
0.393164
0.390664
0.389414
0.391914
0.400039
0.397539
0.40566399999999997
0.411289
0.411289
0.41191400000000006
0.41316400000000003
0.416289
0.416914
0.41753900000000005
0.41441400000000006
0.41441400000000006
0.41566400000000003
0.41441400000000006
0.41566400000000003
0.41753900000000005
0.419414
0.423789
0.42753900000000006
0.43128900000000003
0.429414
0.44441400000000003
0.44316400000000006
0.442539
0.44191400000000003
0.442539
0.442539
0.44191400000000003
0.44066400000000006
0.44066400000000006
0.44378900000000004
0.442539
0.44628900000000005
0.44628900000000005
0.44441400000000003
0.439414
0.44066400000000006
0.440039
0.43878900000000004
0.439414
0.44378900000000004
0.445039
0.4425
0.44066400000000006
0.448164
0.45128900000000005
0.45191400000000004
0.45941400000000004
0.463164
0.464375
0.469375
0.471875
0.47125
0.466875
0.466875
0.468789
0.47125
0.47
0.468789
0.46753900000000004
0.46691400000000005
0.465664
0.463789
0.46253900000000003
0.46191400000000005
0.45878900000000006
0.45753900000000003
0.452539
0.453164
0.450039
0.44878900000000005
0.44628900000000005
0.44441400000000003
0.44191400000000003
0.44128900000000004
0.439414
0.435039
0.43628900000000004
0.43378900000000004
0.42878900000000003
0.43066400000000005
0.42816400000000004
0.429414
0.431914
0.432539
0.43378900000000004
0.43878900000000004
0.447539
0.455664
0.45753900000000003
0.458164
0.45691400000000004
0.46003900000000003
0.46003900000000003
0.45878900000000006
0.458164
0.45691400000000004
0.45753900000000003
0.45378900000000005
0.45441400000000004
0.450664
0.44878900000000005
0.44441400000000003
0.44441400000000003
0.44316400000000006
0.44128900000000004
0.439414
0.43816400000000005
0.43628900000000004
0.43628900000000004
0.435
0.43066400000000005
0.433125
0.42875
0.42875
0.4275
0.42625
0.425
0.42375
0.4225
0.42125
0.418125
0.41875
0.4175
0.416289
0.41253900000000004
0.411289
0.408789
0.40816399999999997
0.406914
0.40566399999999997
0.406289
0.402539
0.399414
0.399414
0.39816399999999996
0.400039
0.401289
0.403789
0.40316399999999997
0.402539
0.401914
0.404414
0.40566399999999997
0.40566399999999997
0.41316400000000003
0.413789
0.408789
0.41253900000000004
0.41503900000000005
0.41753900000000005
0.416289
0.416289
0.42066400000000004
0.419414
0.42003900000000005
0.42066400000000004
0.42316400000000004
0.42503900000000006
0.423789
0.42503900000000006
0.42316400000000004
0.424414
0.42566400000000004
0.424414
0.42503900000000006
0.41753900000000005
0.42003900000000005
0.41753900000000005
0.416914
0.41441400000000006
0.41253900000000004
0.41003900000000004
0.408789
0.406289
0.405
0.404414
0.398789
0.400625
0.39625
0.396875
0.396289
0.4075
0.40625
0.41503900000000005
0.423125
0.425625
0.42375
0.42
0.415625
0.42
0.418789
0.419414
0.419414
0.42316400000000004
0.42253900000000005
0.42503900000000006
0.42753900000000006
0.42753900000000006
0.424414
0.42066400000000004
0.419414
0.42003900000000005
0.421289
0.42566400000000004
0.42753900000000006
0.426914
0.43128900000000003
0.43566400000000005
0.436914
0.435039
0.434414
0.43066400000000005
0.43378900000000004
0.42753900000000006
0.42628900000000003
0.42503900000000006
0.42316400000000004
0.421914
0.423789
0.42503900000000006
0.429414
0.42566400000000004
0.42628900000000003
0.42253900000000005
0.421914
0.419414
0.416914
0.41566400000000003
0.413789
0.411289
0.408789
0.408789
0.404414
0.404414
0.402539
0.39566399999999996
0.390664
0.393164
0.391914
0.388789
0.38753899999999997
0.388164
0.386914
0.383125
0.381875
0.38
0.37691399999999997
0.37625
0.375
0.375
0.370625
0.36875
0.368125
0.363789
0.363164
0.363789
0.360039
0.361914
0.358164
0.357539
0.356914
0.355664
0.355039
0.35378899999999996
0.351914
0.35128899999999996
0.348164
0.348164
0.347539
0.348164
0.344414
0.341914
0.34066399999999997
0.339414
0.338789
0.337539
0.336914
0.335039
0.336914
0.332539
0.33003899999999997
0.329414
0.33003899999999997
0.329414
0.328789
0.335039
0.336914
0.34566399999999997
0.344414
0.337539
0.34316399999999997
0.340039
0.336289
0.340039
0.338789
0.337539
0.336914
0.33566399999999996
0.335039
0.333789
0.336914
0.336914
0.337539
0.33816399999999996
0.34316399999999997
0.342539
0.341289
0.34066399999999997
0.340039
0.34125
0.339375
0.333789
0.33625
0.334375
0.335
0.334375
0.333125
0.33125
0.33
0.32875
0.326289
0.325625
0.32125
0.325
0.321914
0.32253899999999996
0.319375
0.318789
0.31753899999999996
0.315664
0.316914
0.316914
0.315664
0.311289
0.316914
0.310664
0.310039
0.313164
0.30691399999999996
0.30691399999999996
0.305664
0.305039
0.303789
0.303789
0.30191399999999996
0.303164
0.299414
0.298164
0.295039
0.295039
0.295664
0.29628899999999997
0.302539
0.305664
0.30941399999999997
0.310664
0.307539
0.306289
0.305664
0.305664
0.305664
0.30441399999999996
0.303164
0.301289
0.300664
0.300039
0.300664
0.297539
0.295664
0.294414
0.295664
0.29628899999999997
0.295039
0.295039
0.294414
0.292539
0.290625
0.29125
0.291875
0.3
0.299414
0.305039
0.31625
0.311289
0.310664
0.30875
0.3075
0.30625
0.3075
0.30441399999999996
0.305625
0.303125
0.300039
0.295664
0.297539
0.296914
0.29378899999999997
0.292539
0.290039
0.288164
0.286914
0.285664
0.282539
0.28316399999999997
0.278789
0.280039
0.279414
0.27816399999999997
0.279414
0.277539
0.276289
0.278789
0.28066399999999997
0.28066399999999997
0.281289
0.279414
0.280039
0.284414
0.28628899999999996
0.289414
0.293164
0.29378899999999997
0.29378899999999997
0.293164
0.297539
0.295664
0.293164
0.290664
0.288164
0.287539
0.290039
0.296914
0.296914
0.303164
0.305664
0.301289
0.30691399999999996
0.305664
0.301289
0.30191399999999996
0.300039
0.298125
0.29625
0.29375
0.291875
0.289414
0.288125
0.285625
0.284375
0.282539
0.28
0.276875
0.275625
0.271914
0.270625
0.268125
0.266914
0.261289
0.26375
0.260625
0.261289
0.263164
0.26253899999999997
0.260664
0.258789
0.25753899999999996
0.256914
0.256289
0.250039
0.24878899999999998
0.250039
0.249414
0.245664
0.246914
0.24503899999999998
0.24378899999999998
0.243164
0.243164
0.24253899999999998
0.23878899999999997
0.23691399999999999
0.23566399999999998
0.23878899999999997
0.236289
0.23441399999999998
0.24003899999999997
0.24253899999999998
0.24753899999999998
0.24878899999999998
0.248164
0.24753899999999998
0.246914
0.24503899999999998
0.244414
0.24003899999999997
0.24253899999999998
0.24253899999999998
0.24128899999999998
0.240664
0.24003899999999997
0.239414
0.24003899999999997
0.240664
0.237539
0.23566399999999998
0.23316399999999998
0.23441399999999998
0.23316399999999998
0.231289
0.23125
0.23191399999999998
0.231875
0.23191399999999998
0.231289
0.23125
0.231289
0.22941399999999998
0.23066399999999998
0.228789
0.22875
0.226875
0.22625
0.225
0.22875
0.22941399999999998
0.229375
0.22816399999999998
0.22941399999999998
0.22816399999999998
0.228789
0.22816399999999998
0.227539
0.226289
0.225039
0.226289
0.222539
0.22316399999999997
0.22128899999999999
0.220664
0.219414
0.22003899999999998
0.220664
0.218164
0.21753899999999998
0.21628899999999998
0.21628899999999998
0.21878899999999998
0.21503899999999998
0.21128899999999998
0.210664
0.21253899999999998
0.21253899999999998
0.219414
0.22316399999999997
0.22691399999999998
0.22816399999999998
0.22816399999999998
0.227539
0.226289
0.22441399999999997
0.22316399999999997
0.22316399999999997
0.22441399999999997
0.22441399999999997
0.22128899999999999
0.220664
0.22003899999999998
0.22128899999999999
0.220664
0.218164
0.219414
0.216914
0.215664
0.209414
0.21378899999999998
0.213164
0.21253899999999998
0.211875
0.210664
0.213125
0.21125
0.206914
0.21
0.21003899999999998
0.206289
0.206289
0.205
0.204414
0.203789
0.201875
0.204375
0.203125
0.203125
0.201875
0.20128900000000002
0.20128900000000002
0.199414
0.20003900000000002
0.20003900000000002
0.199414
0.19878900000000002
0.198164
0.19753900000000002
0.194414
0.19878900000000002
0.19253900000000002
0.19503900000000002
0.19503900000000002
0.19503900000000002
0.19378900000000002
0.19378900000000002
0.19378900000000002
0.193164
0.194414
0.188164
0.19128900000000001
0.186289
0.188789
0.193164
0.198164
0.204414
0.206914
0.20753899999999997
0.208164
0.208164
0.20566399999999999
0.21128899999999998
0.20566399999999999
0.205039
0.206289
0.206289
0.204414
0.204414
0.204414
0.203789
0.203789
0.20128900000000002
0.199414
0.199414
0.19753900000000002
0.196914
0.198164
0.196914
0.19753900000000002
0.198164
0.19753900000000002
0.1975
0.199414
0.20375
0.199375
0.200664
0.196914
0.19625
0.19753900000000002
0.19625
0.19625
0.196875
0.1975
0.198125
0.198125
0.198125
0.195664
0.193164
0.19378900000000002
0.193164
0.19378900000000002
0.19253900000000002
0.190039
0.188164
0.189414
0.187539
0.182539
0.18566400000000002
0.186289
0.181289
0.18441400000000002
0.18316400000000002
0.182539
0.18191400000000002
0.17941400000000002
0.18191400000000002
0.17816400000000002
0.170664
0.17566400000000001
0.172539
0.181289
0.186289
0.19128900000000001
0.193164
0.193164
0.19253900000000002
0.190664
0.190039
0.188789
0.186914
0.186914
0.186289
0.18316400000000002
0.18191400000000002
0.18191400000000002
0.181289
0.180039
0.17816400000000002
0.17941400000000002
0.17566400000000001
0.17566400000000001
0.171914
0.174414
0.175039
0.173789
0.17375
0.171875
0.170664
0.171289
0.171289
0.16875
0.170664
0.168125
0.165
0.165625
0.164414
0.1625
0.16125
0.16
0.160625
0.16125
0.158789
0.15125
0.157539
0.158164
0.16378900000000002
0.156914
0.156289
0.157539
0.155039
0.15441400000000002
0.155039
0.15316400000000002
0.15316400000000002
0.15316400000000002
0.15441400000000002
0.153789
0.15191400000000002
0.15191400000000002
0.151289
0.15066400000000002
0.15066400000000002
0.150039
0.14941400000000002
0.14816400000000002
0.14566400000000002
0.147539
0.152539
0.158164
0.16253900000000002
0.16128900000000002
0.16253900000000002
0.16253900000000002
0.16128900000000002
0.16253900000000002
0.156914
0.155664
0.158789
0.155664
0.156914
0.155664
0.155039
0.15441400000000002
0.15441400000000002
0.155039
0.156289
0.153789
0.161914
0.153789
0.15316400000000002
0.15191400000000002
0.15191400000000002
0.15125
0.15066400000000002
0.15
0.14941400000000002
0.15125
0.149375
0.146875
0.146875
0.14375
0.14375
0.14375
0.141875
0.14
0.139414
0.14
0.138125
0.14
0.141289
0.136914
0.140664
0.13753900000000002
0.13503900000000002
0.13503900000000002
0.13378900000000002
0.133164
0.13378900000000002
0.133164
0.133164
0.133164
0.13378900000000002
0.13378900000000002
0.13253900000000002
0.13253900000000002
0.13128900000000002
0.13003900000000002
0.129414
0.13003900000000002
0.12878900000000001
0.128164
0.126289
0.129414
0.13128900000000002
0.13003900000000002
0.139414
0.142539
0.142539
0.143164
0.143164
