0.104414
0.105039
0.103789
0.100039
0.103164
0.106914
0.108789
0.116289
0.118789
0.117539
0.118164
0.118164
0.120664
0.118789
0.110039
0.115039
0.113789
0.120039
0.117539
0.117539
0.116914
0.117539
0.117539
0.117539
0.115039
0.115039
0.113789
0.113164
0.113164
0.112539
0.111289
0.111914
0.111289
0.111289
0.111289
0.110664
0.106289
0.110039
0.106914
0.108164
0.110039
0.109414
0.109414
0.108789
0.10875
0.1075
0.109375
0.105
0.10875
0.107539
0.109375
0.104414
0.106875
0.10375
0.104414
0.103125
0.104375
0.105
0.103125
0.111875
0.10375
0.102539
0.100664
0.104414
0.104414
0.103789
0.102539
0.103164
0.104414
0.102539
0.103164
0.103164
0.106914
0.111289
0.116914
0.117539
0.117539
0.118164
0.118164
0.117539
0.118164
0.118789
0.115039
0.116289
0.115664
0.115664
0.117539
0.119414
0.120664
0.123164
0.124414
0.124414
0.123164
0.121914
0.124414
0.121289
0.123789
0.121289
0.121289
0.121289
0.120039
0.120039
0.122539
0.120664
0.121914
0.119414
0.120664
0.126289
0.120039
0.118164
0.11875
0.11875
0.117539
0.119375
0.119375
0.120625
0.118164
0.115625
0.115
0.115
0.114375
0.11375
0.114375
0.113164
0.113125
0.113789
0.114414
0.114375
0.113789
0.112539
0.113164
0.115039
0.116289
0.116289
0.117539
0.117539
0.118789
0.116289
0.122539
0.125039
0.129414
0.133789
0.132539
0.134414
0.136289
0.135664
0.135664
0.135664
0.132539
0.140039
0.146289
0.150039
0.150039
0.158789
0.162539
0.162539
0.162539
0.160039
0.160039
0.156914
0.150664
0.156914
0.163164
0.163164
0.166289
0.169414
0.175039
0.175664
0.178789
0.178789
0.181914
0.185039
0.183789
0.181289
0.183164
0.181914
0.183164
0.184414
0.1825
0.1825
0.181875
0.183125
0.17875
0.185039
0.18375
0.188164
0.192539
0.19875
0.20125
0.200625
0.198789
0.198789
0.20125
0.201875
0.206914
0.210039
0.211914
0.214414
0.211914
0.213164
0.213164
0.211914
0.209414
0.210039
0.206914
0.209414
0.215664
0.218164
0.213789
0.223164
0.228164
0.228164
0.225664
0.223164
0.223789
0.221914
0.226289
0.228164
0.228789
0.232539
0.236289
0.236289
0.235664
0.236289
0.236289
0.236289
0.235039
0.236289
0.232539
0.234414
0.231914
0.228789
0.229414
0.226914
0.228164
0.230664
0.233789
0.235039
0.239414
0.241289
0.240664
0.238164
0.238164
0.245664
0.248789
0.25
0.2525
0.251914
0.2575
0.257539
0.2525
0.255
0.253789
0.256914
0.26125
0.261914
0.26
0.26125
0.260625
0.2625
0.26
0.256289
0.263789
0.272539
0.280664
0.277539
0.281914
0.285664
0.289414
0.288164
0.288164
0.291289
0.305664
0.305664
0.310039
0.316289
0.319414
0.320664
0.320664
0.325039
0.333164
0.332539
0.331914
0.327539
0.328789
0.331914
0.336914
0.341914
0.339414
0.345664
0.353789
0.364414
0.366289
0.378164
0.388164
0.393164
0.391289
0.390039
0.390664
0.388164
0.388164
0.386914
0.385039
0.386289
0.396289
0.400039
0.395039
0.403789
0.405664
0.403789
0.412539
0.420664
0.421289
0.424414
0.429414
0.430664
0.43
0.435
0.43625
0.435
0.435625
0.43625
0.43625
0.435625
0.433125
0.433125
0.432539
0.431289
0.427539
0.427539
0.421914
0.423789
0.420039
0.419414
0.418164
0.416289
0.415039
0.413789
0.415664
0.415039
0.424414
0.427539
0.426289
0.426914
0.423789
0.425039
0.426914
0.426914
0.425039
0.423789
0.420664
0.429414
0.423789
0.426289
0.421914
0.423164
0.424414
0.428164
0.426289
0.426289
0.427539
0.424414
0.423789
0.424414
0.424414
0.430039
0.433789
0.436289
0.441914
0.442539
0.450039
0.452539
0.456289
0.459414
0.464414
0.475039
0.476289
0.489414
0.501289
0.501289
0.501914
0.50625
0.5125
0.513125
0.5175
0.526875
0.533164
0.531914
0.5325
0.534375
0.533789
0.535625
0.539414
0.540039
0.539414
0.536289
0.540664
0.548164
0.551289
0.547539
0.551914
0.553164
0.556289
0.564414
0.570664
0.576914
0.576289
0.573789
0.579414
0.580664
0.585039
0.587539
0.589414
0.588789
0.586289
0.585664
0.582539
0.580664
0.580664
0.577539
0.576289
0.573789
0.571289
0.573164
0.571289
0.569414
0.568789
0.566914
0.567539
0.561289
0.563789
0.566914
0.571289
0.576914
0.587539
0.593164
0.602539
0.621914
0.633789
0.634414
0.629414
0.631914
0.628789
0.626914
0.625039
0.631914
0.633789
0.635039
0.636914
0.636875
0.6375
0.63375
0.628164
0.6275
0.626875
0.626875
0.626914
0.625039
0.624414
0.625664
0.628164
0.627539
0.627539
0.629414
0.629414
0.629414
0.628789
0.634414
0.635664
0.635664
0.633789
0.632539
0.640039
0.639414
0.635664
0.639414
0.640039
0.636289
0.633789
0.633789
0.634414
0.631914
0.629414
0.626289
0.625664
0.621914
0.623164
0.629414
0.628164
0.629414
0.633789
0.635664
0.635039
0.632539
0.636914
0.646289
0.645664
0.653789
0.648164
0.649414
0.661289
0.661914
0.661914
0.668164
0.670664
0.672539
0.677539
0.674414
0.671289
0.670039
0.666289
0.665664
0.665664
0.665664
0.667539
0.671289
0.670625
0.6725
0.6725
0.672539
0.67125
0.678789
0.67375
0.672539
0.674414
0.678164
0.680039
0.678789
0.675625
0.676289
0.682539
0.686289
0.687539
0.681289
0.683164
0.681914
0.680664
0.679414
0.684414
0.695664
0.702539
0.701914
0.717539
0.728789
0.732539
0.729414
0.726914
0.727539
0.726289
0.723789
0.721289
0.723789
0.719414
0.715039
0.713789
0.709414
0.713164
0.705039
0.701289
0.700039
0.702539
0.701289
0.701289
0.703789
0.705664
0.701289
0.698789
0.698164
0.699414
0.704414
0.705039
0.705039
0.706289
0.706914
0.708164
0.700664
0.700664
0.698789
0.697539
0.700664
0.704414
0.707539
0.706914
0.71375
0.719414
0.721914
0.715664
0.719414
0.715
0.713789
0.710039
0.705
0.705664
0.708164
0.710039
0.710664
0.708164
0.704414
0.713164
0.706289
0.704414
0.698789
0.700664
0.700664
0.703164
0.715039
0.715664
0.725039
0.732539
0.735664
0.731914
0.727539
0.730039
0.728164
0.725039
0.721289
0.717539
0.715039
0.711289
0.709414
0.704414
0.703164
0.699414
0.697539
0.692539
0.690664
0.686289
0.683164
0.680664
0.678164
0.676289
0.670039
0.666914
0.666289
0.661914
0.660664
0.660039
0.657539
0.655039
0.652539
0.649414
0.650039
0.647539
0.653789
0.648789
0.651914
0.651289
0.653164
0.657539
0.660664
0.661289
0.659414
0.65875
0.65875
0.659414
0.655664
0.650625
0.6475
0.647539
0.646914
0.645664
0.644414
0.642539
0.640664
0.638789
0.639414
0.638789
0.638164
0.635664
0.636914
0.638789
0.643789
0.650039
0.658789
0.670039
0.671914
0.673164
0.670664
0.668789
0.669414
0.668789
0.674414
0.680664
0.678789
0.689414
0.696914
0.700039
0.710039
0.708164
0.717539
0.720664
0.718789
0.720039
0.714414
0.711289
0.709414
0.705664
0.703789
0.699414
0.698789
0.697539
0.697539
0.694414
0.690664
0.686289
0.683164
0.678164
0.675664
0.672539
0.669414
0.667539
0.661289
0.659414
0.6575
0.653164
0.650664
0.650039
0.648164
0.64625
0.642539
0.640625
0.6325
0.635039
0.63
0.6275
0.62625
0.624375
0.623789
0.621914
0.619414
0.619414
0.619414
0.615664
0.613164
0.617539
0.615039
0.611289
0.610039
0.610664
0.613164
0.615039
0.616289
0.615039
0.610664
0.616289
0.610039
0.606914
0.611914
0.605039
0.602539
0.600664
0.598164
0.595039
0.595039
0.593789
0.595039
0.592539
0.592539
0.597539
0.605664
0.605664
0.616914
0.626289
0.627539
0.625664
0.627539
0.630664
0.628789
0.623789
0.623789
0.624414
0.628164
0.628164
0.628789
0.629414
0.628789
0.626289
0.623164
0.621914
0.622539
0.618164
0.620664
0.623164
0.629414
0.629414
0.634414
0.636289
0.635664
0.631289
0.631875
0.63875
0.640664
0.64
0.645
0.650664
0.650039
0.646914
0.643164
0.639414
0.638789
0.632539
0.632539
0.630039
0.634414
0.625039
0.629414
0.628789
0.630664
0.628164
0.623789
0.621289
0.616914
0.613164
0.610664
0.605664
0.601914
0.598789
0.595039
0.591914
0.588789
0.587539
0.586914
0.582539
0.580664
0.571914
0.573164
0.570039
0.567539
0.564414
0.560664
0.558789
0.556289
0.553789
0.549414
0.545039
0.544414
0.541914
0.536289
0.538789
0.536289
0.534414
0.534414
0.531289
0.533789
0.528789
0.525664
0.533164
0.536914
0.535664
0.540039
0.541875
0.540625
0.539414
0.53625
0.533789
0.5325
0.5325
0.529375
0.5275
0.524375
0.521875
0.520664
0.520039
0.518789
0.521914
0.531914
0.536914
0.537539
0.553789
0.560039
0.561289
0.566914
0.572539
0.580039
0.586914
0.586289
0.584414
0.585664
0.581289
0.576914
0.579414
0.576914
0.575664
0.572539
0.568789
0.564414
0.562539
0.562539
0.559414
0.554414
0.556289
0.550039
0.548789
0.546289
0.543164
0.540039
0.536914
0.537539
0.540664
0.541289
0.541289
0.544414
0.545664
0.543789
0.541914
0.540664
0.539414
0.540664
0.537539
0.535664
0.533789
0.533789
0.532539
0.533789
0.533164
0.5325
0.531914
0.533125
0.53125
0.52875
0.526875
0.525
0.523125
0.52
0.519375
0.515
0.510625
0.510664
0.508789
0.507539
0.505664
0.503164
0.498789
0.499414
0.495039
0.495039
0.490664
0.485039
0.489414
0.492539
0.496289
0.498164
0.495664
0.494414
0.495664
0.493164
0.497539
0.499414
0.501289
0.503789
0.506289
0.505664
0.502539
0.500664
0.500664
0.500039
0.501289
0.502539
0.500664
0.501914
0.498789
0.496914
0.497539
0.503789
0.505039
0.508164
0.512539
0.514414
0.511289
0.511289
0.510664
0.509414
0.506914
0.503164
0.500664
0.498789
0.500039
0.500039
0.498789
0.496914
0.496914
0.494414
0.490039
0.491289
0.490625
0.495039
0.49625
0.496875
0.501289
0.506875
0.50375
0.49375
0.498125
0.499375
0.495039
0.495039
0.493164
0.491914
0.490664
0.488164
0.486914
0.483789
0.481289
0.478164
0.476289
0.479414
0.481914
0.484414
0.484414
0.482539
0.480039
0.479414
0.478789
0.470664
0.475039
0.470664
0.469414
0.466914
0.464414
0.462539
0.461914
0.460039
0.458164
0.458164
0.453164
0.453164
0.451914
0.451914
0.448164
0.446289
0.445039
0.441914
0.442539
0.441289
0.442539
0.445039
0.449414
0.450664
0.455039
0.461914
0.458789
0.457539
0.457539
0.459414
0.458164
0.463789
0.467539
0.466875
0.473164
0.4775
0.478789
0.478164
0.476875
0.47625
0.475
0.47375
0.4725
0.47375
0.471914
0.466289
0.468164
0.465039
0.463789
0.462539
0.459414
0.458164
0.456289
0.455664
0.457539
0.455664
0.450039
0.455664
0.463164
0.465039
0.473164
0.478789
0.480664
0.478164
0.474414
0.477539
0.477539
0.481289
0.485664
0.484414
0.483789
0.485039
0.495039
0.503164
0.503789
0.502539
0.506914
0.506289
0.507539
0.503789
0.503164
0.495039
0.493789
0.492539
0.488789
0.488789
0.486914
0.484414
0.481914
0.483164
0.483164
0.484414
0.485664
0.488789
0.488164
0.489414
0.492539
0.491289
0.495664
0.500625
0.496914
0.495625
0.496875
0.495625
0.49375
0.491875
0.488789
0.486289
0.48375
0.4825
0.48
0.47625
0.474375
0.468789
0.466875
0.466875
0.468789
0.470664
0.471289
0.476289
0.476914
0.478789
0.476289
0.483789
0.480039
0.475039
0.478164
0.482539
0.486289
0.485039
0.488164
0.488789
0.486289
0.484414
0.485039
0.481914
0.479414
0.478164
0.476289
0.472539
0.471289
0.470664
0.469414
0.469414
0.469414
0.465039
0.470039
0.465039
0.469414
0.472539
0.471914
0.469414
0.471914
0.476289
0.475664
0.478164
0.477539
0.480664
0.480039
0.481289
0.480664
0.478164
0.476289
0.473789
0.471914
0.470664
0.470039
0.466914
0.473164
0.466289
0.470664
0.471914
0.474375
0.478164
0.48
0.479414
0.4775
0.476875
0.47375
0.474414
0.472539
0.47
0.469414
0.470664
0.470039
0.470039
0.471289
0.469414
0.469414
0.470664
0.470039
0.471914
0.473164
0.475664
0.475039
0.472539
0.473164
0.471914
0.470664
0.469414
0.468164
0.465664
0.464414
0.463789
0.470664
0.472539
0.471914
0.480039
0.485039
0.486289
0.483164
0.485039
0.483789
0.481914
0.483789
0.483789
0.478164
0.478789
0.475664
0.473789
0.471914
0.468789
0.471914
0.468164
0.471289
0.468164
0.466914
0.465039
0.463164
0.462539
0.461289
0.460039
0.460039
0.458164
0.458125
0.456914
0.453125
0.453125
0.453789
0.451875
0.45125
0.449375
0.448164
0.446914
0.443125
0.442539
0.436289
0.438125
0.44
0.438164
0.438789
0.437539
0.436289
0.435039
0.434414
0.434414
0.435664
0.433164
0.433789
0.446289
0.448789
0.450664
0.449414
0.450664
0.451289
0.451914
0.451289
0.452539
0.450039
0.446289
0.450664
0.446289
0.443789
0.443164
0.442539
0.441289
0.441914
0.441914
0.443164
0.442539
0.442539
0.440039
0.437539
0.436289
0.434414
0.433789
0.433164
0.430039
0.430664
0.430664
0.428789
0.425664
0.428164
0.421914
0.424414
0.423164
0.422539
0.421289
0.420664
0.420039
0.421289
0.421914
0.416914
0.416914
0.41875
0.416914
0.419414
0.4175
0.416875
0.415
0.414414
0.413789
0.415
0.410625
0.410664
0.413789
0.418164
0.423789
0.426289
0.430664
0.430039
0.430664
0.431289
0.431289
0.428789
0.431914
0.435039
0.437539
0.430039
0.435039
0.442539
0.445664
0.446289
0.450664
0.452539
0.452539
0.451289
0.445664
0.446289
0.442539
0.440039
0.438789
0.437539
0.436289
0.435039
0.433164
0.432539
0.430039
0.427539
0.424414
0.420664
0.419414
0.418789
0.422539
0.422539
0.422539
0.426914
0.433164
0.431289
0.425039
0.427539
0.428164
0.424414
0.424414
0.421914
0.420664
0.418789
0.415039
0.416289
0.411289
0.407539
0.405625
0.405039
0.401875
0.399375
0.396914
0.39375
0.39125
0.389375
0.38625
0.38375
0.383125
0.3825
0.379414
0.38125
0.385039
0.384414
0.390039
0.393789
0.394414
0.392539
0.398789
0.395664
0.400039
0.396289
0.394414
0.396289
0.395664
0.393789
0.391914
0.388789
0.386914
0.384414
0.381914
0.383789
0.380664
0.376914
0.373789
0.370664
0.368789
0.368164
0.365664
0.366289
0.372539
0.373789
0.367539
0.377539
0.382539
0.389414
0.382539
0.380664
0.380039
0.379414
0.378164
0.377539
0.374414
0.371914
0.369414
0.368789
0.368164
0.366289
0.365039
0.362539
0.360664
0.360039
0.359414
0.358125
0.355664
0.355664
0.354414
0.3575
0.356875
0.35375
0.350625
0.349375
0.347539
0.345664
0.344375
0.34125
0.344414
0.3425
0.337539
0.341289
0.341289
0.340664
0.340039
0.344414
0.346914
0.351914
0.360039
0.366289
0.369414
0.371289
0.373789
0.375039
0.371914
0.369414
0.367539
0.365664
0.366914
0.364414
0.365664
0.363164
0.358789
0.356914
0.356914
0.353789
0.351289
0.351289
0.352539
0.351289
0.353789
0.354414
0.349414
0.350664
0.344414
0.343164
0.342539
0.340039
0.339414
0.336914
0.337539
0.335664
0.334414
0.333789
0.331914
0.331289
0.330039
0.328789
0.334414
0.334414
0.338789
0.345
0.350664
0.35
0.346875
0.35125
0.35375
0.35
0.3525
0.35
0.3475
0.345625
0.3425
0.343125
0.34
0.331875
0.336914
0.336289
0.333789
0.331914
0.330664
0.329414
0.328164
0.327539
0.331914
0.333789
0.336289
0.333789
0.333164
0.333789
0.332539
0.331289
0.330039
0.329414
0.327539
0.327539
0.328789
0.320664
0.322539
0.320664
0.321914
0.318164
0.317539
0.316289
0.316914
0.316914
0.315664
0.315664
0.311914
0.316289
0.311289
0.309414
0.308789
0.308164
0.307539
0.306289
0.306914
0.308164
0.308164
0.305039
0.300039
0.303164
0.301914
0.300039
0.301289
0.300664
0.299414
0.300039
0.299375
0.299375
0.298125
0.296875
0.2975
0.298164
0.296875
0.295625
0.295625
0.294414
0.2925
0.291875
0.290625
0.290664
0.292539
0.289414
0.291914
0.286914
0.288164
0.288789
0.290039
0.290664
0.292539
0.295039
0.302539
0.299414
0.303164
0.301289
0.303789
0.303164
0.302539
0.301914
0.301914
0.303164
0.299414
0.300664
0.297539
0.299414
0.296914
0.291914
0.293164
0.294414
0.294414
0.294414
0.293164
0.292539
0.294414
0.290039
0.289414
0.288164
0.285039
0.285039
0.286289
0.286289
0.283164
0.283164
0.282539
0.280664
0.280664
0.280039
0.276914
0.279414
0.275039
0.275664
0.274414
0.273164
0.273164
0.2725
0.2725
0.273125
0.2725
0.27375
0.275
0.275625
0.273125
0.2725
0.27125
0.270664
0.27
0.26875
0.271289
0.276914
0.285664
0.28375
0.288164
0.294414
0.295039
0.295039
0.295039
0.300039
0.300039
0.303789
0.300664
0.294414
0.299414
0.295664
0.299414
0.295664
0.295664
0.295039
0.292539
0.291289
0.290039
0.288164
0.286289
0.282539
0.281289
0.279414
0.280039
0.278789
0.278164
0.277539
0.276914
0.276289
0.275039
0.266289
0.268164
0.265664
0.265664
0.266289
0.265664
0.266914
0.266914
0.266289
0.265039
0.266914
0.263164
0.265664
0.265664
0.269414
0.269414
0.272539
0.276289
0.275664
0.275039
0.275625
0.275
0.2725
0.2775
0.27125
0.26875
0.273164
0.265625
0.26375
0.262539
0.26125
0.258789
0.25875
0.2575
0.257539
0.255664
0.254414
0.250664
0.250039
0.248789
0.250039
0.253789
0.256289
0.258789
0.258164
0.257539
0.253789
0.254414
0.251914
0.250664
0.251289
0.250039
0.247539
0.245039
0.244414
0.245039
0.240039
0.237539
0.234414
0.238164
0.239414
0.236914
0.235664
0.235664
0.234414
0.231914
0.231289
0.229414
0.233789
0.228789
0.230039
0.225664
0.228789
0.226914
0.230039
0.235039
0.237539
0.243164
0.246289
0.250664
0.248789
0.246914
0.248164
0.249414
0.250039
0.248125
0.246875
0.246875
0.244375
0.244375
0.244375
0.24125
0.241914
0.236289
0.236914
0.233789
0.231875
0.229414
0.228164
0.225625
0.228789
0.225
0.225039
0.226289
0.223789
0.221289
0.221289
0.225664
0.228164
0.233164
0.233789
0.233789
0.231914
0.235664
0.233789
0.231914
0.229414
0.227539
0.226914
0.225039
0.223164
0.221914
0.224414
0.218789
0.211914
0.214414
0.215664
0.212539
0.215664
0.215039
0.215664
0.216289
0.215039
0.214414
0.213789
0.213164
0.211289
0.210039
0.210039
0.208789
0.206914
0.206914
0.205664
0.205664
0.204414
0.205664
0.198789
0.201289
0.196914
0.198789
0.198789
0.200039
0.198789
0.198789
0.198164
0.196914
0.19875
0.194375
0.195625
0.1975
0.195625
0.195
0.19375
0.193125
0.191289
0.191289
0.191914
0.192539
0.189414
0.188789
0.190039
0.192539
0.189414
0.188789
0.194414
0.196289
0.201289
0.202539
0.203789
0.200664
0.203789
0.203164
0.201289
0.201289
0.203789
0.210039
0.214414
0.216289
0.223789
0.231289
0.233164
0.233789
0.232539
0.235664
0.233789
0.237539
0.244414
0.248164
0.251289
0.256289
0.260039
0.261289
0.258164
0.255664
0.255664
0.253164
0.255039
0.253164
0.252539
0.251289
0.249414
0.246914
0.247539
0.243789
0.242539
0.240039
0.241289
0.243164
0.238164
0.236289
0.235
0.23375
0.2325
0.23375
0.23
0.230039
0.228789
0.225625
0.226914
0.234414
0.235664
0.23875
0.24
0.243125
0.244375
0.247539
0.2525
0.251875
0.248789
0.249414
0.251914
0.256914
0.255664
0.258164
0.261914
0.262539
0.268789
0.270039
0.268164
0.265664
0.266289
0.268164
0.268789
0.267539
0.266914
0.265039
0.265039
0.265664
0.261289
0.263164
0.261914
0.262539
0.270664
0.270664
0.278164
0.285664
0.288164
0.285039
0.285664
0.281914
0.276289
0.281914
0.281914
0.277539
0.278164
0.276289
0.275664
0.275039
0.273164
0.273164
0.271289
0.270664
0.269414
0.268164
0.270039
0.266914
0.266914
0.265664
0.263789
0.263125
0.263125
0.263789
0.258789
0.261289
0.254375
0.255625
0.254375
0.254375
0.2525
0.2525
0.2525
0.25125
0.251875
0.246914
0.250664
0.245039
0.246289
0.251914
0.255664
0.261914
0.261914
0.261289
0.262539
0.263789
0.261914
0.268789
0.262539
0.263789
0.265039
0.260664
0.260664
0.261289
0.260664
0.261914
0.263789
0.261289
0.260664
0.260664
0.260039
0.259414
0.262539
0.261289
0.262539
0.261914
0.258789
0.258789
0.258789
0.260039
0.256914
0.260039
0.258164
0.256914
0.258789
0.260039
0.260664
0.260664
0.260664
0.261289
0.260664
0.261289
0.259414
0.257539
0.257539
0.258789
0.259414
0.260039
0.258125
0.2575
0.26125
0.2575
0.254375
0.2575
0.258125
0.255664
0.255625
0.255
0.255
0.256289
0.25625
0.258125
0.256289
0.250664
0.256914
0.255039
0.263789
0.266914
0.271914
0.272539
0.271914
0.274414
0.273164
0.273164
0.273789
0.273164
0.273789
0.274414
0.273789
0.271914
0.271289
0.272539
0.270664
0.268789
0.269414
0.266914
0.268164
0.266289
0.267539
0.268164
0.269414
0.269414
0.268164
0.267539
0.266914
0.266914
0.263789
0.266289
0.264414
0.262539
0.264414
0.263164
0.263164
0.263164
0.262539
0.263789
0.265039
0.262539
0.255664
0.260664
0.261289
0.259414
0.260039
0.258789
0.260039
0.259414
0.25875
0.26
0.25875
0.258125
0.256875
0.256914
0.256875
0.260625
0.264375
0.265625
0.27125
0.276875
0.280664
0.28
0.278789
0.279414
0.287539
0.295664
0.302539
0.310664
0.313789
0.311914
0.313789
0.311289
0.311914
0.305039
0.303789
0.306914
0.304414
0.304414
0.303789
0.302539
0.300039
0.298164
0.295664
0.294414
0.290039
0.296289
0.288164
0.287539
0.285039
0.285039
0.285039
0.282539
0.279414
0.278164
0.276914
0.274414
0.273164
0.272539
0.270039
0.270664
0.270664
0.270039
0.270039
0.268164
0.269414
0.269414
0.268164
0.268789
0.264414
0.266914
0.263164
0.2625
0.260625
0.259375
0.2575
0.258125
0.2625
0.27125
0.270625
0.274375
0.28
0.28125
0.28125
0.2775
0.278164
0.277539
0.2775
0.277539
0.278125
0.275039
0.276914
0.280039
0.278164
0.282539
0.283789
0.283789
0.283164
0.283164
0.281289
0.283789
0.281914
0.277539
0.278164
0.278164
0.275664
0.276914
0.276914
0.275039
0.273789
0.273789
0.277539
0.283164
0.286289
0.293789
0.298789
0.300664
0.298789
0.296914
0.295664
0.293789
0.292539
0.290664
0.291289
0.283789
0.285664
0.283789
0.281914
0.280039
0.278789
0.277539
0.275039
0.272539
0.271914
0.270664
0.266289
0.270039
0.265039
0.264414
0.258164
0.26125
0.26
0.258125
0.257539
0.25625
0.256875
0.2525
0.255
0.249375
0.24875
0.243125
0.246289
0.245039
0.246289
0.245625
0.247539
0.252539
0.251914
0.257539
0.255664
0.259414
0.264414
0.266289
0.266914
0.268164
0.269414
0.269414
0.269414
0.268164
0.263789
0.265039
0.265664
0.263164
0.263164
0.260664
0.259414
0.257539
0.256289
0.255039
0.255664
0.251914
0.252539
0.253789
0.253789
0.256914
0.254414
0.253789
0.251289
0.250664
0.249414
0.249414
0.246914
0.253789
0.243164
0.246289
0.250039
0.245039
0.245039
0.243789
0.242539
0.241914
0.243789
0.240664
0.240664
0.240039
0.237539
0.238125
0.23875
0.238125
0.2375
0.236875
0.236875
0.236875
0.235039
0.23625
0.233164
0.23625
0.230625
0.23125
0.232539
0.233789
0.234375
0.233125
0.2325
0.233789
0.236914
0.237539
0.243789
0.248164
0.249414
0.248789
0.246914
0.247539
0.247539
0.246914
0.248789
0.246289
0.245039
0.244414
0.243164
0.240039
0.245039
0.243164
0.241914
0.241289
0.239414
0.241914
0.239414
0.240039
0.238789
0.240664
0.238164
0.239414
0.239414
0.239414
0.239414
0.240664
0.239414
0.240039
0.240664
0.238789
0.237539
0.238164
0.239414
0.238164
0.238789
0.237539
0.236289
0.235664
0.236914
0.230039
0.233125
0.231914
0.23125
0.233125
0.23125
0.23125
0.2325
0.232539
0.232539
0.2325
0.228789
0.226289
0.228125
0.2275
0.225
0.225039
0.225625
0.225039
0.224375
0.225039
0.225039
0.227539
0.237539
0.238789
0.237539
0.233164
0.237539
0.238164
0.238164
0.237539
0.236289
0.235664
0.235039
0.234414
0.233164
0.230039
0.231289
0.228789
0.229414
0.228164
0.226914
0.225664
0.226914
0.226914
0.225039
0.226289
0.223789
0.225664
0.223164
0.222539
0.221914
0.221289
0.222539
0.226914
0.229414
0.228164
0.228164
0.228164
0.228789
0.235664
0.240664
0.241914
0.241914
0.247539
0.256289
0.261289
0.263789
0.273789
0.270664
0.270039
0.273164
0.265664
0.264414
0.265039
0.263789
0.261289
0.26125
0.256914
0.256289
0.254414
0.253125
0.261875
0.259375
0.25875
0.26625
0.271914
0.273164
0.270039
0.276914
0.278789
0.277539
0.276289
0.273789
0.273789
0.273164
0.273789
0.273164
0.271289
0.270039
0.269414
0.268164
0.266289
0.262539
0.263164
0.261289
0.258789
0.258164
0.254414
0.253164
0.251914
0.253164
0.250039
0.245039
0.248164
0.246914
0.247539
0.243789
0.242539
0.239414
0.239414
0.236289
0.237539
0.233164
0.230664
0.230664
0.231289
0.227539
0.228164
0.226289
0.226289
0.225664
0.225039
0.224414
0.222539
0.223164
0.22125
0.218789
0.22
0.216875
0.21625
0.216914
0.216875
0.215625
0.214375
0.21375
0.20625
0.211914
0.206289
0.2075
0.208164
0.208789
0.20875
0.2075
0.207539
0.208789
0.215625
0.217539
0.218164
0.220664
0.220039
0.221289
0.220039
0.220039
0.219414
0.218164
0.219414
0.218789
0.215664
0.221289
0.228164
0.224414
0.232539
0.239414
0.241914
0.240664
0.242539
0.241914
0.243164
0.244414
0.245664
0.246289
0.246289
0.245664
0.244414
0.243789
0.243164
0.240664
0.240664
0.239414
0.238164
0.240039
0.238789
0.236289
0.238164
0.235039
0.234414
0.233789
0.231914
0.231289
0.231289
0.230664
0.228164
0.228164
0.227539
0.22375
0.225664
0.22625
0.227539
0.226289
0.225625
0.22375
0.225625
0.223125
0.218125
0.22125
0.221289
0.219375
0.226875
0.231875
0.232539
0.235039
0.238164
0.243164
0.249414
0.249414
0.250039
0.253789
0.253164
0.255664
0.258164
0.257539
0.257539
0.255664
0.255039
0.253789
0.253164
0.248789
0.250039
0.248789
0.249414
0.248164
0.249414
0.251914
0.252539
0.251289
0.254414
0.258789
0.265664
0.268789
0.270039
0.263789
0.262539
0.262539
0.263789
0.270664
0.277539
0.278164
0.281914
0.284414
0.289414
0.286914
0.284414
0.286914
0.286289
0.286289
0.285039
0.283164
0.285039
0.281289
0.275039
0.283789
0.28875
0.288164
0.293164
0.299375
0.303125
0.30125
0.3
0.29875
0.298125
0.298125
0.295
0.29375
0.29125
0.293125
0.291914
0.291914
0.290039
0.295039
0.296914
0.301289
0.294414
0.298789
0.296914
0.294414
0.293789
0.291289
0.291914
0.292539
0.291289
0.289414
0.291289
0.285039
0.286914
0.283164
0.283789
0.285664
0.281914
0.281914
0.280039
0.280664
0.283164
0.282539
0.283789
0.281914
0.282539
0.280039
0.282539
0.278789
0.280039
0.285039
0.288164
0.291289
0.299414
0.302539
0.302539
0.303164
0.303164
0.302539
0.305039
0.311289
0.313789
0.317539
0.323789
0.326914
0.326289
0.329375
0.324375
0.32625
0.32625
0.325625
0.326875
0.325625
0.324375
0.3225
0.32
0.320625
0.318125
0.32125
0.326914
0.324414
0.331875
0.338164
0.341914
0.342539
0.346914
0.345664
0.346289
0.343164
0.340039
0.336914
0.336914
0.340039
0.338789
0.336289
0.335664
0.334414
0.333164
0.334414
0.331289
0.332539
0.330039
0.331289
0.335039
0.336914
0.335664
0.337539
0.343789
0.353789
0.358789
0.360039
0.360664
0.360039
0.369414
0.371289
0.371914
0.372539
0.371289
0.371914
0.370664
0.370039
0.373789
0.376914
0.379414
0.383164
0.386289
0.385039
0.383789
0.380664
0.381289
0.383164
0.381914
0.380664
0.376914
0.379414
0.375625
0.3775
0.370664
0.375625
0.375
0.375625
0.375664
0.374414
0.374375
0.37
0.371875
0.366914
0.364414
0.365
0.365039
0.363789
0.368789
0.371289
0.375664
0.378789
0.378789
0.378789
0.375039
0.374414
0.374414
0.374414
0.373789
0.371914
0.371289
0.370039
0.368789
0.368789
0.362539
0.366289
0.365664
0.365664
0.365039
0.365039
0.365039
0.365664
0.365039
0.363789
0.365664
0.361914
0.364414
0.362539
0.360664
0.359414
0.360664
0.359414
0.358789
0.358164
0.358789
0.359414
0.356914
0.360664
0.356289
0.355039
0.361289
0.354414
0.355039
0.353789
0.352539
0.353789
0.357539
0.363789
0.371289
0.373125
0.380664
0.393164
0.405
0.4075
0.405625
0.406914
0.4075
0.407539
0.40875
0.410625
0.406914
0.4075
0.405664
0.406289
0.405664
0.412539
0.414414
0.420039
0.420039
0.419414
0.416289
0.417539
0.415664
0.415664
0.411914
0.410039
0.408789
0.406914
0.406289
0.402539
0.403164
0.400039
0.396914
0.396914
0.395664
0.395664
0.393164
0.391914
0.391289
0.390664
0.389414
0.390039
0.387539
0.390039
0.386289
0.384414
0.379414
0.381289
0.380664
0.378789
0.378164
0.376914
0.376289
0.375664
0.375664
0.373164
0.373164
0.371914
0.375039
0.376914
0.377539
0.378789
0.379414
0.378789
0.379375
0.374375
0.375625
0.37875
0.3775
0.3775
0.37375
0.374375
0.371875
0.371289
0.37
0.36875
0.365039
0.361914
0.365625
0.3675
0.363789
0.365039
0.368789
0.373164
0.376289
0.375664
0.375664
0.372539
0.371914
0.373789
0.369414
0.376289
0.368789
0.366914
0.365664
0.365039
0.362539
0.362539
0.360039
0.360039
0.358164
0.357539
0.358164
0.358164
0.358789
0.358789
0.358164
0.361289
0.366914
0.368789
0.370664
0.377539
0.373789
0.375039
0.375039
0.375664
0.376289
0.375039
0.375039
0.375664
0.384414
0.381914
0.387539
0.398164
0.401914
0.400039
0.399414
0.398789
0.400039
0.399414
0.39875
0.3975
0.39375
0.398125
0.38875
0.38625
0.390664
0.383125
0.380625
0.374375
0.373789
0.371289
0.370625
0.366914
0.36625
0.36625
0.366289
0.374414
0.379414
0.384414
0.388164
0.389414
0.394414
0.402539
0.408789
0.411914
0.405039
0.407539
0.408164
0.409414
0.410664
0.409414
0.408164
0.404414
0.402539
0.400664
0.396914
0.394414
0.393164
0.388164
0.385664
0.380664
0.379414
0.377539
0.374414
0.371289
0.371914
0.367539
0.362539
0.361914
0.361289
0.356914
0.356914
0.355039
0.352539
0.353164
0.348789
0.349414
0.345039
0.346289
0.342539
0.341289
0.336914
0.338164
0.339414
0.340039
0.344414
0.345
0.349375
0.354375
0.35875
0.355625
0.354414
0.354414
0.35375
0.351914
0.35
0.3475
0.344414
0.343125
0.343125
0.337539
0.3425
0.34
0.340039
0.343789
0.346289
0.348164
0.346914
0.345039
0.343789
0.347539
0.345664
0.350664
0.354414
0.353789
0.349414
0.349414
0.349414
0.350039
0.348789
0.349414
0.348164
0.345039
0.336914
0.340664
0.337539
0.336914
0.336289
0.335039
0.334414
0.332539
0.331289
0.332539
0.331289
0.327539
0.325664
0.324414
0.323164
0.321289
0.321289
0.320039
0.318164
0.319414
0.321914
0.325664
0.325039
0.331289
0.330039
0.335039
0.333789
0.333164
0.333789
0.333164
0.333164
0.332539
0.3325
0.328125
0.328125
0.33
0.3275
0.328125
0.326914
0.325664
0.323789
0.321875
0.319375
0.32125
0.3175
0.314375
0.315625
0.313789
0.320039
0.325039
0.327539
0.326289
0.325039
0.323789
0.323789
0.320664
0.323789
0.320664
0.321914
0.318164
0.317539
0.317539
0.316289
0.315039
0.313164
0.311914
0.311914
0.312539
0.308164
0.308789
0.305039
0.305039
0.305039
0.304414
0.304414
0.304414
0.305039
0.305664
0.305039
0.303789
0.301914
0.300039
0.299414
0.296914
0.296914
0.296289
0.296289
0.296289
0.298789
0.298789
0.292539
0.296289
0.294414
0.290664
0.294414
0.293164
0.292539
0.291914
0.29
0.292539
0.29
0.287539
0.2925
0.295
0.291914
0.293125
0.291914
0.29125
0.28875
0.28875
0.288125
0.2875
0.288125
0.285625
0.291289
0.293789
0.296289
0.295664
0.296914
0.296914
0.295039
0.295039
0.294414
0.288789
0.290664
0.289414
0.289414
0.291289
0.291914
0.290039
0.293789
0.307539
0.315664
0.321914
0.332539
0.349414
0.346914
0.345039
0.338164
0.344414
0.345664
0.346914
0.351289
0.360664
0.363164
0.361914
0.360664
0.371289
0.371289
0.376914
0.375039
0.374414
0.373164
0.373164
0.371289
0.370039
0.368164
0.365664
0.363789
0.360664
0.358789
0.356914
0.356289
0.357539
0.355664
0.355625
0.355039
0.354414
0.351914
0.35
0.344375
0.346875
0.341914
0.339375
0.33625
0.33375
0.330625
0.328125
0.329375
0.325625
0.326875
0.333789
0.331289
0.336289
0.335039
0.332539
0.332539
0.336289
0.339414
0.341289
0.344414
0.349414
0.344414
0.343789
0.339414
0.342539
0.343164
0.342539
0.341914
0.339414
0.338789
0.334414
0.332539
0.328789
0.327539
0.324414
0.325039
0.323164
0.321289
0.321289
0.320039
0.319414
0.318164
0.316914
0.311289
0.313789
0.308164
0.308164
0.307539
0.306289
0.305664
0.305039
0.303789
0.302539
0.302539
0.303789
0.306289
0.316289
0.313164
0.315664
0.320664
0.323789
0.325039
0.32375
0.32375
0.321289
0.324375
0.321875
0.322539
0.321875
0.319375
0.3175
0.314375
0.314375
0.312539
0.315039
0.312539
0.313125
0.317539
0.318164
0.318789
0.324414
0.323164
0.321914
0.321289
0.320664
0.320664
0.319414
0.320039
0.317539
0.315664
0.316914
0.315039
0.313164
0.311914
0.311289
0.310664
0.308789
0.309414
0.301914
0.305039
0.301289
0.303789
0.306289
0.306289
0.310664
0.314414
0.316289
0.323164
0.326914
0.323164
0.329414
0.324414
0.323164
0.321289
0.321289
0.321289
0.321914
0.321914
0.323789
0.325039
0.323164
0.321289
0.321289
0.320039
0.322539
0.325039
0.323164
0.325039
0.326875
0.326875
0.32625
0.324375
0.32375
0.325625
0.32625
0.324375
0.325
0.325
0.3225
0.321289
0.320039
0.32
0.320625
0.323789
0.32625
0.332539
0.334414
0.333164
0.335664
0.336914
0.341914
0.342539
0.345664
0.351289
0.351289
0.350664
0.351289
0.351289
0.351914
0.350664
0.350664
0.349414
0.351289
0.348789
0.350039
0.348164
0.349414
0.343789
0.345039
0.349414
0.342539
0.343164
0.340664
0.340039
0.338164
0.338164
0.333164
0.332539
0.331289
0.329414
0.328164
0.328789
0.327539
0.325664
0.325664
0.324414
0.323789
0.323789
0.324414
0.321914
0.323789
0.320039
0.320039
0.320664
0.322539
0.321875
0.3225
0.323125
0.32625
0.32625
0.325625
0.326875
0.326289
0.323789
0.321875
0.320039
0.319375
0.318125
0.318125
0.318789
0.322539
0.3275
0.330039
0.327539
0.327539
0.326289
0.325664
0.323164
0.324414
0.321289
0.323164
0.320039
0.311914
0.316914
0.315039
0.312539
0.314414
0.314414
0.313164
0.312539
0.311289
0.310664
0.308164
0.308164
0.306289
0.304414
0.305664
0.304414
0.303789
0.303789
0.301914
0.301914
0.302539
0.310039
0.307539
0.313789
0.318789
0.323164
0.327539
0.326914
0.325664
0.326914
0.326914
0.325664
0.326289
0.322539
0.324414
0.321914
0.322539
0.320039
0.320039
0.316875
0.315
0.31375
0.314375
0.315
0.31375
0.32625
0.3225
0.320625
0.325625
0.333164
0.333789
0.33
0.328789
0.328125
0.331289
0.335664
0.339414
0.338789
0.337539
0.331914
0.333164
0.332539
0.330664
0.329414
0.328789
0.328164
0.326289
0.325039
0.323789
0.326289
0.327539
0.329414
0.331289
0.333789
0.335039
0.333789
0.331914
0.330664
0.327539
0.325039
0.325039
0.323164
0.324414
0.322539
0.323164
0.322539
0.320039
0.315664
0.315664
0.311914
0.315039
0.309414
0.308789
0.300664
0.305039
0.303164
0.302539
0.300664
0.300664
0.301289
0.296289
0.298164
0.295664
0.293164
0.291914
0.291914
0.29125
0.288789
0.288164
0.286875
0.285664
0.286875
0.285625
0.28375
0.283164
0.281914
0.27875
0.278164
0.277539
0.276289
0.27625
0.280625
0.284414
0.288789
0.288789
0.286914
0.288164
0.290664
0.295664
0.301289
0.301289
0.306289
0.312539
0.315664
0.313164
0.313789
0.311914
0.310039
0.313164
0.312539
0.311289
0.308789
0.308164
0.306289
0.306914
0.302539
0.298789
0.298789
0.300039
0.295039
0.296289
0.295039
0.296289
0.295664
0.294414
0.293164
0.291289
0.290664
0.288164
0.286289
0.286289
0.283789
0.281914
0.282539
0.280664
0.279414
0.278164
0.276914
0.270664
0.274414
0.269414
0.270039
0.271289
0.27125
0.27375
0.273789
0.27375
0.274375
0.27625
0.271289
0.270039
0.271914
0.26625
0.26875
0.266289
0.265625
0.263125
0.263125
0.271875
0.27375
0.275664
0.278789
0.273164
0.275039
0.274414
0.274414
0.273789
0.272539
0.272539
0.271914
0.271914
0.270039
0.268164
0.265039
0.266289
0.265039
0.264414
0.263164
0.261914
0.261914
0.260664
0.259414
0.259414
0.259414
0.256914
0.257539
0.256914
0.254414
0.255039
0.254414
0.253164
0.252539
0.250664
0.250039
0.248789
0.246289
0.245664
0.243164
0.246289
0.245664
0.244414
0.244414
0.243164
0.240664
0.243164
0.240039
0.236289
0.238164
0.238164
0.238164
0.238125
0.235625
0.236289
0.235039
0.235039
0.236914
0.234375
0.2275
0.231875
0.232539
0.234375
0.230039
0.233125
0.236289
0.237539
0.24
0.249375
0.255625
0.256875
0.255664
0.257539
0.258789
0.256289
0.256914
0.256914
0.255664
0.254414
0.253789
0.254414
0.251914
0.250664
0.248789
0.247539
0.248164
0.246289
0.244414
0.243164
0.241914
0.240039
0.239414
0.236914
0.236914
0.236289
0.233789
0.235664
0.234414
0.235039
0.233789
0.231289
0.230039
0.231289
0.228164
0.220664
0.225039
0.225664
0.224414
0.223789
0.221914
0.223164
0.221914
0.220664
0.220664
0.219414
0.219414
0.218789
0.219414
0.220039
0.222539
0.2225
0.223125
0.221914
0.222539
0.223125
0.223164
0.2175
0.22
0.220625
0.215
0.215039
0.21375
0.212539
0.21625
0.22
0.223125
0.226875
0.221289
0.220664
0.224414
0.223164
0.225039
0.222539
0.220664
0.220039
0.218789
0.218164
0.218164
0.215039
0.221914
0.211914
0.213164
0.211914
0.209414
0.207539
0.207539
0.206289
0.203789
0.203789
0.201914
0.200664
0.200664
0.199414
0.198789
0.200664
0.199414
0.198789
0.196914
0.196289
0.195664
0.195664
0.196289
0.191914
0.193164
0.191289
0.188164
0.189414
0.187539
0.186914
0.187539
0.185039
0.186289
0.185039
0.185664
0.1825
0.182539
0.181875
0.18
0.180664
0.179375
0.17875
0.178125
0.18
0.176875
0.179375
0.176875
0.174375
0.175625
0.173125
0.17125
0.17875
0.181289
0.18625
0.189414
0.187539
0.181289
0.186914
0.186914
0.190664
0.184414
0.185664
0.184414
0.184414
0.183164
0.181914
0.181289
0.180664
0.178164
0.176289
0.176914
0.175039
0.174414
0.173789
0.173789
0.170664
0.169414
0.171289
0.167539
0.170039
0.170039
0.169414
0.170039
0.169414
0.166914
0.165039
0.164414
0.164414
0.163789
0.161914
0.162539
0.160664
0.158789
0.160039
0.158789
0.158164
0.157539
0.156914
0.156914
0.157539
0.154414
0.149414
0.153164
0.153164
0.149414
0.151875
0.150625
0.15125
0.151875
0.151289
0.151875
0.15
0.15
0.14875
0.14875
0.146875
0.146875
0.146875
0.15125
0.156914
0.160625
0.160664
0.161914
0.156914
0.161289
0.160039
0.159414
0.157539
0.156289
0.156914
0.156289
0.155664
0.154414
0.153164
0.148789
0.148789
0.153789
0.149414
0.150039
0.146914
0.147539
0.146289
0.144414
0.143789
0.144414
0.142539
0.148789
0.142539
0.141914
0.139414
0.143789
0.143789
0.140664
0.139414
0.138164
0.140039
0.138164
0.136914
0.137539
0.136914
0.136914
0.138164
0.136289
0.135664
0.135664
0.135039
0.133789
0.134414
0.135664
0.131875
0.136289
0.131875
0.131875
0.13125
0.131875
0.131875
0.131875
0.131875
0.130625
0.129375
0.128125
0.12625
0.1275
0.123164
0.128125
0.1325
0.136875
0.14
0.139414
0.141289
0.139414
0.140039
0.138164
0.138789
0.140039
0.138164
0.138164
0.136914
0.137539
0.135664
0.137539
0.134414
0.135039
0.133164
0.133164
0.131914
0.130664
0.130039
0.129414
0.128164
0.128164
0.128164
0.128164
0.128164
0.126289
0.127539
0.127539
0.128164
0.127539
0.127539
0.124414
0.125039
0.123789
0.125039
0.119414
0.121914
0.122539
0.121289
0.121289
0.121914
0.120664
0.120039
0.120039
0.120039
0.120039
0.116289
0.11875
0.1175
0.116875
0.11625
0.116289
0.11625
0.116875
0.1175
0.118125
0.1175
0.113125
0.120625
0.112539
0.113125
0.11
0.116875
0.120664
0.125625
0.128164
0.1275
0.128164
0.128164
0.130039
0.128164
0.126914
0.126914
0.126914
0.127539
0.126289
0.126289
0.125664
0.125039
0.125039
0.120664
0.123164
0.124414
0.123164
0.121914
0.120664
0.119414
0.118789
0.117539
0.116289
0.118164
0.113789
0.113789
0.116289
0.116914
0.118164
0.117539
0.115664
0.115039
0.114414
0.112539
0.113789
0.112539
0.120664
0.111289
0.113164
0.113789
0.111289
0.111289
0.111914
0.109414
0.110664
0.111914
0.108789
0.110625
0.10875
0.105625
0.106875
0.108125
0.108125
0.106875
0.108125
0.108125
0.106875
0.10625
0.106289
0.105
0.10125
0.103789
0.110625
0.116289
0.119414
0.120039
0.12
0.120039
0.12125
0.123164
0.121289
0.120039
0.121289
0.120039
0.119414
0.118164
0.118789
0.118164
0.116289
0.116914
0.115039
0.111289
0.115039
0.113789
0.116914
0.115039
0.114414
0.112539
0.111914
0.111289
0.114414
0.111289
0.113164
0.112539
0.114414
0.113164
0.110664
0.110039
0.110039
0.110039
0.110039
0.110039
0.107539
0.110039
0.109414
0.108164
0.110039
0.110039
0.108789
0.108164
0.108164
0.107539
0.106914
0.107539
0.101289
0.105664
0.105625
0.103789
0.105625
0.106289
0.1075
0.106914
0.10625
0.105625
0.106875
0.103125
0.100625
