0.120664
0.120039
0.122539
0.119414
0.122539
0.118164
0.118789
0.114414
0.116289
0.115664
0.116289
0.115664
0.116289
0.118164
0.115664
0.116289
0.115039
0.113164
0.111289
0.113789
0.112539
0.111289
0.111289
0.111289
0.110039
0.110664
0.111914
0.108789
0.111289
0.107539
0.108164
0.108789
0.108164
0.108164
0.108164
0.1075
0.108125
0.106914
0.1075
0.109414
0.11
0.11
0.108164
0.106914
0.106914
0.106289
0.106289
0.106875
0.103164
0.104414
0.10375
0.105039
0.104375
0.107539
0.111289
0.116289
0.119414
0.119414
0.121289
0.119414
0.113164
0.118789
0.117539
0.123789
0.120039
0.118789
0.118789
0.119414
0.117539
0.116914
0.117539
0.117539
0.116289
0.115664
0.114414
0.113164
0.113789
0.114414
0.113789
0.114414
0.114414
0.115664
0.110664
0.113164
0.108789
0.110039
0.112539
0.111289
0.111289
0.110664
0.110664
0.110039
0.111289
0.106914
0.111289
0.108789
0.110039
0.108164
0.108164
0.106914
0.106914
0.106914
0.108125
0.1075
0.105625
0.112539
0.105625
0.105
0.107539
0.10625
0.105625
0.105
0.10375
0.103125
0.104375
0.101289
0.10375
0.102539
0.101914
0.109414
0.108789
0.111914
0.116914
0.118164
0.117539
0.118164
0.120039
0.123789
0.121289
0.125039
0.124414
0.123789
0.125039
0.125039
0.123789
0.123789
0.124414
0.125039
0.121289
0.120664
0.125664
0.119414
0.126914
0.129414
0.132539
0.139414
0.144414
0.145039
0.146289
0.146914
0.151289
0.145664
0.147539
0.141914
0.145664
0.144414
0.141914
0.141914
0.141289
0.143789
0.140664
0.141914
0.140664
0.139414
0.140039
0.141289
0.140664
0.138164
0.138164
0.13875
0.144414
0.149414
0.151289
0.155625
0.163789
0.1625
0.161875
0.160664
0.160039
0.158164
0.162539
0.169375
0.1725
0.171875
0.180664
0.184375
0.185
0.193789
0.196914
0.196289
0.200664
0.201289
0.200664
0.202539
0.199414
0.205664
0.212539
0.214414
0.215664
0.216289
0.217539
0.216289
0.215664
0.213789
0.213789
0.210039
0.205039
0.209414
0.208164
0.206289
0.207539
0.203789
0.205039
0.205664
0.205664
0.205664
0.208164
0.211914
0.212539
0.214414
0.222539
0.225039
0.225664
0.224414
0.223164
0.221914
0.223164
0.222539
0.218789
0.223164
0.217539
0.218164
0.220664
0.221289
0.220039
0.219414
0.220664
0.228164
0.231914
0.23375
0.239375
0.245664
0.245664
0.2425
0.246289
0.244375
0.244375
0.245
0.2475
0.2475
0.248125
0.246289
0.251875
0.256289
0.263164
0.264414
0.263789
0.265664
0.268164
0.269414
0.273789
0.275664
0.275664
0.275039
0.278789
0.285664
0.293789
0.291914
0.293164
0.293164
0.295039
0.298164
0.298789
0.299414
0.297539
0.304414
0.305664
0.305664
0.308789
0.314414
0.328789
0.333789
0.340664
0.355039
0.361289
0.361914
0.361289
0.360039
0.366289
0.366914
0.366289
0.364414
0.360664
0.356914
0.357539
0.353789
0.349414
0.349414
0.350664
0.353164
0.361289
0.361914
0.369414
0.378789
0.385039
0.387539
0.384375
0.382539
0.385664
0.39125
0.39625
0.396289
0.40125
0.4025
0.400625
0.398125
0.3975
0.405625
0.411914
0.410625
0.411289
0.420664
0.433164
0.438789
0.437539
0.440039
0.443789
0.456289
0.471914
0.471914
0.479414
0.487539
0.491914
0.494414
0.498164
0.494414
0.494414
0.493789
0.493789
0.493789
0.490664
0.491914
0.491914
0.488164
0.485664
0.488164
0.487539
0.486289
0.486289
0.487539
0.496289
0.495664
0.491289
0.501289
0.504414
0.506914
0.503164
0.499414
0.498164
0.497539
0.498789
0.500039
0.498164
0.498164
0.495664
0.494414
0.496914
0.500664
0.503789
0.503164
0.502539
0.505664
0.515625
0.524414
0.521289
0.528125
0.52625
0.530625
0.528789
0.528125
0.52625
0.526289
0.526875
0.535039
0.550039
0.550664
0.561289
0.570039
0.578789
0.586914
0.587539
0.592539
0.600664
0.606914
0.606914
0.608164
0.609414
0.621289
0.616289
0.616914
0.620039
0.618789
0.617539
0.616289
0.615039
0.613164
0.612539
0.610039
0.611914
0.618164
0.620664
0.623164
0.628789
0.631289
0.633789
0.635664
0.635039
0.632539
0.631289
0.632539
0.629414
0.631289
0.626914
0.625039
0.624414
0.624414
0.625664
0.625664
0.626914
0.627539
0.625039
0.624414
0.623164
0.628164
0.629414
0.628164
0.628789
0.632539
0.638164
0.641914
0.645039
0.648125
0.651914
0.656289
0.665039
0.663125
0.660625
0.663164
0.669375
0.673789
0.673164
0.678164
0.676289
0.672539
0.687539
0.693164
0.692539
0.693789
0.704414
0.718789
0.727539
0.726289
0.727539
0.731914
0.735664
0.739414
0.741289
0.738789
0.736289
0.733789
0.730664
0.729414
0.730664
0.730664
0.730039
0.727539
0.729414
0.728164
0.727539
0.731914
0.731914
0.736914
0.742539
0.744414
0.743164
0.740664
0.735039
0.740039
0.746914
0.748789
0.751289
0.758789
0.760664
0.758789
0.758164
0.756914
0.758789
0.755664
0.746914
0.750039
0.747539
0.745664
0.752539
0.755664
0.756914
0.761914
0.766289
0.767539
0.765039
0.763789
0.762539
0.761289
0.761875
0.765664
0.769414
0.766914
0.770039
0.77125
0.773789
0.773789
0.773164
0.775039
0.776289
0.773789
0.781289
0.793164
0.795039
0.801289
0.811914
0.816289
0.818164
0.810039
0.809414
0.812539
0.811914
0.814414
0.820039
0.819414
0.821289
0.823164
0.821289
0.821289
0.816914
0.818789
0.813789
0.811289
0.815664
0.805664
0.803164
0.800664
0.798164
0.794414
0.795039
0.795664
0.795664
0.793164
0.794414
0.798164
0.800664
0.798164
0.794414
0.791289
0.790039
0.788789
0.787539
0.786914
0.781914
0.781289
0.775664
0.773789
0.770039
0.766914
0.764414
0.764414
0.770664
0.77375
0.778164
0.7875
0.794375
0.791875
0.786875
0.782539
0.780664
0.780039
0.781914
0.781289
0.780664
0.780664
0.783164
0.780039
0.779414
0.775664
0.778789
0.781289
0.780664
0.781289
0.778164
0.778164
0.776289
0.780039
0.785664
0.785039
0.788164
0.797539
0.794414
0.795039
0.792539
0.788164
0.785039
0.782539
0.781289
0.778789
0.780664
0.783164
0.783164
0.786289
0.793789
0.794414
0.790664
0.786914
0.783164
0.776914
0.777539
0.774414
0.771914
0.769414
0.768164
0.766289
0.764414
0.762539
0.762539
0.766914
0.766289
0.768789
0.768789
0.771914
0.769414
0.765664
0.763164
0.760664
0.763164
0.76625
0.765625
0.766914
0.773789
0.767539
0.761914
0.758164
0.760039
0.758164
0.753164
0.750039
0.747539
0.748789
0.750039
0.753164
0.751289
0.746914
0.742539
0.744414
0.741914
0.738164
0.735039
0.733164
0.730039
0.728789
0.724414
0.725039
0.721289
0.717539
0.717539
0.713789
0.713164
0.708164
0.705664
0.702539
0.700664
0.695039
0.692539
0.691914
0.691289
0.695664
0.700664
0.701289
0.706914
0.710664
0.707539
0.707539
0.702539
0.710039
0.706914
0.708164
0.705664
0.706914
0.707539
0.706289
0.704414
0.701914
0.701289
0.697539
0.697539
0.698164
0.692539
0.692539
0.691289
0.690039
0.694414
0.700664
0.7
0.709375
0.71875
0.723789
0.720039
0.723164
0.726875
0.725039
0.724375
0.725
0.721914
0.725664
0.730664
0.733789
0.742539
0.738164
0.735039
0.738164
0.743789
0.742539
0.740664
0.741289
0.740039
0.735039
0.735664
0.730039
0.722539
0.718164
0.715039
0.710664
0.710039
0.708164
0.703164
0.698789
0.696289
0.694414
0.687539
0.685039
0.681289
0.678789
0.672539
0.671914
0.669414
0.667539
0.665664
0.662539
0.659414
0.656289
0.653789
0.650664
0.646914
0.645039
0.641914
0.638164
0.635664
0.632539
0.628164
0.626289
0.624414
0.616289
0.617539
0.614414
0.610039
0.610039
0.608164
0.605664
0.603164
0.60125
0.598789
0.598789
0.593164
0.588164
0.58875
0.588164
0.597539
0.600625
0.601289
0.610625
0.613789
0.616914
0.618789
0.617539
0.621289
0.614414
0.612539
0.608789
0.611289
0.608789
0.606289
0.603789
0.602539
0.605039
0.607539
0.607539
0.610039
0.611914
0.610039
0.608789
0.608789
0.608789
0.606914
0.605039
0.604414
0.603164
0.600039
0.599414
0.598789
0.600664
0.597539
0.600039
0.605664
0.609414
0.608164
0.612539
0.615664
0.610664
0.605664
0.605664
0.601289
0.603164
0.601289
0.599414
0.595664
0.592539
0.589414
0.586914
0.581914
0.581914
0.575039
0.572539
0.576289
0.570039
0.566289
0.565039
0.561914
0.560664
0.563789
0.566289
0.565039
0.566914
0.57375
0.580664
0.5725
0.569375
0.566289
0.567539
0.571914
0.572539
0.573164
0.570664
0.566914
0.566914
0.566289
0.566289
0.563164
0.561289
0.559414
0.556289
0.553789
0.551289
0.548789
0.546914
0.543164
0.541914
0.538164
0.534414
0.531914
0.536289
0.538164
0.536914
0.538164
0.535664
0.532539
0.538164
0.544414
0.551914
0.548789
0.549414
0.548789
0.548789
0.546289
0.545664
0.547539
0.555664
0.558164
0.565039
0.566914
0.572539
0.575664
0.576914
0.574414
0.571914
0.572539
0.570039
0.568164
0.566289
0.565039
0.563789
0.560039
0.558164
0.556289
0.554375
0.553125
0.553164
0.549375
0.54125
0.543125
0.540625
0.532539
0.531289
0.528125
0.531289
0.539414
0.542539
0.548789
0.547539
0.545039
0.547539
0.554414
0.550039
0.551289
0.548789
0.548164
0.546914
0.546914
0.545664
0.543789
0.538164
0.538164
0.533164
0.529414
0.526289
0.524414
0.521914
0.518789
0.515664
0.511289
0.510039
0.505664
0.503789
0.501289
0.498789
0.498789
0.497539
0.495039
0.493164
0.490039
0.487539
0.485039
0.483164
0.482539
0.478789
0.476289
0.476914
0.474414
0.473164
0.471289
0.471289
0.471289
0.470664
0.472539
0.471289
0.469414
0.466914
0.463789
0.464414
0.465039
0.463789
0.462539
0.46125
0.460625
0.4625
0.459375
0.45875
0.46
0.458789
0.455
0.453789
0.451914
0.458789
0.461914
0.465664
0.466289
0.463789
0.463789
0.464414
0.465664
0.459414
0.458789
0.457539
0.455664
0.455039
0.454414
0.452539
0.451914
0.453164
0.454414
0.460664
0.461914
0.461914
0.463164
0.464414
0.471914
0.480039
0.481289
0.483164
0.485664
0.487539
0.493164
0.496289
0.491914
0.491289
0.491914
0.491914
0.491914
0.491289
0.491289
0.488789
0.484414
0.484414
0.480664
0.483164
0.485664
0.486914
0.488789
0.494414
0.497539
0.499414
0.494414
0.485664
0.490664
0.489414
0.486289
0.485664
0.483789
0.4825
0.479375
0.48
0.47625
0.473164
0.470664
0.466875
0.465664
0.46
0.461914
0.463789
0.465664
0.468164
0.470039
0.469414
0.468789
0.461914
0.467539
0.465664
0.469414
0.472539
0.473164
0.477539
0.481289
0.480039
0.476914
0.478164
0.472539
0.475039
0.475039
0.469414
0.465039
0.465664
0.463789
0.463164
0.463164
0.462539
0.461914
0.460039
0.458789
0.460664
0.460664
0.462539
0.463164
0.464414
0.460664
0.458789
0.458164
0.456914
0.453164
0.449414
0.447539
0.445039
0.443789
0.445039
0.450664
0.450039
0.451289
0.456289
0.455664
0.458164
0.458789
0.456289
0.460664
0.461289
0.459414
0.460039
0.458789
0.459375
0.46
0.458125
0.45625
0.453789
0.450625
0.446875
0.44875
0.443789
0.447539
0.449414
0.451914
0.452539
0.455664
0.457539
0.460039
0.460039
0.460664
0.460039
0.461914
0.460664
0.459414
0.463164
0.470039
0.470664
0.473164
0.471914
0.473789
0.474414
0.478789
0.476914
0.475039
0.474414
0.470039
0.467539
0.465664
0.465664
0.465039
0.464414
0.460664
0.461914
0.458164
0.458164
0.455664
0.451289
0.449414
0.446289
0.444414
0.443789
0.439414
0.441914
0.448789
0.451914
0.452539
0.460664
0.465664
0.464414
0.463164
0.461914
0.461289
0.457539
0.461289
0.456289
0.455039
0.449414
0.450039
0.448789
0.446875
0.445
0.44375
0.4425
0.440664
0.445625
0.435625
0.434375
0.435039
0.437539
0.441289
0.444414
0.444414
0.443164
0.442539
0.441289
0.441914
0.438789
0.436914
0.436289
0.435039
0.432539
0.431289
0.432539
0.430664
0.431914
0.430039
0.424414
0.428164
0.427539
0.427539
0.427539
0.425039
0.423164
0.421914
0.419414
0.418164
0.418789
0.413164
0.416914
0.415664
0.415664
0.415039
0.413164
0.410039
0.408789
0.408789
0.407539
0.406914
0.401914
0.408789
0.402539
0.401289
0.408164
0.405664
0.408789
0.408164
0.411914
0.414414
0.416289
0.415664
0.417539
0.418164
0.419414
0.422539
0.42125
0.42125
0.42125
0.422539
0.424375
0.42125
0.420625
0.420664
0.416914
0.413125
0.413789
0.417539
0.423164
0.425039
0.424414
0.423164
0.421289
0.421289
0.419414
0.420039
0.415664
0.417539
0.418164
0.423164
0.424414
0.426289
0.431914
0.433789
0.437539
0.434414
0.429414
0.430664
0.428789
0.425039
0.426289
0.425039
0.423789
0.421289
0.418789
0.420039
0.415664
0.416289
0.414414
0.413789
0.412539
0.413164
0.412539
0.409414
0.408789
0.406289
0.406289
0.404414
0.405664
0.401914
0.402539
0.400664
0.401289
0.400039
0.398789
0.396914
0.394414
0.393164
0.393164
0.388789
0.389375
0.391875
0.38875
0.386914
0.385625
0.384414
0.385664
0.384375
0.38375
0.384414
0.381289
0.378125
0.376875
0.379414
0.3825
0.39
0.395
0.394414
0.395664
0.397539
0.401914
0.397539
0.392539
0.394414
0.390664
0.396914
0.388789
0.387539
0.387539
0.387539
0.385664
0.385664
0.383789
0.382539
0.382539
0.390664
0.390039
0.394414
0.400039
0.401914
0.400039
0.401914
0.406289
0.419414
0.421914
0.430039
0.439414
0.448164
0.445664
0.446289
0.443789
0.445039
0.444414
0.441289
0.441289
0.436914
0.437539
0.440664
0.441289
0.435664
0.433789
0.431289
0.426914
0.425039
0.421914
0.420039
0.418164
0.420039
0.415039
0.414414
0.423125
0.414414
0.413164
0.412539
0.409375
0.406289
0.405
0.400625
0.396289
0.393789
0.3975
0.402539
0.401289
0.401914
0.399414
0.397539
0.395664
0.393789
0.393164
0.394414
0.389414
0.392539
0.393789
0.392539
0.396914
0.399414
0.400664
0.399414
0.396914
0.396289
0.395664
0.395039
0.393789
0.391289
0.393164
0.395039
0.401289
0.401914
0.408789
0.413164
0.416914
0.412539
0.409414
0.411914
0.411914
0.413164
0.415039
0.415664
0.415664
0.419414
0.420664
0.423164
0.418164
0.418164
0.416289
0.416289
0.414414
0.413789
0.413164
0.412539
0.410664
0.408164
0.406289
0.404414
0.403164
0.40125
0.399414
0.397539
0.396289
0.395664
0.394414
0.391914
0.389414
0.388125
0.385625
0.376875
0.383164
0.38375
0.3875
0.3925
0.390664
0.391289
0.389414
0.389414
0.389414
0.387539
0.383789
0.386914
0.385039
0.382539
0.376914
0.377539
0.375664
0.374414
0.374414
0.373164
0.373164
0.371914
0.366914
0.371914
0.373164
0.373164
0.371914
0.369414
0.369414
0.368789
0.368164
0.369414
0.368164
0.368164
0.366914
0.366289
0.363789
0.361914
0.361914
0.364414
0.363789
0.364414
0.364414
0.363789
0.361289
0.363164
0.359414
0.364414
0.362539
0.361289
0.360664
0.360039
0.358164
0.358164
0.357539
0.353789
0.355039
0.354414
0.351289
0.352539
0.354414
0.355039
0.353164
0.353125
0.35
0.351875
0.348125
0.350625
0.3575
0.361875
0.363164
0.364414
0.363789
0.362539
0.363789
0.363789
0.364414
0.361289
0.363164
0.361289
0.360039
0.358164
0.358164
0.356914
0.356289
0.356289
0.353789
0.355039
0.356914
0.358164
0.356914
0.361289
0.356914
0.356289
0.355039
0.354414
0.355039
0.355664
0.355039
0.355664
0.355664
0.355664
0.355039
0.353789
0.350039
0.349414
0.348164
0.347539
0.347539
0.345039
0.346289
0.343789
0.339414
0.342539
0.340039
0.338164
0.340039
0.338789
0.337539
0.338789
0.336914
0.338789
0.337539
0.331289
0.338125
0.337539
0.334375
0.335625
0.33625
0.335
0.33125
0.331875
0.33125
0.328125
0.334375
0.333789
0.338125
0.339414
0.338789
0.338789
0.340039
0.339414
0.338164
0.335664
0.336289
0.330039
0.332539
0.332539
0.332539
0.333789
0.333164
0.334414
0.335039
0.333789
0.332539
0.331914
0.327539
0.330039
0.326289
0.324414
0.328789
0.321914
0.320039
0.320039
0.318789
0.318789
0.318164
0.315039
0.308789
0.313789
0.310664
0.320039
0.320039
0.319414
0.319414
0.320039
0.321289
0.332539
0.343789
0.348789
0.348789
0.355039
0.357539
0.356914
0.360039
0.363164
0.362539
0.366289
0.368164
0.366289
0.365664
0.363789
0.36375
0.363789
0.3625
0.360625
0.3575
0.35375
0.351914
0.349414
0.348125
0.343789
0.351289
0.351875
0.351914
0.349414
0.347539
0.345664
0.344414
0.342539
0.340664
0.340039
0.334414
0.336289
0.328789
0.326914
0.321289
0.322539
0.319414
0.317539
0.316289
0.313164
0.312539
0.308789
0.305664
0.304414
0.301289
0.298789
0.300039
0.297539
0.295039
0.293789
0.293164
0.291289
0.291289
0.291289
0.285664
0.287539
0.283164
0.281914
0.280664
0.280039
0.279414
0.278164
0.277539
0.276914
0.276289
0.276289
0.275664
0.275664
0.272539
0.271289
0.275039
0.280039
0.279414
0.283164
0.289414
0.291914
0.295664
0.290664
0.290664
0.290664
0.291914
0.291289
0.29
0.290039
0.289375
0.295664
0.29875
0.296875
0.305039
0.31375
0.322539
0.332539
0.332539
0.332539
0.334414
0.335039
0.335039
0.333789
0.333789
0.331914
0.332539
0.329414
0.327539
0.326289
0.330664
0.336914
0.336914
0.340039
0.350039
0.353789
0.361289
0.357539
0.356289
0.357539
0.359414
0.357539
0.358164
0.356289
0.353789
0.353164
0.347539
0.350039
0.341914
0.340039
0.335664
0.334414
0.331914
0.329414
0.327539
0.326914
0.325664
0.320664
0.321289
0.318789
0.315664
0.321289
0.316289
0.314414
0.315664
0.315039
0.313164
0.313789
0.311875
0.310625
0.308125
0.305625
0.3075
0.3075
0.305625
0.305
0.303125
0.30125
0.30625
0.309375
0.311875
0.312539
0.313789
0.313164
0.313164
0.314414
0.313164
0.313164
0.311289
0.309414
0.310039
0.305039
0.303164
0.305039
0.303164
0.302539
0.302539
0.300664
0.300664
0.300664
0.298789
0.299414
0.296914
0.301289
0.295664
0.295664
0.291289
0.293164
0.293164
0.292539
0.293164
0.292539
0.295039
0.293164
0.294414
0.291914
0.290039
0.290039
0.290664
0.291914
0.289414
0.290664
0.290039
0.290039
0.291289
0.293164
0.290664
0.292539
0.288789
0.290039
0.290039
0.289414
0.290039
0.288789
0.289414
0.290625
0.289414
0.288125
0.291875
0.290664
0.292539
0.2925
0.293125
0.293164
0.294414
0.299414
0.304414
0.305039
0.309375
0.309414
0.307539
0.308164
0.310039
0.311289
0.315664
0.315664
0.315664
0.320664
0.318789
0.312539
0.318164
0.316914
0.313789
0.316914
0.316289
0.315664
0.315039
0.314414
0.313164
0.311914
0.313164
0.311289
0.310039
0.309414
0.308164
0.308789
0.308789
0.308164
0.308789
0.314414
0.318789
0.313789
0.321914
0.324414
0.325039
0.327539
0.327539
0.326289
0.327539
0.325039
0.326289
0.328789
0.324414
0.323789
0.323164
0.323789
0.319414
0.319414
0.318789
0.316914
0.316914
0.317539
0.316914
0.313164
0.316875
0.31125
0.311289
0.308789
0.308789
0.3075
0.306914
0.309375
0.311914
0.316914
0.3175
0.318125
0.316875
0.316289
0.313789
0.316289
0.316289
0.315664
0.314414
0.313789
0.311289
0.311289
0.310039
0.308789
0.304414
0.306914
0.305039
0.302539
0.301289
0.300039
0.299414
0.298164
0.298789
0.294414
0.293164
0.290664
0.288164
0.292539
0.288789
0.289414
0.289414
0.288789
0.287539
0.289414
0.286289
0.289414
0.284414
0.283789
0.278164
0.281289
0.278789
0.277539
0.277539
0.277539
0.278789
0.275039
0.276289
0.275039
0.277539
0.284414
0.285664
0.285664
0.285039
0.291914
0.299414
0.302539
0.302539
0.301875
0.302539
0.303125
0.301914
0.303789
0.305039
0.30375
0.306875
0.30875
0.311875
0.311914
0.311914
0.310625
0.309375
0.308789
0.308789
0.306914
0.303789
0.301289
0.299414
0.297539
0.296289
0.292539
0.291914
0.291914
0.283164
0.281914
0.284414
0.283789
0.279414
0.280039
0.277539
0.278164
0.274414
0.270039
0.270039
0.268789
0.266289
0.265664
0.265664
0.266914
0.268164
0.268789
0.268789
0.265664
0.265039
0.262539
0.260664
0.260039
0.257539
0.255664
0.255039
0.253164
0.256914
0.268789
0.274414
0.278164
0.294414
0.296289
0.298789
0.299414
0.300039
0.297539
0.298164
0.299414
0.303164
0.309375
0.306914
0.310664
0.316289
0.31125
0.309414
0.311914
0.313125
0.313125
0.316875
0.315625
0.313125
0.3125
0.31875
0.313125
0.312539
0.309414
0.308789
0.306914
0.304414
0.302539
0.300664
0.298164
0.294414
0.293164
0.290664
0.290664
0.287539
0.286289
0.284414
0.281914
0.280664
0.279414
0.278789
0.278789
0.280039
0.275039
0.275039
0.274414
0.272539
0.271289
0.270039
0.269414
0.269414
0.268789
0.267539
0.265039
0.262539
0.261289
0.258164
0.260039
0.257539
0.258164
0.256914
0.255664
0.254414
0.256289
0.252539
0.247539
0.251289
0.250039
0.245039
0.249414
0.248164
0.248164
0.247539
0.246914
0.24875
0.245664
0.23875
0.246289
0.246875
0.25
0.244375
0.246875
0.250625
0.254375
0.256875
0.254375
0.256875
0.258164
0.257539
0.258789
0.258164
0.255664
0.255664
0.255664
0.255039
0.253164
0.252539
0.252539
0.250664
0.250664
0.246914
0.247539
0.250039
0.248789
0.247539
0.245664
0.246289
0.246914
0.247539
0.244414
0.243164
0.242539
0.240664
0.239414
0.243164
0.242539
0.242539
0.243789
0.243789
0.243789
0.240664
0.233164
0.238789
0.239414
0.243164
0.238164
0.236914
0.237539
0.238164
0.238789
0.238789
0.238164
0.238164
0.235664
0.237539
0.236914
0.236289
0.236289
0.235664
0.235039
0.235664
0.235039
0.235
0.23375
0.235625
0.2375
0.237539
0.235664
0.241875
0.243125
0.2475
0.248125
0.2475
0.25
0.246914
0.2475
0.251289
0.247539
0.250039
0.249414
0.249414
0.255039
0.260664
0.263164
0.270039
0.273164
0.281914
0.273164
0.273789
0.271914
0.271289
0.273164
0.273164
0.274414
0.273789
0.274414
0.271289
0.268789
0.267539
0.265664
0.265664
0.266289
0.265664
0.265039
0.265039
0.263789
0.261914
0.260664
0.267539
0.265664
0.269414
0.270039
0.269414
0.271289
0.270039
0.269414
0.268789
0.268789
0.268164
0.267539
0.267539
0.264414
0.263164
0.263789
0.261289
0.260664
0.258164
0.2575
0.256289
0.255625
0.255
0.266875
0.27
0.26875
0.2775
0.278125
0.279375
0.278125
0.276914
0.281914
0.290625
0.288789
0.284414
0.288164
0.290664
0.295039
0.291914
0.291289
0.290039
0.290039
0.291914
0.296289
0.296289
0.300664
0.303164
0.306914
0.306289
0.303164
0.302539
0.302539
0.301289
0.299414
0.297539
0.298789
0.298164
0.301914
0.303789
0.307539
0.310039
0.310664
0.309414
0.307539
0.306914
0.305039
0.303164
0.299414
0.301289
0.296914
0.294414
0.291289
0.291914
0.289414
0.287539
0.286289
0.285039
0.285664
0.281289
0.278164
0.278164
0.277539
0.276289
0.273789
0.271914
0.27125
0.27
0.270625
0.27
0.26875
0.268125
0.266875
0.265
0.265
0.270664
0.275039
0.27875
0.275664
0.275664
0.277539
0.278125
0.272539
0.276914
0.275664
0.275039
0.273164
0.271914
0.272539
0.270664
0.269414
0.268789
0.268164
0.263164
0.263164
0.263789
0.262539
0.263789
0.261914
0.261289
0.260039
0.259414
0.259414
0.259414
0.256289
0.260664
0.255039
0.255039
0.260664
0.255664
0.255039
0.255664
0.255664
0.255039
0.254414
0.252539
0.250664
0.250664
0.250039
0.250039
0.251289
0.250664
0.250039
0.250039
0.248789
0.247539
0.248164
0.250039
0.246289
0.250664
0.247539
0.245039
0.246914
0.246289
0.246289
0.245625
0.245
0.246875
0.24875
0.245
0.245625
0.25125
0.255
0.258789
0.258125
0.257539
0.258164
0.25875
0.261914
0.260625
0.257539
0.256914
0.258789
0.259414
0.258789
0.256914
0.256914
0.256914
0.255664
0.258164
0.255039
0.256289
0.255039
0.255664
0.254414
0.253164
0.253789
0.252539
0.252539
0.252539
0.251914
0.250664
0.250664
0.249414
0.249414
0.248789
0.250039
0.248789
0.250039
0.249414
0.248789
0.247539
0.248164
0.243164
0.245039
0.244414
0.243789
0.243789
0.244414
0.242539
0.243164
0.243164
0.241914
0.242539
0.241289
0.241289
0.240664
0.240039
0.240664
0.238789
0.2375
0.238125
0.23875
0.240039
0.24
0.238125
0.241914
0.237539
0.24
0.2475
0.249414
0.250664
0.255625
0.2575
0.261875
0.26875
0.271289
0.271289
0.270039
0.271289
0.279414
0.283789
0.283789
0.288164
0.291289
0.291914
0.290039
0.289414
0.288164
0.290664
0.288789
0.290039
0.292539
0.295664
0.295039
0.299414
0.304414
0.304414
0.303789
0.298164
0.298789
0.299414
0.296914
0.298789
0.297539
0.296914
0.295039
0.292539
0.289414
0.288789
0.284414
0.290039
0.280039
0.278789
0.273164
0.275039
0.275039
0.271914
0.270039
0.269414
0.270039
0.265039
0.265664
0.261914
0.258164
0.257539
0.258164
0.256914
0.253789
0.253164
0.2525
0.251289
0.250625
0.250039
0.251914
0.253125
0.256875
0.2575
0.255664
0.254375
0.254375
0.255625
0.255
0.255625
0.254375
0.253789
0.251289
0.251289
0.249414
0.247539
0.246914
0.244414
0.244414
0.243789
0.243164
0.239414
0.236289
0.238789
0.237539
0.241914
0.235664
0.235039
0.233789
0.232539
0.230039
0.231914
0.228164
0.228164
0.226914
0.228164
0.224414
0.225664
0.226289
0.226289
0.225039
0.223164
0.223164
0.221289
0.222539
0.220039
0.218789
0.220664
0.219414
0.219414
0.218789
0.218164
0.216914
0.216289
0.217539
0.210664
0.215664
0.211914
0.211289
0.213164
0.213164
0.213164
0.214375
0.221289
0.229414
0.234375
0.236875
0.2375
0.2525
0.256914
0.256875
0.25625
0.2575
0.258789
0.26125
0.264375
0.265664
0.263164
0.263789
0.263164
0.261914
0.264414
0.266914
0.267539
0.270664
0.275664
0.278789
0.279414
0.276914
0.275664
0.275039
0.273789
0.273164
0.271914
0.270664
0.269414
0.266914
0.265039
0.263164
0.261289
0.260664
0.260664
0.257539
0.258164
0.255039
0.255664
0.254414
0.251914
0.250039
0.248789
0.248789
0.245039
0.246289
0.251914
0.249414
0.258164
0.260664
0.263164
0.261914
0.259414
0.257539
0.258789
0.257539
0.253789
0.255664
0.255039
0.250664
0.252539
0.251289
0.249414
0.248789
0.24875
0.250664
0.24875
0.249414
0.256875
0.261875
0.263125
0.256875
0.256914
0.256289
0.256289
0.255625
0.255039
0.255039
0.255039
0.251289
0.251289
0.250039
0.251289
0.250039
0.248789
0.250664
0.250664
0.250039
0.250039
0.249414
0.248789
0.248789
0.248164
0.245039
0.243789
0.243164
0.241914
0.240664
0.239414
0.240039
0.238164
0.233789
0.238164
0.236914
0.238164
0.238164
0.237539
0.235664
0.234414
0.233164
0.235039
0.231289
0.226289
0.230039
0.231914
0.229414
0.229414
0.229414
0.229414
0.228789
0.230664
0.231289
0.232539
0.235039
0.231914
0.233789
0.234375
0.232539
0.233164
0.231914
0.233125
0.233164
0.23375
0.237539
0.234375
0.245039
0.245039
0.24375
0.24375
0.246875
0.254375
0.257539
0.263789
0.271289
0.275664
0.271289
0.273789
0.275664
0.275664
0.272539
0.275039
0.275039
0.275039
0.273164
0.273789
0.274414
0.272539
0.270039
0.270664
0.270664
0.273164
0.273789
0.271914
0.270664
0.268164
0.266914
0.266289
0.265039
0.263789
0.261914
0.262539
0.261914
0.261914
0.260664
0.258164
0.256914
0.255664
0.254414
0.254414
0.254414
0.251289
0.250664
0.250664
0.246914
0.247539
0.246289
0.245664
0.246289
0.245664
0.245039
0.243164
0.244414
0.24125
0.238164
0.24125
0.240039
0.238789
0.238789
0.239414
0.2375
0.245
0.244375
0.24625
0.2475
0.246875
0.246875
0.248125
0.246875
0.248125
0.248164
0.2475
0.248789
0.245039
0.248164
0.245664
0.246914
0.241289
0.243789
0.243789
0.241914
0.241289
0.238164
0.240039
0.240039
0.240039
0.236914
0.238789
0.235039
0.235039
0.234414
0.233789
0.233789
0.231914
0.231289
0.231914
0.230664
0.232539
0.233789
0.233164
0.230039
0.230039
0.228164
0.226289
0.225664
0.226914
0.226914
0.225039
0.225664
0.225039
0.223789
0.226289
0.223789
0.223164
0.222539
0.222539
0.221289
0.223164
0.219414
0.216914
0.219414
0.218789
0.217539
0.218164
0.217539
0.216875
0.218164
0.21875
0.22375
0.228125
0.231289
0.228125
0.22625
0.225039
0.22625
0.225664
0.2275
0.226914
0.226289
0.225664
0.224414
0.219414
0.222539
0.220664
0.220664
0.220039
0.218164
0.217539
0.216914
0.216289
0.214414
0.215664
0.210664
0.213789
0.211914
0.212539
0.206289
0.209414
0.208164
0.206289
0.205664
0.206914
0.205664
0.203164
0.205039
0.204414
0.203164
0.200664
0.203789
0.202539
0.200664
0.200039
0.199414
0.200039
0.197539
0.196289
0.196289
0.194414
0.194414
0.196289
0.195039
0.193789
0.193789
0.193164
0.191914
0.193164
0.193164
0.188789
0.190664
0.188164
0.186914
0.187539
0.186914
0.188125
0.19125
0.194375
0.19875
0.199414
0.200625
0.196875
0.198164
0.1975
0.196875
0.19625
0.196875
0.195625
0.194375
0.195039
0.191289
0.188789
0.191914
0.186289
0.182539
0.186914
0.186914
0.185664
0.185039
0.184414
0.185039
0.182539
0.183164
0.181289
0.178789
0.177539
0.178789
0.177539
0.175039
0.175039
0.174414
0.173789
0.173164
0.173789
0.171289
0.173789
0.170039
0.171289
0.168789
0.167539
0.166914
0.166289
0.164414
0.163789
0.161289
0.161289
0.163789
0.163789
0.160039
0.159414
0.159414
0.157539
0.158164
0.158164
0.157539
0.155664
0.15625
0.153789
0.151875
0.15375
0.1525
0.151875
0.1525
0.15875
0.160625
0.16625
0.163789
0.1625
0.164375
0.16
0.156914
0.161875
0.161914
0.16125
0.160039
0.160039
0.160039
0.158164
0.157539
0.155664
0.154414
0.153164
0.152539
0.151289
0.150664
0.149414
0.149414
0.148164
0.147539
0.141914
0.144414
0.140039
0.141914
0.144414
0.143164
0.141289
0.140039
0.140039
0.138789
0.140039
0.135039
0.137539
0.137539
0.138164
0.136914
0.134414
0.133164
0.131914
0.132539
0.132539
0.132539
0.129414
0.138164
0.129414
0.130039
0.130664
0.128789
0.129414
0.127539
0.126914
0.126289
0.127539
0.125039
0.126289
0.125664
0.126289
0.123125
0.124375
0.123789
0.125
0.13
0.134375
0.136289
0.136875
0.138125
0.134414
0.135
0.1325
0.132539
0.133789
0.13375
0.133789
0.133789
0.132539
0.132539
0.131289
0.131289
0.128164
0.125664
0.129414
0.126914
0.125664
0.126914
0.125039
0.122539
0.125039
0.121914
0.120664
0.120039
0.120664
0.117539
0.118789
0.116289
0.116289
0.116289
0.116289
0.118164
0.116289
0.120039
0.118789
0.118164
0.115664
0.115039
0.115039
0.113789
0.113164
0.113164
0.112539
0.113164
0.112539
0.112539
0.113164
0.111289
0.113789
0.111289
0.110664
0.111289
0.110664
0.110039
0.111289
0.106875
0.11
0.111914
0.108125
0.109375
0.109414
0.114375
0.118125
0.12375
0.125625
0.125
0.123164
0.125625
0.125
0.121875
0.12375
0.123125
0.121875
0.12125
0.121289
0.120664
0.121289
0.118789
0.110039
0.116289
0.116914
0.113789
0.115039
0.116289
0.115664
0.115039
0.115039
0.114414
0.114414
0.114414
0.113789
0.112539
0.112539
0.111289
0.109414
