0.112539
0.110664
0.110664
0.111289
0.11125
0.113164
0.115
0.111914
0.116914
0.113789
0.113789
0.113789
0.114414
0.114414
0.113789
0.113789
0.115039
0.113789
0.115039
0.115039
0.117539
0.116914
0.115664
0.117539
0.116289
0.118164
0.116289
0.117539
0.113789
0.116914
0.115664
0.113789
0.115039
0.118164
0.119414
0.119414
0.120664
0.120664
0.127539
0.129414
0.123789
0.130664
0.128164
0.130664
0.130664
0.139414
0.145664
0.149414
0.158164
0.162539
0.163164
0.165664
0.173789
0.180039
0.179414
0.186289
0.193789
0.196289
0.195039
0.193789
0.194414
0.196289
0.192539
0.2025
0.213164
0.225039
0.230664
0.2375
0.256875
0.276289
0.28625
0.285664
0.289414
0.286289
0.291289
0.290039
0.298164
0.299414
0.300664
0.300664
0.295039
0.295039
0.298164
0.297539
0.293789
0.299414
0.303164
0.301914
0.304414
0.303164
0.300039
0.296914
0.293789
0.290039
0.289414
0.284414
0.281289
0.280039
0.275039
0.275664
0.275664
0.275039
0.274414
0.271914
0.275039
0.275039
0.273789
0.272539
0.271289
0.273164
0.274414
0.274414
0.273164
0.272539
0.271289
0.271914
0.278164
0.283789
0.281289
0.287539
0.296289
0.296289
0.291289
0.292539
0.294414
0.296914
0.296289
0.295039
0.297539
0.29625
0.300625
0.293164
0.29375
0.293125
0.291289
0.289375
0.288164
0.28625
0.288125
0.29125
0.288789
0.290625
0.290664
0.288789
0.291914
0.297539
0.302539
0.301914
0.301289
0.300039
0.304414
0.316914
0.328164
0.330664
0.333789
0.333789
0.337539
0.338789
0.340664
0.345664
0.354414
0.356914
0.361289
0.367539
0.368789
0.366914
0.369414
0.371289
0.372539
0.371914
0.371289
0.376289
0.378164
0.381914
0.379414
0.382539
0.384414
0.381914
0.378164
0.380039
0.380039
0.378789
0.378789
0.379414
0.386289
0.388789
0.386289
0.396914
0.401914
0.405039
0.406914
0.411914
0.419414
0.423164
0.42375
0.4325
0.443125
0.448789
0.446875
0.44625
0.449375
0.450664
0.4525
0.45375
0.450625
0.451875
0.453164
0.454375
0.450039
0.452539
0.450039
0.450039
0.451289
0.454414
0.458789
0.461914
0.463164
0.469414
0.480039
0.480664
0.481914
0.481914
0.485039
0.485039
0.487539
0.488164
0.492539
0.501289
0.502539
0.501914
0.501289
0.513789
0.516914
0.518164
0.521289
0.523789
0.534414
0.552539
0.561289
0.575039
0.595664
0.604414
0.605039
0.608789
0.605039
0.601914
0.605664
0.606289
0.605664
0.608164
0.606914
0.604414
0.605664
0.613164
0.620039
0.619414
0.621289
0.620664
0.621289
0.621289
0.626914
0.631289
0.630664
0.63125
0.630664
0.63625
0.64125
0.639375
0.6475
0.64875
0.650664
0.648164
0.646914
0.645039
0.644414
0.641289
0.645664
0.641914
0.641914
0.635039
0.636914
0.636289
0.638789
0.637539
0.641289
0.647539
0.644414
0.645664
0.643789
0.643789
0.644414
0.644414
0.643164
0.640664
0.640039
0.643164
0.645664
0.645664
0.647539
0.650664
0.650664
0.661289
0.669414
0.671914
0.675664
0.676914
0.683789
0.687539
0.688789
0.686289
0.681289
0.680664
0.682539
0.683789
0.682539
0.678164
0.678789
0.678789
0.680039
0.680664
0.677539
0.675039
0.678164
0.680664
0.677539
0.681289
0.683789
0.688164
0.70125
0.713125
0.719375
0.715664
0.716914
0.72375
0.726914
0.723125
0.718789
0.715625
0.713164
0.715039
0.714414
0.718164
0.719414
0.721914
0.724414
0.728789
0.740664
0.748164
0.750039
0.749414
0.753789
0.757539
0.757539
0.758164
0.751914
0.758164
0.753164
0.754414
0.753789
0.751914
0.749414
0.748789
0.750039
0.751289
0.754414
0.751289
0.751914
0.756914
0.759414
0.758789
0.758789
0.762539
0.762539
0.762539
0.761914
0.761914
0.758789
0.763164
0.755664
0.753164
0.750039
0.753164
0.756289
0.760664
0.760664
0.758164
0.756914
0.755039
0.751289
0.749414
0.748789
0.747539
0.750039
0.746914
0.745039
0.746914
0.750625
0.750625
0.751914
0.753164
0.75
0.749414
0.75125
0.749375
0.751289
0.758164
0.758164
0.761289
0.761289
0.763164
0.763789
0.761289
0.761289
0.756914
0.758789
0.759414
0.763789
0.764414
0.761289
0.761914
0.766289
0.767539
0.769414
0.770664
0.770664
0.770664
0.768164
0.765039
0.768164
0.773789
0.773789
0.775039
0.779414
0.780664
0.790039
0.789414
0.782539
0.786914
0.791289
0.787539
0.783789
0.780664
0.776914
0.773164
0.770664
0.766914
0.767539
0.765664
0.762539
0.758789
0.756289
0.753789
0.749414
0.746289
0.745039
0.742539
0.745039
0.740039
0.743789
0.746289
0.750664
0.750664
0.748164
0.747539
0.746289
0.745664
0.743125
0.740039
0.7375
0.733125
0.730664
0.728125
0.725664
0.723789
0.721289
0.718164
0.718164
0.712539
0.705039
0.708164
0.708164
0.703164
0.701289
0.698164
0.697539
0.693789
0.691914
0.690664
0.691289
0.697539
0.697539
0.703164
0.709414
0.711914
0.711289
0.709414
0.708789
0.712539
0.718164
0.729414
0.730039
0.738164
0.751289
0.761914
0.762539
0.761289
0.756914
0.759414
0.767539
0.775664
0.775664
0.783164
0.793164
0.798789
0.793164
0.792539
0.790664
0.791289
0.795664
0.801289
0.799414
0.796914
0.790039
0.791289
0.785039
0.787539
0.787539
0.785664
0.780625
0.776914
0.775039
0.773125
0.77
0.763789
0.760039
0.756914
0.750625
0.746914
0.744414
0.742539
0.740664
0.738164
0.733789
0.728789
0.725039
0.723164
0.716914
0.715039
0.710664
0.705664
0.705039
0.700039
0.697539
0.694414
0.691289
0.690039
0.685039
0.683164
0.676289
0.674414
0.673164
0.669414
0.666914
0.663789
0.662539
0.662539
0.666289
0.663164
0.670664
0.670039
0.671914
0.675664
0.673789
0.673789
0.671914
0.675664
0.677539
0.676914
0.672539
0.675039
0.685664
0.688164
0.698164
0.710039
0.713164
0.708789
0.708789
0.708789
0.708164
0.707539
0.707539
0.705664
0.703789
0.701914
0.702539
0.699414
0.701914
0.706875
0.70625
0.70125
0.697539
0.69125
0.691875
0.688164
0.684414
0.679414
0.675664
0.673164
0.669414
0.668789
0.666289
0.665039
0.662539
0.663164
0.657539
0.652539
0.651914
0.648164
0.645664
0.643789
0.643164
0.641914
0.641289
0.637539
0.633164
0.636914
0.635039
0.633164
0.642539
0.643789
0.646289
0.654414
0.662539
0.664414
0.660664
0.661914
0.661289
0.663164
0.668789
0.668164
0.668164
0.664414
0.661289
0.658164
0.657539
0.655664
0.648164
0.650039
0.645039
0.642539
0.638789
0.635664
0.633164
0.630039
0.627539
0.623789
0.623164
0.616914
0.615664
0.615664
0.615039
0.607539
0.609414
0.606289
0.604414
0.603789
0.602539
0.600039
0.597539
0.608164
0.601289
0.603789
0.6025
0.606289
0.606914
0.605664
0.603789
0.601914
0.602539
0.600664
0.599414
0.598789
0.595039
0.593164
0.591914
0.590039
0.586914
0.584414
0.581914
0.579414
0.578789
0.578164
0.572539
0.573164
0.570664
0.568789
0.567539
0.565664
0.564414
0.563789
0.568789
0.573164
0.573789
0.576914
0.581914
0.585664
0.588789
0.587539
0.585039
0.586289
0.587539
0.588789
0.596914
0.596289
0.593789
0.599414
0.601914
0.605039
0.601914
0.600039
0.596914
0.596289
0.593789
0.596914
0.598789
0.600664
0.602539
0.606289
0.604414
0.603164
0.601289
0.599375
0.598789
0.597539
0.595039
0.593789
0.591289
0.587539
0.588789
0.588164
0.587539
0.588125
0.590039
0.592539
0.591914
0.588164
0.588164
0.581914
0.581289
0.581289
0.575664
0.573164
0.572539
0.571914
0.571289
0.570664
0.570039
0.571289
0.566914
0.566289
0.561289
0.558164
0.556914
0.552539
0.550039
0.548789
0.545039
0.544414
0.542539
0.538164
0.541914
0.546289
0.545664
0.555664
0.553164
0.551914
0.551914
0.555039
0.555664
0.556289
0.553789
0.553164
0.553164
0.557539
0.560664
0.559414
0.558164
0.558164
0.560664
0.566914
0.571914
0.572539
0.575039
0.580664
0.576289
0.576289
0.574414
0.572539
0.572539
0.569375
0.566289
0.561914
0.56
0.551875
0.548789
0.54875
0.546875
0.548125
0.548164
0.547539
0.549414
0.553789
0.554414
0.552539
0.548164
0.555039
0.546914
0.545664
0.543789
0.539414
0.537539
0.533164
0.530664
0.527539
0.528164
0.523164
0.520664
0.518164
0.513164
0.514414
0.516289
0.518164
0.513789
0.515664
0.518789
0.521914
0.520664
0.523164
0.525039
0.527539
0.526914
0.523789
0.522539
0.520664
0.518789
0.517539
0.516914
0.516289
0.513789
0.511914
0.507539
0.508164
0.504414
0.503164
0.502539
0.498789
0.496289
0.491914
0.492539
0.488789
0.485039
0.486289
0.484414
0.480039
0.48
0.479375
0.476914
0.475625
0.472539
0.4725
0.468164
0.466875
0.463125
0.46125
0.459414
0.458164
0.4575
0.455664
0.457539
0.461914
0.463789
0.464414
0.464414
0.461289
0.465664
0.471289
0.473164
0.470039
0.470664
0.470664
0.471289
0.471914
0.471914
0.463789
0.466289
0.462539
0.460664
0.461289
0.460039
0.456914
0.456289
0.455039
0.453164
0.451914
0.455039
0.454414
0.463164
0.461289
0.458164
0.456914
0.456289
0.455039
0.453164
0.451914
0.450039
0.445664
0.443789
0.445664
0.441289
0.446914
0.440039
0.438789
0.436914
0.436289
0.437539
0.445664
0.445664
0.449414
0.455
0.458164
0.458164
0.46
0.466289
0.46625
0.468125
0.47125
0.47
0.46875
0.46625
0.465625
0.464375
0.46625
0.46375
0.462539
0.464414
0.468789
0.469414
0.466914
0.472539
0.473789
0.478164
0.478789
0.473164
0.476289
0.475664
0.476289
0.478164
0.481289
0.480039
0.483164
0.481914
0.480039
0.480039
0.479414
0.480664
0.472539
0.469414
0.467539
0.467539
0.465664
0.465039
0.466289
0.465664
0.470039
0.470039
0.471289
0.464414
0.461289
0.458164
0.455039
0.452539
0.448789
0.448164
0.446914
0.441289
0.440039
0.436914
0.433789
0.433789
0.429414
0.428789
0.429414
0.428164
0.42875
0.427539
0.426914
0.425625
0.423789
0.425
0.423125
0.4225
0.42125
0.421875
0.421289
0.420664
0.415625
0.408789
0.413125
0.413164
0.414414
0.411914
0.410039
0.409414
0.408164
0.406289
0.407539
0.403164
0.398789
0.397539
0.400039
0.395039
0.398789
0.403164
0.403164
0.405664
0.410039
0.413789
0.413789
0.413164
0.410039
0.409414
0.409414
0.406914
0.406289
0.403789
0.403789
0.401914
0.402539
0.410039
0.405039
0.411289
0.412539
0.412539
0.415039
0.420039
0.422539
0.421289
0.419414
0.418164
0.419414
0.416289
0.418789
0.418164
0.416289
0.410039
0.409414
0.408164
0.406914
0.404414
0.404414
0.403789
0.399414
0.395625
0.396875
0.394375
0.39625
0.396914
0.39625
0.395
0.393789
0.39125
0.390039
0.387539
0.385
0.383125
0.382539
0.381914
0.381289
0.380039
0.381289
0.379414
0.380039
0.378789
0.378789
0.376914
0.375664
0.373164
0.375039
0.370664
0.370039
0.368789
0.367539
0.367539
0.366289
0.366289
0.361914
0.363789
0.359414
0.360664
0.358164
0.356914
0.356289
0.355039
0.354414
0.358789
0.364414
0.368789
0.369414
0.368789
0.369414
0.371289
0.370664
0.370039
0.369414
0.367539
0.366289
0.365664
0.363164
0.363789
0.366914
0.369414
0.370039
0.376289
0.380039
0.380664
0.380039
0.380039
0.380039
0.385039
0.388789
0.388125
0.39625
0.398125
0.3975
0.397539
0.395664
0.394414
0.392539
0.39375
0.393789
0.393125
0.391875
0.39
0.388164
0.384375
0.381914
0.380039
0.377539
0.375664
0.373789
0.370664
0.368164
0.366289
0.364414
0.362539
0.361914
0.361914
0.358789
0.357539
0.357539
0.356289
0.358789
0.354414
0.348789
0.353164
0.356914
0.358164
0.360664
0.365039
0.368789
0.369414
0.375664
0.376914
0.378789
0.379414
0.375039
0.372539
0.373164
0.371914
0.371289
0.369414
0.366289
0.365039
0.365039
0.368789
0.368789
0.373164
0.380039
0.385664
0.385664
0.385039
0.383164
0.382539
0.380039
0.378164
0.378164
0.375664
0.38
0.375625
0.375
0.371875
0.37125
0.369375
0.366914
0.366914
0.366289
0.364375
0.359414
0.356289
0.358125
0.356289
0.35875
0.355664
0.353789
0.351914
0.349414
0.348164
0.348164
0.344414
0.342539
0.341289
0.341289
0.346914
0.349414
0.350664
0.356914
0.360039
0.358789
0.361289
0.365039
0.366914
0.365664
0.370664
0.370039
0.365664
0.364414
0.365039
0.366289
0.371914
0.374414
0.376914
0.372539
0.374414
0.371914
0.371914
0.368789
0.366289
0.364414
0.363164
0.363164
0.363789
0.363789
0.361914
0.364414
0.360664
0.358789
0.353789
0.355039
0.353164
0.352539
0.350664
0.349414
0.35125
0.351289
0.354414
0.354375
0.35625
0.357539
0.357539
0.359414
0.358164
0.364414
0.368125
0.368125
0.366914
0.375
0.3775
0.380625
0.381875
0.386289
0.384414
0.382539
0.383789
0.381914
0.380664
0.380039
0.377539
0.376914
0.378164
0.375664
0.371289
0.369414
0.367539
0.365664
0.362539
0.361289
0.361289
0.358164
0.359414
0.355664
0.350039
0.351289
0.351289
0.350039
0.352539
0.355039
0.359414
0.363164
0.360664
0.355039
0.358164
0.354414
0.352539
0.353789
0.352539
0.351289
0.350664
0.348164
0.348164
0.346914
0.347539
0.345039
0.343789
0.342539
0.342539
0.342539
0.346914
0.353164
0.354414
0.360039
0.368164
0.365625
0.370664
0.366289
0.368125
0.371875
0.369414
0.368164
0.368164
0.366875
0.365
0.365039
0.359375
0.3625
0.359375
0.361289
0.357539
0.357539
0.356289
0.355664
0.355664
0.355664
0.355664
0.351914
0.358164
0.350039
0.349414
0.355039
0.348789
0.349414
0.348164
0.346914
0.346914
0.347539
0.345039
0.347539
0.346914
0.346914
0.346289
0.346289
0.346289
0.353164
0.355664
0.360039
0.361289
0.360664
0.360664
0.357539
0.357539
0.356289
0.356289
0.357539
0.358164
0.357539
0.358164
0.359414
0.360039
0.357539
0.358164
0.355039
0.360039
0.356289
0.355664
0.355664
0.353789
0.353789
0.350664
0.355039
0.352539
0.353125
0.351875
0.353164
0.354375
0.351914
0.35
0.35
0.348125
0.3475
0.355
0.361875
0.366875
0.375
0.38375
0.385039
0.387539
0.390664
0.396914
0.401289
0.402539
0.406914
0.409414
0.408789
0.406914
0.406914
0.405039
0.405664
0.405039
0.404414
0.402539
0.400664
0.398789
0.396914
0.391914
0.392539
0.390039
0.383789
0.383789
0.383164
0.386914
0.391289
0.393789
0.393164
0.393164
0.388789
0.388789
0.386914
0.383164
0.378789
0.378789
0.378789
0.382539
0.388164
0.388164
0.398164
0.401914
0.396289
0.400664
0.398789
0.395664
0.395039
0.393789
0.393164
0.395039
0.4
0.4025
0.403789
0.409375
0.411914
0.410664
0.41
0.408125
0.4075
0.40625
0.40375
0.401914
0.398789
0.396914
0.391914
0.396914
0.399414
0.403789
0.406914
0.413789
0.419414
0.419414
0.417539
0.416914
0.416289
0.408789
0.406289
0.408789
0.408789
0.405039
0.405664
0.403164
0.401914
0.401914
0.400664
0.401289
0.398164
0.393164
0.393789
0.395664
0.391289
0.394414
0.396289
0.399414
0.401289
0.400664
0.405039
0.405664
0.405664
0.408789
0.410664
0.407539
0.408164
0.406914
0.406914
0.404414
0.403789
0.403164
0.401914
0.401914
0.397539
0.397539
0.393789
0.392539
0.391914
0.390664
0.391289
0.391289
0.3925
0.393125
0.390625
0.39
0.390039
0.386875
0.385625
0.383789
0.382539
0.380625
0.37875
0.375625
0.37625
0.373164
0.371875
0.372539
0.372539
0.370039
0.370039
0.368164
0.367539
0.366289
0.365039
0.366914
0.363789
0.362539
0.363164
0.360039
0.358789
0.361289
0.368164
0.372539
0.375039
0.381289
0.386289
0.388164
0.388164
0.384414
0.383789
0.386289
0.393164
0.393789
0.396914
0.397539
0.396914
0.395039
0.395664
0.392539
0.391289
0.390039
0.388164
0.388789
0.387539
0.384414
0.383164
0.381914
0.381914
0.381289
0.378164
0.379414
0.376289
0.373789
0.369414
0.372539
0.371914
0.371289
0.370039
0.368789
0.369375
0.366289
0.361914
0.365
0.366875
0.363125
0.365664
0.365625
0.371875
0.371875
0.373125
0.37875
0.381914
0.381875
0.380664
0.380039
0.380039
0.379414
0.379414
0.380039
0.378164
0.376914
0.376289
0.375039
0.370664
0.373164
0.365664
0.369414
0.368164
0.366914
0.365039
0.367539
0.373789
0.376289
0.383164
0.385664
0.392539
0.386289
0.392539
0.395664
0.399414
0.401914
0.401914
0.400664
0.401914
0.401914
0.399414
0.403789
0.397539
0.396289
0.393164
0.393164
0.391289
0.390664
0.395039
0.396289
0.398789
0.401289
0.403164
0.403789
0.400039
0.399414
0.401289
0.399414
0.396914
0.396289
0.395
0.393125
0.39125
0.3925
0.388125
0.388125
0.383125
0.379375
0.378164
0.375625
0.37375
0.371875
0.370039
0.369375
0.368164
0.366289
0.364414
0.361289
0.361289
0.359414
0.358789
0.357539
0.356289
0.356289
0.356289
0.352539
0.350039
0.351914
0.351914
0.346289
0.350039
0.347539
0.346289
0.345039
0.343164
0.345664
0.340664
0.335039
0.336914
0.339414
0.346914
0.348164
0.351289
0.351289
0.350039
0.350664
0.348164
0.346914
0.346289
0.344414
0.344414
0.343789
0.341289
0.339414
0.339414
0.336914
0.336914
0.335039
0.335039
0.329414
0.329414
0.326914
0.325664
0.326914
0.325039
0.323789
0.321914
0.3225
0.320664
0.320625
0.318125
0.32125
0.318789
0.314375
0.31625
0.312539
0.311875
0.310664
0.309375
0.30875
0.31
0.306914
0.298789
0.304414
0.303164
0.309414
0.302539
0.301289
0.300039
0.298164
0.296914
0.296914
0.296914
0.296289
0.295664
0.296289
0.296289
0.293789
0.293164
0.292539
0.291289
0.290039
0.289414
0.288164
0.285664
0.283789
0.288789
0.293164
0.298789
0.301289
0.300039
0.300039
0.298789
0.296914
0.296914
0.290664
0.289414
0.291289
0.288164
0.288789
0.287539
0.286914
0.286914
0.283789
0.285039
0.284414
0.280039
0.286289
0.278164
0.276289
0.273789
0.273789
0.273789
0.278164
0.283125
0.285
0.29375
0.298164
0.3
0.299375
0.298164
0.296914
0.29625
0.293789
0.290625
0.288164
0.2875
0.285664
0.285664
0.286289
0.283164
0.285039
0.279414
0.280039
0.278164
0.275664
0.275039
0.273789
0.273789
0.272539
0.271289
0.269414
0.268164
0.268164
0.265664
0.262539
0.261289
0.259414
0.258164
0.256289
0.255664
0.256289
0.269414
0.270664
0.284414
0.298164
0.304414
0.303164
0.303164
0.303164
0.303164
0.305664
0.300039
0.293164
0.294414
0.292539
0.294414
0.289414
0.287539
0.284414
0.283164
0.280664
0.278164
0.277539
0.276914
0.272539
0.269414
0.269414
0.2675
0.265664
0.264375
0.261875
0.260625
0.258789
0.25875
0.251914
0.253125
0.250664
0.248164
0.250625
0.256289
0.257539
0.26125
0.26875
0.273789
0.275
0.271289
0.276289
0.272539
0.275664
0.270664
0.271914
0.269414
0.267539
0.266289
0.266289
0.263164
0.260039
0.264414
0.256914
0.253789
0.258789
0.252539
0.251914
0.250039
0.248164
0.246914
0.246289
0.243164
0.246914
0.248164
0.250664
0.251289
0.253789
0.255664
0.259414
0.261914
0.262539
0.262539
0.268164
0.270664
0.274414
0.271289
0.271289
0.268789
0.271914
0.275039
0.282539
0.284414
0.288789
0.296289
0.295664
0.293164
0.293789
0.291914
0.293789
0.291914
0.290664
0.288789
0.286875
0.285039
0.28625
0.28375
0.286875
0.27875
0.277539
0.270664
0.2725
0.270625
0.268125
0.266875
0.265
0.266289
0.261875
0.261875
0.260664
0.258164
0.256289
0.256914
0.255664
0.252539
0.252539
0.251289
0.250039
0.250039
0.250039
0.246914
0.247539
0.244414
0.243789
0.244414
0.244414
0.243164
0.242539
0.240664
0.240664
0.247539
0.246914
0.252539
0.252539
0.255039
0.256289
0.257539
0.258164
0.255664
0.255039
0.255664
0.253164
0.251289
0.251289
0.251289
0.253164
0.252539
0.251289
0.251289
0.251289
0.255664
0.264414
0.263789
0.270664
0.275664
0.281289
0.278789
0.277539
0.278789
0.279414
0.279375
0.279375
0.280664
0.279375
0.279375
0.276289
0.275
0.274375
0.27125
0.27
0.269375
0.268125
0.268125
0.268164
0.268789
0.262539
0.265664
0.262539
0.262539
0.265039
0.265039
0.264414
0.263789
0.263789
0.262539
0.263164
0.258789
0.256914
0.260039
0.260664
0.257539
0.258789
0.258164
0.258164
0.258164
0.257539
0.258164
0.261914
0.272539
0.271914
0.271289
0.275039
0.272539
0.273789
0.274414
0.273789
0.273164
0.273164
0.271914
0.271289
0.268789
0.266289
0.268164
0.268789
0.266914
0.266914
0.266289
0.265664
0.265039
0.265664
0.264414
0.263789
0.262539
0.264414
0.261289
0.261289
0.261914
0.262539
0.262539
0.26375
0.265625
0.261875
0.26
0.26125
0.258789
0.26
0.259375
0.25875
0.259414
0.261875
0.259375
0.261289
0.259414
0.262539
0.259414
0.260664
0.255039
0.258789
0.257539
0.256914
0.257539
0.256914
0.258164
0.255664
0.254414
0.254414
0.253164
0.252539
0.252539
0.253164
0.251914
0.251289
0.249414
0.251289
0.256914
0.263164
0.265039
0.265664
0.265664
0.265664
0.265664
0.265039
0.265039
0.263789
0.261914
0.261289
0.261289
0.260664
0.256914
0.258789
0.256289
0.255664
0.253789
0.253164
0.253789
0.252539
0.252539
0.250039
0.245664
0.248164
0.246289
0.252539
0.245664
0.245039
0.242539
0.243164
0.2425
0.24625
0.24125
0.239375
0.24
0.24
0.241875
0.235625
0.235
0.23625
0.23625
0.235
0.234414
0.233789
0.234414
0.233164
0.231914
0.231914
0.229414
0.227539
0.227539
0.226289
0.225664
0.225039
0.225039
0.218164
0.224414
0.218164
0.223164
0.220664
0.218789
0.218789
0.217539
0.216914
0.221289
0.225664
0.227539
0.227539
0.230664
0.229414
0.230664
0.234414
0.233164
0.231289
0.228164
0.229414
0.228164
0.224414
0.227539
0.223789
0.218789
0.221914
0.218789
0.216914
0.216914
0.215039
0.215664
0.215664
0.213789
0.211289
0.210664
0.209414
0.20875
0.20875
0.208125
0.206914
0.20625
0.205039
0.205
0.20375
0.20375
0.200625
0.199375
0.198125
0.195
0.195039
0.194414
0.193789
0.193125
0.192539
0.193789
0.191289
0.190039
0.188164
0.185039
0.188164
0.185664
0.184414
0.185039
0.183164
0.180039
0.182539
0.178789
0.176289
0.178164
0.177539
0.172539
0.174414
0.175664
0.174414
0.173164
0.177539
0.183789
0.186289
0.183789
0.185664
0.190039
0.192539
0.187539
0.187539
0.185664
0.183164
0.181289
0.179414
0.180664
0.180039
0.176289
0.176289
0.174414
0.175664
0.173164
0.172539
0.170664
0.170039
0.168164
0.168164
0.166289
0.166875
0.167539
0.166914
0.161875
0.16125
0.160625
0.159375
0.160625
0.16
0.16125
0.155625
0.153164
0.15375
0.150625
0.149414
0.150039
0.151289
0.150625
0.149375
0.148164
0.150039
0.146914
0.138164
0.143164
0.145664
0.146914
0.141914
0.140664
0.141289
0.140664
0.138789
0.139414
0.139414
0.138789
0.136289
0.134414
0.136914
0.135664
0.135039
0.136289
0.139414
0.142539
0.147539
0.150664
0.144414
0.151289
0.150664
0.150039
0.150664
0.149414
0.148164
0.146914
0.145664
0.143164
0.144414
0.137539
0.140664
0.135664
0.142539
0.138164
0.138164
