0.11875
0.117539
0.118164
0.119414
0.116289
0.116289
0.116289
0.116289
0.115664
0.115664
0.115664
0.115664
0.116914
0.115664
0.114414
0.116289
0.113789
0.113789
0.115039
0.114414
0.113789
0.113164
0.113164
0.106914
0.110664
0.108164
0.110039
0.115664
0.113789
0.114414
0.114414
0.114414
0.113164
0.113164
0.109414
0.107539
0.110039
0.110664
0.110039
0.109414
0.110039
0.108789
0.109414
0.110039
0.110039
0.114414
0.122539
0.123164
0.124414
0.123789
0.124414
0.125039
0.125039
0.123789
0.123164
0.125664
0.125
0.124375
0.121875
0.119375
0.120664
0.119375
0.11875
0.116875
0.116875
0.11625
0.118164
0.11875
0.118789
0.11875
0.116914
0.118789
0.117539
0.115664
0.115039
0.115039
0.115039
0.115039
0.115039
0.111914
0.110039
0.111914
0.110039
0.113164
0.111914
0.111914
0.112539
0.111914
0.110039
0.110039
0.108789
0.110664
0.108789
0.109414
0.109414
0.110664
0.109414
0.110039
0.108789
0.107539
0.109414
0.106289
0.105664
0.105039
0.104414
0.105664
0.105039
0.106289
0.107539
0.106914
0.106289
0.106289
0.112539
0.117539
0.120039
0.120664
0.120664
0.121289
0.121289
0.121914
0.121875
0.120039
0.121289
0.121914
0.121875
0.118789
0.1175
0.119375
0.114414
0.114375
0.113125
0.11375
0.113125
0.113125
0.115
0.112539
0.108164
0.112539
0.110664
0.108164
0.111289
0.111289
0.109414
0.108789
0.108164
0.110039
0.107539
0.105664
0.106289
0.108164
0.106914
0.105664
0.105039
0.104414
0.105039
0.105039
0.105039
0.103789
0.105664
0.105039
0.103789
0.105664
0.105039
0.105039
0.106289
0.104414
0.103164
0.103164
0.103789
0.097539
0.104414
0.097539
0.103164
0.101914
0.103789
0.103789
0.103164
0.102539
0.105039
0.110664
0.112539
0.113164
0.116289
0.115664
0.115
0.115664
0.115625
0.115039
0.115625
0.117539
0.118125
0.114375
0.119375
0.11625
0.110625
0.105625
0.110625
0.109375
0.109375
0.10875
0.108125
0.108789
0.108164
0.106914
0.106914
0.106289
0.106289
0.106289
0.105664
0.106289
0.105664
0.104414
0.105039
0.105039
0.106289
0.104414
0.105664
0.105039
0.103164
0.104414
0.103164
0.104414
0.102539
0.101289
0.103164
0.101289
0.100664
0.100039
0.098789
0.100664
0.102539
0.103164
0.102539
0.101289
0.099414
0.101289
0.098164
0.095664
0.098789
0.098789
0.098789
0.098789
0.100664
0.099414
0.098789
0.105664
0.110664
0.113789
0.110664
0.113164
0.115664
0.111289
0.113789
0.115039
0.114414
0.114375
0.114375
0.114375
0.11375
0.113125
0.111875
0.114414
0.1125
0.114375
0.113125
0.112539
0.113125
0.113164
0.111875
0.112539
0.111914
0.112539
0.113164
0.111914
0.110039
0.108164
0.106914
0.106914
0.108789
0.107539
0.108164
0.106289
0.104414
0.106289
0.103164
0.104414
0.104414
0.105039
0.104414
0.103164
0.101914
0.106289
0.104414
0.098164
0.105664
0.108164
0.110664
0.107539
0.108164
0.108164
0.106914
0.106289
0.105664
0.105664
0.106289
0.103789
0.101289
0.103789
0.103789
0.102539
0.103164
0.103789
0.109414
0.112539
0.118789
0.111914
0.118789
0.118789
0.118789
0.12
0.118125
0.119375
0.11875
0.118789
0.118125
0.11875
0.11375
0.115
0.111875
0.11375
0.115039
0.11125
0.111914
0.111875
0.112539
0.114375
0.115664
0.111289
0.114414
0.111914
0.110664
0.115664
0.110039
0.110664
0.109414
0.108789
0.108789
0.108789
0.108164
0.106289
0.106289
0.105039
0.105664
0.106914
0.105664
0.105664
0.104414
0.103789
0.103789
0.105664
0.107539
0.104414
0.107539
0.106914
0.106289
0.106289
0.104414
0.103789
0.104414
0.104414
0.105039
0.104414
0.103164
0.100664
0.099414
0.102539
0.102539
0.103164
0.106914
0.111914
0.115039
0.120664
0.120664
0.117539
0.116289
0.120039
0.115664
0.120625
0.12
0.119375
0.120625
0.120625
0.121875
0.120625
0.1225
0.120039
0.119414
0.11875
0.11875
0.118789
0.11875
0.119375
0.12
0.118164
0.118789
0.118789
0.115664
0.117539
0.115664
0.115664
0.116289
0.118164
0.116914
0.116289
0.116914
0.117539
0.114414
0.116914
0.117539
0.119414
0.118164
0.118164
0.117539
0.117539
0.118789
0.120039
0.123789
0.123789
0.130039
0.125039
0.128164
0.130664
0.136289
0.145664
0.152539
0.153164
0.160039
0.178164
0.190039
0.202539
0.196914
0.197539
0.198164
0.206289
0.208789
0.214414
0.215664
0.215664
0.215664
0.213164
0.213164
0.210664
0.210664
0.218125
0.22125
0.221914
0.2275
0.23375
0.23125
0.232539
0.24
0.235
0.2425
0.248164
0.246875
0.245625
0.252539
0.25375
0.256289
0.260039
0.260664
0.260039
0.255039
0.255664
0.255039
0.255664
0.252539
0.250664
0.248789
0.246289
0.245039
0.243789
0.241914
0.238164
0.243789
0.235664
0.233789
0.231289
0.233789
0.233164
0.231914
0.233164
0.234414
0.234414
0.233164
0.231914
0.233164
0.231289
0.228164
0.231914
0.230664
0.230039
0.228789
0.231289
0.236289
0.237539
0.243789
0.246289
0.247539
0.247539
0.247539
0.248789
0.255664
0.257539
0.258789
0.258789
0.259414
0.259414
0.258789
0.25625
0.258125
0.256875
0.254375
0.254414
0.255664
0.255039
0.2525
0.253789
0.25
0.245
0.2475
0.24625
0.248125
0.247539
0.2475
0.2475
0.248164
0.253164
0.257539
0.261289
0.271289
0.274414
0.274414
0.273789
0.277539
0.282539
0.279414
0.280039
0.280039
0.278789
0.279414
0.279414
0.277539
0.279414
0.279414
0.282539
0.281289
0.280664
0.280664
0.281289
0.285664
0.288789
0.291289
0.301914
0.308789
0.318789
0.333164
0.337539
0.353789
0.368789
0.373164
0.375664
0.383789
0.385039
0.385664
0.395664
0.396289
0.396289
0.398164
0.399414
0.402539
0.401289
0.401914
0.403789
0.400664
0.401289
0.405039
0.409414
0.413164
0.413789
0.419375
0.423164
0.421875
0.420625
0.420039
0.419414
0.42
0.424375
0.422539
0.428125
0.431875
0.433125
0.431289
0.431914
0.431289
0.436289
0.451289
0.464414
0.471289
0.488164
0.510039
0.514414
0.511289
0.508789
0.508164
0.509414
0.509414
0.511914
0.505039
0.502539
0.500664
0.497539
0.498164
0.501289
0.505039
0.504414
0.507539
0.510664
0.511914
0.508789
0.513164
0.506289
0.506289
0.515664
0.518164
0.518164
0.523164
0.526914
0.528789
0.527539
0.525039
0.532539
0.541289
0.542539
0.550664
0.549414
0.558164
0.561289
0.561289
0.568164
0.573164
0.573164
0.576289
0.571289
0.571914
0.5725
0.572539
0.570664
0.569414
0.568789
0.565664
0.564375
0.563789
0.563164
0.563125
0.561875
0.560664
0.557539
0.555664
0.555039
0.555039
0.553164
0.551289
0.552539
0.549414
0.544414
0.545664
0.546914
0.546289
0.554414
0.555039
0.554414
0.553789
0.559414
0.568164
0.571289
0.571914
0.570664
0.575039
0.582539
0.583789
0.586289
0.591914
0.595039
0.594414
0.594414
0.596289
0.601289
0.601289
0.601914
0.602539
0.601914
0.601914
0.605664
0.604414
0.605664
0.603789
0.601914
0.598789
0.608789
0.618164
0.627539
0.631289
0.651914
0.668789
0.676914
0.676914
0.678164
0.685039
0.687539
0.687539
0.687539
0.685664
0.685039
0.681914
0.681289
0.680664
0.681289
0.689414
0.697539
0.693164
0.691875
0.70625
0.711289
0.716914
0.711914
0.709414
0.710664
0.710664
0.708164
0.708164
0.708789
0.712539
0.712539
0.713164
0.715039
0.716914
0.715664
0.718164
0.721289
0.727539
0.736914
0.741914
0.740039
0.740039
0.736914
0.742539
0.740664
0.740664
0.743164
0.745664
0.744414
0.748164
0.751914
0.750664
0.750039
0.751914
0.747539
0.744414
0.742539
0.741914
0.740664
0.738164
0.736914
0.741289
0.738164
0.738789
0.744414
0.746289
0.749414
0.750039
0.748789
0.746289
0.746289
0.746289
0.746289
0.741914
0.741914
0.738164
0.735664
0.731914
0.730664
0.731914
0.731289
0.729414
0.7275
0.726289
0.726289
0.728789
0.724375
0.72625
0.728164
0.732539
0.731914
0.731914
0.735664
0.736289
0.740039
0.742539
0.741914
0.740664
0.738164
0.738164
0.736289
0.732539
0.731914
0.731914
0.733164
0.734414
0.742539
0.746914
0.743789
0.748164
0.745039
0.753164
0.753164
0.758164
0.759414
0.758789
0.760664
0.770039
0.768789
0.762539
0.767539
0.766914
0.773164
0.771914
0.770664
0.768164
0.767539
0.766914
0.766914
0.765039
0.765664
0.763164
0.769414
0.769414
0.770664
0.768164
0.767539
0.773789
0.775664
0.780039
0.786289
0.783164
0.785664
0.784414
0.782539
0.786914
0.790664
0.788789
0.790039
0.791289
0.788789
0.790664
0.792539
0.797539
0.791875
0.793164
0.791914
0.791914
0.788164
0.785664
0.785039
0.786914
0.788789
0.784414
0.780039
0.785039
0.782539
0.778164
0.776914
0.775664
0.773164
0.770664
0.771914
0.775664
0.778164
0.776914
0.780664
0.783789
0.780664
0.779414
0.775039
0.776914
0.783164
0.783789
0.786289
0.790664
0.790664
0.789414
0.785039
0.783164
0.778789
0.776289
0.773164
0.771289
0.768164
0.765664
0.763164
0.757539
0.756914
0.760664
0.760039
0.760039
0.758789
0.753789
0.750664
0.748789
0.744414
0.742539
0.743164
0.746914
0.742539
0.745625
0.758789
0.754414
0.75125
0.746914
0.74375
0.745
0.753164
0.75125
0.75375
0.760039
0.761289
0.761289
0.760039
0.760664
0.759414
0.759414
0.756914
0.754414
0.750664
0.750664
0.745664
0.744414
0.738789
0.737539
0.736289
0.736289
0.737539
0.735039
0.735664
0.738789
0.738164
0.736914
0.733164
0.730664
0.725664
0.723789
0.721289
0.719414
0.715039
0.713789
0.712539
0.708789
0.711914
0.705664
0.702539
0.700664
0.699414
0.695039
0.693789
0.696914
0.700039
0.703789
0.701914
0.701289
0.708164
0.724414
0.743164
0.737539
0.735039
0.736914
0.738789
0.742539
0.750039
0.752539
0.75125
0.748164
0.750664
0.755664
0.755625
0.750664
0.74625
0.74375
0.741289
0.738164
0.735664
0.72625
0.726289
0.721914
0.718164
0.716914
0.720664
0.723164
0.725039
0.733789
0.736914
0.735664
0.731914
0.741289
0.743164
0.743164
0.746289
0.751289
0.750039
0.748164
0.743789
0.743789
0.742539
0.739414
0.736289
0.731914
0.728164
0.721289
0.720664
0.716914
0.713164
0.708164
0.706289
0.704414
0.699414
0.696289
0.692539
0.686914
0.683789
0.683789
0.682539
0.678164
0.676289
0.673789
0.671289
0.669414
0.673789
0.672539
0.675664
0.673789
0.671289
0.668789
0.667539
0.666289
0.666289
0.666914
0.665664
0.662539
0.662539
0.661289
0.659414
0.655664
0.655664
0.651875
0.65
0.648125
0.64375
0.645039
0.640625
0.643789
0.637539
0.636914
0.630039
0.635039
0.635664
0.635664
0.634414
0.633789
0.633789
0.628789
0.628789
0.628789
0.625039
0.624414
0.625039
0.626289
0.625664
0.630664
0.629414
0.626914
0.626289
0.625664
0.627539
0.633789
0.631914
0.630664
0.636914
0.640039
0.639414
0.640664
0.641914
0.640664
0.638789
0.634414
0.633789
0.631914
0.627539
0.625664
0.623789
0.620039
0.618789
0.618164
0.618789
0.620664
0.625039
0.625039
0.620039
0.616914
0.616289
0.614414
0.613164
0.611914
0.609414
0.610664
0.607539
0.600625
0.60375
0.601914
0.602539
0.602539
0.60125
0.599414
0.596875
0.5925
0.59
0.585664
0.585039
0.582539
0.581289
0.580664
0.578164
0.575039
0.573789
0.571289
0.568789
0.565664
0.564414
0.556914
0.558164
0.553789
0.553164
0.552539
0.553164
0.553164
0.553164
0.553789
0.556289
0.558789
0.558789
0.563164
0.564414
0.570664
0.569414
0.573164
0.577539
0.578164
0.575664
0.575664
0.575039
0.571914
0.576289
0.566914
0.563789
0.564414
0.561914
0.559414
0.556289
0.554414
0.551289
0.555039
0.555039
0.559414
0.558164
0.557539
0.551914
0.551289
0.550039
0.549414
0.552539
0.553164
0.553164
0.556289
0.555625
0.555039
0.555
0.557539
0.561289
0.560039
0.556914
0.55375
0.550664
0.549414
0.547539
0.543789
0.5425
0.540039
0.536289
0.536914
0.533789
0.531914
0.531914
0.528164
0.526289
0.526914
0.521914
0.521914
0.517539
0.518164
0.521914
0.514414
0.512539
0.511289
0.509414
0.508164
0.506289
0.502539
0.505039
0.505664
0.505664
0.504414
0.508164
0.510039
0.508164
0.506914
0.505039
0.503789
0.503789
0.503789
0.501289
0.500039
0.498164
0.495664
0.493164
0.488789
0.486914
0.483789
0.486289
0.489414
0.491914
0.488164
0.485664
0.485664
0.485664
0.483789
0.480039
0.477539
0.475664
0.473789
0.472539
0.468125
0.468164
0.461914
0.45875
0.460625
0.458164
0.45625
0.454414
0.454375
0.450625
0.451875
0.447539
0.44375
0.4475
0.446914
0.443789
0.441289
0.439414
0.438789
0.438164
0.437539
0.435664
0.433789
0.431914
0.430039
0.427539
0.425664
0.423164
0.421289
0.418789
0.416914
0.415039
0.413164
0.413164
0.405664
0.407539
0.400664
0.401914
0.402539
0.401289
0.401289
0.400039
0.398789
0.398164
0.399414
0.393789
0.395039
0.396289
0.398789
0.402539
0.403789
0.401914
0.408789
0.422539
0.434414
0.445039
0.452539
0.459414
0.457539
0.465039
0.457539
0.460664
0.461289
0.463164
0.470039
0.477539
0.478164
0.481289
0.484414
0.484375
0.481914
0.478125
0.475625
0.473789
0.47
0.46625
0.461875
0.4575
0.454375
0.455
0.448789
0.448164
0.443789
0.438789
0.436914
0.434414
0.431914
0.433789
0.436914
0.436289
0.441289
0.444414
0.443164
0.440039
0.438789
0.438164
0.436914
0.436914
0.433164
0.428164
0.427539
0.423164
0.416914
0.418164
0.416289
0.410664
0.412539
0.411289
0.409414
0.408164
0.405664
0.406289
0.400664
0.391914
0.396289
0.395039
0.396914
0.390664
0.388789
0.387539
0.387539
0.390039
0.395039
0.396914
0.396289
0.393164
0.393789
0.394414
0.398164
0.401289
0.400039
0.403789
0.406289
0.406289
0.405664
0.402539
0.402539
0.401875
0.401875
0.401875
0.40125
0.398789
0.3975
0.39625
0.393125
0.392539
0.39125
0.391914
0.390039
0.386914
0.390664
0.388164
0.386289
0.385039
0.385664
0.384414
0.385664
0.382539
0.375039
0.378789
0.378789
0.375039
0.374414
0.373164
0.372539
0.370664
0.370039
0.369414
0.368164
0.367539
0.364414
0.363789
0.363789
0.361914
0.361289
0.361289
0.360039
0.359414
0.358789
0.357539
0.353164
0.355039
0.355039
0.352539
0.352539
0.350664
0.352539
0.363789
0.367539
0.375664
0.386289
0.385039
0.387539
0.388164
0.386914
0.389414
0.388164
0.389414
0.387539
0.389414
0.388789
0.388125
0.385039
0.393125
0.38625
0.385039
0.3875
0.3825
0.38125
0.379375
0.376875
0.375625
0.375625
0.374414
0.371914
0.371289
0.368789
0.368164
0.369414
0.367539
0.366914
0.369414
0.367539
0.368164
0.368789
0.370039
0.365664
0.367539
0.365664
0.363789
0.363164
0.361914
0.361914
0.360039
0.360039
0.358789
0.356914
0.355664
0.353164
0.353789
0.353164
0.353164
0.353164
0.354414
0.355039
0.353789
0.353164
0.349414
0.354414
0.350039
0.346914
0.348789
0.348789
0.348164
0.356289
0.359414
0.360039
0.363789
0.369414
0.368789
0.375039
0.375664
0.372539
0.376289
0.376914
0.376289
0.376289
0.373164
0.373125
0.373125
0.37375
0.37125
0.3675
0.368125
0.365625
0.362539
0.365625
0.375664
0.381289
0.3875
0.401289
0.408164
0.413164
0.412539
0.411289
0.411289
0.410664
0.409414
0.407539
0.406914
0.407539
0.407539
0.403789
0.407539
0.403164
0.400039
0.399414
0.408164
0.407539
0.409414
0.413789
0.418164
0.418164
0.412539
0.407539
0.408789
0.408789
0.413164
0.405664
0.403789
0.401914
0.401289
0.397539
0.396289
0.390664
0.388789
0.386914
0.386914
0.381289
0.385039
0.386289
0.387539
0.390664
0.391289
0.390039
0.387539
0.383164
0.386914
0.385664
0.381914
0.379414
0.376914
0.375039
0.373164
0.371914
0.369375
0.370625
0.36375
0.361875
0.365664
0.358789
0.357539
0.355664
0.355039
0.3525
0.350039
0.35
0.349375
0.346914
0.354414
0.345664
0.343164
0.346914
0.345039
0.343789
0.343164
0.341914
0.341914
0.341914
0.338789
0.338164
0.338164
0.335039
0.336914
0.341289
0.346289
0.346289
0.350664
0.355664
0.357539
0.356289
0.356914
0.351914
0.356914
0.353164
0.353789
0.358789
0.365664
0.367539
0.375664
0.378789
0.379414
0.381914
0.378164
0.382539
0.383164
0.383164
0.388164
0.388789
0.390039
0.388789
0.388789
0.391914
0.392539
0.392539
0.388789
0.390664
0.389414
0.389414
0.386289
0.385039
0.383164
0.380039
0.38125
0.37875
0.376875
0.376289
0.373164
0.3675
0.366875
0.365664
0.363125
0.360664
0.359414
0.359375
0.358789
0.363164
0.364375
0.363789
0.370664
0.376289
0.375664
0.375039
0.372539
0.371914
0.371289
0.371914
0.365664
0.368789
0.370039
0.368164
0.370664
0.370664
0.368789
0.367539
0.367539
0.365664
0.364414
0.359414
0.360039
0.358789
0.357539
0.356289
0.356914
0.356289
0.355039
0.355039
0.354414
0.353164
0.349414
0.353789
0.346914
0.348164
0.347539
0.352539
0.354414
0.356914
0.357539
0.356914
0.360664
0.363164
0.362539
0.361914
0.362539
0.363164
0.363164
0.361289
0.360664
0.359414
0.358125
0.358125
0.358164
0.355664
0.355625
0.355
0.353125
0.349414
0.3475
0.344375
0.34375
0.343164
0.343125
0.345039
0.338789
0.338164
0.339414
0.337539
0.337539
0.337539
0.336289
0.336289
0.335039
0.333789
0.335039
0.331289
0.338164
0.330039
0.330664
0.335664
0.328789
0.328789
0.328164
0.327539
0.326914
0.326289
0.323164
0.325039
0.323164
0.320664
0.318789
0.324414
0.323789
0.323789
0.321289
0.320039
0.318789
0.318164
0.317539
0.315664
0.313164
0.317539
0.320039
0.326289
0.328164
0.327539
0.328164
0.330039
0.331289
0.331914
0.330039
0.325664
0.328164
0.328789
0.327539
0.328789
0.334414
0.335039
0.338125
0.34375
0.345039
0.341875
0.344414
0.343789
0.345664
0.345
0.343789
0.3425
0.342539
0.340625
0.343164
0.339414
0.337539
0.336289
0.336914
0.334414
0.339414
0.341914
0.346914
0.346289
0.352539
0.361914
0.366914
0.368164
0.366289
0.366289
0.368164
0.365039
0.363789
0.363164
0.361914
0.359414
0.355664
0.355039
0.348164
0.351289
0.349414
0.346914
0.346914
0.348164
0.346914
0.346914
0.346914
0.345039
0.344414
0.339414
0.340664
0.338789
0.345664
0.346914
0.353164
0.354414
0.353164
0.355039
0.361914
0.365664
0.363789
0.375039
0.374414
0.372539
0.375039
0.367539
0.365664
0.365039
0.363164
0.362539
0.362539
0.360039
0.356289
0.352539
0.35
0.348125
0.345625
0.341875
0.339375
0.338125
0.336875
0.335
0.334414
0.340664
0.345664
0.344414
0.353164
0.355664
0.355039
0.350664
0.349414
0.348789
0.347539
0.347539
0.343164
0.338789
0.340039
0.335664
0.337539
0.337539
0.336289
0.334414
0.332539
0.329414
0.329414
0.326289
0.323164
0.326914
0.332539
0.336289
0.337539
0.341914
0.345664
0.344414
0.341914
0.341914
0.338789
0.331289
0.336289
0.343164
0.349414
0.346289
0.345039
0.343789
0.342539
0.340039
0.338164
0.337539
0.336289
0.331289
0.331914
0.329414
0.327539
0.325664
0.325664
0.324414
0.325039
0.323125
0.322539
0.320039
0.319414
0.31875
0.31625
0.311875
0.31
0.308125
0.30875
0.30875
0.308125
0.308789
0.306289
0.301914
0.305664
0.305664
0.305664
0.308164
0.307539
0.308164
0.308789
0.308164
0.308789
0.306914
0.301914
0.305039
0.305664
0.303164
0.303164
0.301914
0.301289
0.301289
0.300039
0.301914
0.301914
0.303164
0.303164
0.303164
0.303789
0.302539
0.303164
0.303164
0.301289
0.300039
0.299414
0.298164
0.293164
0.300664
0.301289
0.306914
0.308164
0.310039
0.309414
0.310039
0.310664
0.309414
0.309414
0.304414
0.305039
0.307539
0.304414
0.305039
0.304414
0.305039
0.303789
0.306914
0.309375
0.30875
0.304375
0.3025
0.301875
0.299375
0.302539
0.2975
0.2975
0.296914
0.298164
0.297539
0.297539
0.296289
0.294414
0.293789
0.292539
0.291914
0.291289
0.290664
0.289414
0.290664
0.291914
0.292539
0.294414
0.296914
0.296914
0.295039
0.295664
0.294414
0.293789
0.293164
0.291914
0.291289
0.291289
0.291914
0.289414
0.291289
0.286914
0.287539
0.289414
0.288789
0.286914
0.285664
0.283789
0.282539
0.284414
0.281914
0.286914
0.286289
0.291914
0.295664
0.296289
0.295664
0.296289
0.296289
0.295039
0.296289
0.293164
0.293164
0.290664
0.291914
0.287539
0.286289
0.285039
0.285
0.285625
0.284375
0.284414
0.283125
0.28125
0.278125
0.27875
0.275039
0.275039
0.273125
0.273164
0.273125
0.271914
0.270664
0.271914
0.270039
0.270664
0.270664
0.268164
0.266289
0.264414
0.263164
0.261914
0.261289
0.260664
0.260664
0.258164
0.257539
0.257539
0.255039
0.250039
0.254414
0.254414
0.251914
0.250664
0.250039
0.251914
0.248789
0.244414
0.248789
0.250039
0.243164
0.248789
0.249414
0.248164
0.248789
0.249414
0.249414
0.247539
0.255664
0.253789
0.258164
0.260664
0.260664
0.260664
0.260039
0.259414
0.257539
0.257539
0.256289
0.248164
0.254414
0.251914
0.252539
0.253789
0.2525
0.255
0.25875
0.259375
0.2625
0.268125
0.265
0.2675
0.265625
0.264375
0.260664
0.261289
0.260664
0.259414
0.259414
0.260664
0.258789
0.255039
0.255664
0.253789
0.250664
0.256289
0.248789
0.247539
0.245664
0.244414
0.241914
0.241914
0.239414
0.236914
0.236289
0.235039
0.232539
0.232539
0.230039
0.228164
0.226289
0.224414
0.223164
0.223164
0.224414
0.218789
0.223789
0.221914
0.218789
0.218164
0.216914
0.215039
0.213789
0.213164
0.215664
0.216289
0.222539
0.223789
0.223164
0.223164
0.221289
0.220664
0.220664
0.220039
0.218164
0.218789
0.215664
0.210664
0.208164
0.207539
0.21125
0.21
0.2125
0.21125
0.21125
0.21125
0.211875
0.20875
0.207539
0.205039
0.2025
0.199375
0.201289
0.20375
0.201289
0.200664
0.200664
0.198789
0.198789
0.198789
0.195664
0.196289
0.193789
0.193789
0.193789
0.193789
0.192539
0.192539
0.193789
0.200664
0.203789
0.206289
0.214414
0.219414
0.220664
0.217539
0.216289
0.214414
0.215039
0.215039
0.215039
0.213164
0.215039
0.211914
0.210039
0.211914
0.208789
0.207539
0.204414
0.204414
0.203789
0.209414
0.208164
0.215664
0.218164
0.214414
0.211289
0.212539
0.211914
0.211289
0.210039
0.208164
0.207539
0.205664
0.206289
0.203125
0.2025
0.202539
0.201289
0.199375
0.19875
0.198164
0.196914
0.195039
0.194375
0.187539
0.189414
0.184375
0.185039
0.186875
0.18625
0.185625
0.185039
0.184414
0.183789
0.185039
0.178789
0.181289
0.180664
0.181289
0.178789
0.180039
0.180039
0.177539
0.178789
0.178164
0.178164
0.175664
0.183164
0.174414
0.174414
0.173789
0.173164
0.173164
0.171289
0.171289
0.170664
0.172539
0.171914
0.173164
0.171289
0.169414
0.174414
0.170039
0.170664
0.170039
0.168789
0.168789
0.175664
0.178164
0.183789
0.181289
0.183789
0.183164
0.185039
0.185664
0.184414
0.184414
0.183789
0.183789
0.183789
0.183164
0.183125
0.18
0.178125
0.178125
0.18
0.18
0.180039
0.17875
0.176914
0.180039
0.179375
0.1775
0.178789
0.181914
0.18125
0.182539
0.181914
0.181289
0.181914
0.181289
0.183789
0.180039
0.181289
0.179414
0.178164
0.176289
0.176914
0.177539
0.175664
0.176289
0.176289
0.175039
0.175039
0.175039
0.173164
0.172539
0.173164
0.173164
0.171289
0.171914
0.170664
0.171289
0.171289
0.171914
0.167539
0.171289
0.168164
0.172539
0.170664
0.171914
0.171289
0.170039
0.171914
0.176914
0.181289
0.183164
0.184414
0.185039
0.183164
0.183164
0.184414
0.183789
0.182539
0.182539
0.182539
0.183164
0.180039
0.173164
0.178125
0.180039
0.175039
0.1775
0.178125
0.1775
0.175664
0.175
0.175
0.1725
0.171914
0.170664
0.169375
0.169375
0.169375
0.168789
0.168789
0.167539
0.168164
0.168789
0.168789
0.165664
0.167539
0.163164
0.165039
0.165039
0.166289
0.164414
0.163789
0.163789
0.163789
0.164414
0.160664
0.158789
0.161289
0.158789
0.161914
0.158789
0.158789
0.157539
0.158789
0.158164
0.160039
0.156914
0.155664
0.157539
0.158789
0.155039
0.156289
0.156914
0.156914
0.160039
0.163789
0.171289
0.171289
0.173789
0.173164
0.173789
0.169414
0.171914
0.171914
0.172539
0.171914
0.170664
0.168789
0.170039
0.170625
0.1675
0.165664
0.168125
0.16625
0.1675
0.166289
0.165664
0.165625
0.163125
0.161875
0.160625
0.159375
0.1575
0.1575
0.15875
0.1575
0.1575
0.156914
0.155664
0.155039
0.157539
0.154414
0.149414
0.153164
0.152539
0.146914
0.151914
0.152539
0.151914
0.150664
0.148789
0.153789
0.150039
0.149414
0.149414
0.149414
0.148164
0.147539
0.146914
0.145664
0.145664
0.145664
0.146289
0.146289
0.146914
0.145039
0.144414
0.142539
0.143164
0.141289
0.142539
0.148789
0.151289
0.155664
0.158164
0.154414
0.156289
0.155039
0.155664
0.158164
0.158164
0.155664
0.154414
0.153789
0.153789
0.153789
0.151289
0.154414
0.153164
0.1475
0.144414
0.148789
0.148125
0.146875
0.14625
0.145625
0.145
0.143125
0.134375
0.14
0.140625
0.146875
0.14125
0.140039
0.140039
0.138789
0.138164
0.138789
0.137539
0.136289
0.135039
0.135664
0.135039
0.134414
0.133789
0.133789
0.132539
0.132539
0.131914
0.132539
0.130039
0.131914
0.126289
0.130039
0.126914
0.128164
0.127539
0.127539
0.127539
0.126914
0.128789
0.125039
0.129414
0.126289
0.122539
0.125039
0.124414
0.126914
0.131289
0.135664
0.138164
0.138789
0.137539
0.136289
0.133789
0.133164
0.133164
0.136289
0.136289
0.135664
0.134414
0.135039
0.136289
0.134414
0.134414
0.13375
0.135664
0.13375
0.134414
0.135
0.132539
0.131914
0.130625
0.12875
0.1275
0.1275
0.124375
0.1275
0.125
0.124414
0.124375
0.124414
0.124414
0.124414
0.123789
0.123789
0.123164
0.123164
0.121914
0.121289
0.121289
0.120039
0.120039
0.120664
0.119414
0.120039
0.120664
0.116914
0.115039
0.116914
0.116914
0.112539
0.113789
0.113789
0.113789
0.115039
0.114414
0.117539
0.116289
0.111914
0.117539
0.115664
0.111289
0.115039
0.120664
0.124414
0.129414
0.131289
0.131289
0.131914
0.133789
0.133789
0.134414
0.134414
0.134414
0.131914
0.131289
0.131289
0.129414
0.12875
0.129414
0.12375
0.125625
0.125625
0.124375
0.125625
0.126875
0.125
0.124375
0.124375
0.123125
0.1225
0.11875
0.1225
0.121914
0.119375
0.118125
0.11875
0.118164
0.117539
0.116914
0.118164
0.118164
0.115039
0.110039
0.113789
0.113164
0.114414
0.113789
0.113164
0.114414
0.113164
0.113164
0.114414
0.112539
0.112539
0.111289
0.111914
0.111289
0.110039
0.110664
0.110664
0.110039
0.111289
0.110664
0.111914
0.113164
0.108789
0.110039
0.110039
0.111914
0.116289
0.120664
0.126914
0.128164
0.126914
0.128164
0.123789
0.126289
0.126914
0.126914
0.128164
0.126289
0.126289
0.125039
0.125039
0.123164
0.125625
0.121875
0.1275
0.120664
0.121875
0.119375
0.11875
0.12
0.120039
0.11875
0.119375
0.119375
0.115664
0.115
0.115039
0.113125
0.113789
0.116289
0.116289
0.114414
0.115039
0.115039
0.114414
0.113789
0.115039
0.111289
0.115039
0.111289
0.112539
0.113164
0.113164
0.113164
0.111914
0.111914
0.112539
0.111914
0.111289
0.112539
0.112539
0.110664
0.108789
0.108789
0.107539
0.110039
0.111914
0.112539
0.110664
0.114414
0.111914
0.113789
0.113164
0.117539
0.121914
0.124414
0.125664
0.125039
0.127539
0.125664
0.118164
0.124414
0.124414
0.126914
0.125664
0.125039
0.124414
0.123164
0.12375
0.124375
0.124375
0.125
0.12375
0.12375
0.125
0.1225
0.121875
0.121875
0.121289
0.119375
0.11875
0.11875
0.111914
0.115664
0.115625
0.115039
0.1175
0.1175
0.116914
0.116289
0.115664
0.115664
0.116289
0.111914
0.116914
0.114414
0.115039
0.115039
0.113789
0.113164
0.113164
0.113164
0.113164
0.114414
0.111289
0.116289
0.110664
0.109414
0.111289
0.110039
0.110039
0.110039
0.109414
0.110664
0.112539
0.111289
0.113789
0.111289
0.111289
0.120039
0.119414
0.124414
0.125664
0.125664
0.125664
0.126289
0.126914
0.126289
0.127539
0.127539
0.126914
0.125664
0.126289
0.126289
0.126289
0.125039
0.125
0.125625
0.12125
0.120625
0.123125
0.12125
0.125
0.122539
0.123125
0.1225
0.122539
0.120039
0.121289
0.11875
0.12625
0.119414
0.120625
0.115664
0.119414
0.118789
0.118789
0.119414
0.118164
0.120664
0.117539
0.119414
0.118164
0.115664
