0.112539
0.111914
0.111289
0.110664
0.113164
0.110039
0.107539
0.110039
0.111289
0.108789
0.109414
0.110039
0.109414
0.109375
0.108789
0.109375
0.109375
0.110625
0.109375
0.108789
0.1075
0.10875
0.106875
0.105625
0.105625
0.109375
0.11375
0.119414
0.116914
0.121914
0.119414
0.120039
0.121289
0.121289
0.121914
0.120664
0.120664
0.121289
0.121289
0.118789
0.123164
0.116289
0.116914
0.121289
0.116914
0.115039
0.115039
0.115039
0.115664
0.116914
0.113164
0.108789
0.111914
0.112539
0.112539
0.113164
0.113164
0.113164
0.113789
0.112539
0.112539
0.110039
0.109414
0.108789
0.108789
0.108164
0.107539
0.108164
0.108164
0.106914
0.108164
0.108164
0.108789
0.108164
0.107539
0.105664
0.108164
0.106289
0.106289
0.105039
0.105625
0.105039
0.105625
0.106875
0.105
0.106875
0.106875
0.105625
0.103164
0.104375
0.1025
0.103164
0.10875
0.1125
0.118789
0.117539
0.115039
0.114414
0.118164
0.120664
0.118789
0.119414
0.118164
0.118164
0.118164
0.118164
0.116914
0.117539
0.115664
0.115664
0.113789
0.113164
0.111914
0.112539
0.112539
0.112539
0.111914
0.111289
0.111289
0.108164
0.111914
0.109414
0.109414
0.111289
0.111289
0.112539
0.110664
0.109414
0.109414
0.109414
0.110039
0.110664
0.110664
0.107539
0.106914
0.108164
0.106914
0.107539
0.107539
0.107539
0.106289
0.105039
0.105039
0.106289
0.102539
0.105625
0.105
0.105664
0.105625
0.105625
0.109375
0.106875
0.10375
0.106875
0.105
0.100625
0.104414
0.105
0.105625
0.111875
0.11625
0.118125
0.118164
0.120664
0.118789
0.121289
0.124414
0.125039
0.123789
0.124414
0.123164
0.122539
0.120664
0.121914
0.116289
0.120664
0.121289
0.122539
0.119414
0.121289
0.124414
0.127539
0.130664
0.136289
0.140664
0.138164
0.143164
0.141914
0.144414
0.141914
0.141289
0.142539
0.143164
0.143789
0.145039
0.144414
0.141289
0.138164
0.140039
0.139414
0.146914
0.141914
0.140664
0.140664
0.140664
0.141289
0.144414
0.146289
0.146914
0.151289
0.155664
0.156914
0.164414
0.166875
0.173164
0.1775
0.18
0.179375
0.181875
0.185
0.178125
0.179414
0.18375
0.188125
0.193164
0.195664
0.199375
0.210625
0.214414
0.213164
0.210039
0.216914
0.224414
0.230039
0.226289
0.227539
0.232539
0.234414
0.233164
0.228164
0.228789
0.228164
0.238789
0.236289
0.238789
0.249414
0.245664
0.243789
0.241289
0.239414
0.236914
0.236914
0.233164
0.233164
0.232539
0.230664
0.230039
0.231289
0.232539
0.231914
0.231289
0.228164
0.225664
0.225039
0.228789
0.228164
0.230664
0.231289
0.234414
0.234414
0.235664
0.241289
0.240664
0.241914
0.246289
0.248164
0.248164
0.248789
0.250664
0.250039
0.248164
0.24875
0.24625
0.246875
0.248164
0.248164
0.245
0.246875
0.243789
0.241875
0.24375
0.248164
0.260625
0.265664
0.27875
0.286289
0.290039
0.288164
0.283789
0.291289
0.290039
0.298789
0.293789
0.296914
0.307539
0.310039
0.318164
0.331289
0.336914
0.338164
0.336289
0.333164
0.333789
0.335664
0.335039
0.338164
0.339414
0.340039
0.336914
0.338164
0.338164
0.354414
0.356289
0.361914
0.370039
0.370039
0.369414
0.371914
0.375039
0.375039
0.375664
0.373164
0.373164
0.369414
0.369414
0.363789
0.365664
0.365039
0.364414
0.366289
0.368164
0.368164
0.365039
0.370664
0.363789
0.363789
0.368125
0.368164
0.374375
0.376875
0.37625
0.379414
0.381289
0.380039
0.37875
0.376914
0.38125
0.393789
0.3875
0.39
0.40375
0.41125
0.412539
0.412539
0.414414
0.416914
0.416289
0.418789
0.421914
0.427539
0.429414
0.431914
0.436914
0.438164
0.443164
0.446289
0.446914
0.453789
0.466289
0.463164
0.466289
0.463789
0.463164
0.461914
0.464414
0.468164
0.471289
0.472539
0.481289
0.480664
0.482539
0.482539
0.486289
0.484414
0.482539
0.481914
0.483789
0.485664
0.482539
0.486289
0.485039
0.485039
0.485039
0.486914
0.495039
0.505039
0.508789
0.515664
0.525039
0.530039
0.529414
0.529414
0.530664
0.530039
0.530664
0.530039
0.530039
0.530664
0.536875
0.543789
0.548125
0.545
0.548164
0.55
0.55
0.556914
0.560664
0.564375
0.566289
0.565664
0.565664
0.567539
0.563164
0.566914
0.563789
0.563164
0.558789
0.562539
0.567539
0.568164
0.573789
0.577539
0.581289
0.579414
0.580039
0.588164
0.588164
0.591914
0.595664
0.596289
0.594414
0.593789
0.595039
0.593789
0.595664
0.605664
0.613164
0.613789
0.615039
0.623789
0.631914
0.636289
0.638789
0.641289
0.641289
0.651289
0.659414
0.668164
0.664414
0.670039
0.679414
0.683164
0.683164
0.682539
0.683789
0.685039
0.685664
0.680039
0.677539
0.681289
0.686914
0.686289
0.691289
0.695664
0.696289
0.695039
0.6975
0.701289
0.700039
0.696914
0.7025
0.703164
0.705625
0.705
0.704414
0.705664
0.705664
0.708164
0.713164
0.710664
0.715039
0.715664
0.716914
0.716914
0.715664
0.716289
0.716914
0.721289
0.732539
0.740664
0.741914
0.740664
0.740664
0.746289
0.745039
0.746914
0.751914
0.748164
0.747539
0.745039
0.742539
0.741914
0.743164
0.741289
0.739414
0.738164
0.737539
0.735039
0.733789
0.732539
0.731914
0.733789
0.741289
0.737539
0.741914
0.748164
0.749414
0.744414
0.746289
0.744414
0.743164
0.741289
0.741289
0.741289
0.736289
0.733789
0.735039
0.732539
0.730664
0.730039
0.728789
0.728164
0.728164
0.7275
0.725664
0.725039
0.726289
0.723125
0.725664
0.725664
0.728125
0.728789
0.736289
0.743789
0.744414
0.750664
0.757539
0.755664
0.753164
0.754414
0.757539
0.759414
0.756289
0.754414
0.753789
0.755039
0.762539
0.775664
0.778164
0.780664
0.786289
0.794414
0.806289
0.801289
0.803164
0.805664
0.801914
0.801914
0.803789
0.797539
0.791289
0.796914
0.799414
0.805039
0.800664
0.800039
0.799414
0.803164
0.803789
0.804414
0.801289
0.801914
0.798789
0.796914
0.793789
0.790664
0.788789
0.785664
0.782539
0.781914
0.780664
0.778789
0.773789
0.774414
0.766914
0.766914
0.766289
0.762539
0.761289
0.764414
0.771289
0.771289
0.780039
0.781914
0.7875
0.788164
0.784414
0.785664
0.782539
0.781914
0.782539
0.781914
0.783164
0.780664
0.775664
0.779414
0.770664
0.770039
0.761289
0.763164
0.764414
0.765039
0.764414
0.760039
0.764414
0.770664
0.773789
0.773164
0.776289
0.780039
0.780664
0.781289
0.779414
0.781289
0.779414
0.776914
0.775039
0.780039
0.781914
0.785039
0.781914
0.780664
0.780664
0.780039
0.778789
0.777539
0.772539
0.770664
0.768164
0.766914
0.762539
0.760664
0.760039
0.758164
0.755664
0.754414
0.751914
0.748164
0.746289
0.741289
0.738164
0.739414
0.740039
0.733164
0.736289
0.735664
0.733789
0.731289
0.726914
0.725
0.720625
0.715
0.72375
0.725039
0.716914
0.723789
0.729414
0.733164
0.731914
0.730664
0.735039
0.738789
0.738164
0.736289
0.738164
0.736289
0.737539
0.736914
0.737539
0.740039
0.740039
0.735664
0.734414
0.726914
0.726914
0.726914
0.728789
0.732539
0.731914
0.730664
0.728164
0.730039
0.730039
0.733164
0.732539
0.732539
0.729414
0.728789
0.726289
0.723164
0.720039
0.716914
0.713789
0.711914
0.712539
0.714414
0.711914
0.717539
0.720664
0.726289
0.721289
0.716914
0.715664
0.715039
0.713164
0.710664
0.709414
0.702539
0.698164
0.696289
0.692539
0.688789
0.685625
0.683164
0.680664
0.675625
0.6725
0.669375
0.665664
0.668164
0.67125
0.671914
0.669375
0.669414
0.666914
0.663789
0.660039
0.656914
0.655039
0.646914
0.643789
0.645039
0.638789
0.640039
0.636914
0.633164
0.630664
0.629414
0.628789
0.626914
0.623164
0.625664
0.616914
0.616914
0.615039
0.612539
0.610664
0.608789
0.608789
0.611914
0.619414
0.618164
0.628164
0.638164
0.642539
0.642539
0.642539
0.643789
0.650039
0.660664
0.658789
0.660664
0.664414
0.665664
0.658789
0.657539
0.652539
0.649414
0.647539
0.644414
0.641914
0.640664
0.644414
0.648164
0.646914
0.64375
0.64625
0.657539
0.665625
0.666875
0.664414
0.665039
0.670664
0.672539
0.670664
0.666289
0.668164
0.665
0.661914
0.659375
0.655664
0.652539
0.649414
0.647539
0.644414
0.643164
0.636289
0.631914
0.635664
0.638164
0.633789
0.640664
0.641914
0.640664
0.636914
0.631914
0.628789
0.623789
0.620039
0.614414
0.610664
0.608164
0.606289
0.601289
0.597539
0.593164
0.590039
0.586914
0.582539
0.576914
0.576914
0.573164
0.571289
0.568789
0.566289
0.561914
0.558164
0.556289
0.554414
0.551914
0.546289
0.549414
0.543164
0.541914
0.537539
0.535039
0.533789
0.531914
0.530039
0.528164
0.527539
0.523164
0.527539
0.519414
0.515664
0.516914
0.515664
0.513789
0.5125
0.510664
0.5075
0.506289
0.508789
0.510664
0.511914
0.511289
0.509414
0.512539
0.513789
0.512539
0.510664
0.510664
0.516914
0.518164
0.517539
0.527539
0.530039
0.527539
0.526914
0.525664
0.526289
0.524414
0.523789
0.521289
0.522539
0.516289
0.514414
0.514414
0.514414
0.512539
0.523164
0.523164
0.528164
0.535664
0.537539
0.539414
0.540664
0.548164
0.541914
0.542539
0.535664
0.542539
0.543789
0.543164
0.545664
0.545039
0.545039
0.541289
0.542539
0.543164
0.545664
0.546914
0.550664
0.554414
0.554414
0.554414
0.550664
0.547539
0.546914
0.546914
0.54375
0.542539
0.536914
0.53375
0.5325
0.529414
0.525625
0.5225
0.520039
0.523164
0.525664
0.5225
0.520625
0.520625
0.52
0.519414
0.516914
0.515039
0.514414
0.514414
0.514414
0.511289
0.506914
0.506289
0.503164
0.507539
0.505039
0.502539
0.503789
0.502539
0.499414
0.499414
0.495039
0.492539
0.490664
0.490039
0.486914
0.483164
0.482539
0.483789
0.486289
0.486914
0.486289
0.490039
0.496914
0.498789
0.497539
0.495039
0.492539
0.493164
0.493164
0.494414
0.491289
0.489414
0.487539
0.480039
0.481914
0.480039
0.478164
0.479414
0.478789
0.476914
0.475039
0.474414
0.474414
0.473789
0.470039
0.46625
0.466289
0.465039
0.465039
0.4625
0.461914
0.459414
0.457539
0.460625
0.463164
0.464414
0.47125
0.463125
0.463789
0.465664
0.468164
0.470664
0.471289
0.474414
0.474414
0.475664
0.473789
0.472539
0.471289
0.479414
0.491914
0.495039
0.503164
0.513789
0.519414
0.517539
0.518164
0.518789
0.515664
0.515039
0.511914
0.510664
0.508789
0.506914
0.505664
0.502539
0.502539
0.500664
0.500039
0.494414
0.490664
0.488789
0.485039
0.488164
0.485039
0.484414
0.482539
0.479414
0.476914
0.476914
0.473164
0.473789
0.468789
0.466289
0.461914
0.461914
0.459414
0.457539
0.455039
0.453164
0.453164
0.451289
0.44875
0.44875
0.448789
0.445664
0.445039
0.44375
0.442539
0.44125
0.445
0.44375
0.448125
0.446875
0.445625
0.448789
0.446914
0.445664
0.444414
0.443164
0.441914
0.441289
0.441914
0.441914
0.441914
0.442539
0.438789
0.436289
0.434414
0.434414
0.431914
0.429414
0.430039
0.428789
0.428164
0.425664
0.422539
0.425664
0.425039
0.425664
0.421289
0.420664
0.418789
0.417539
0.416289
0.418164
0.415039
0.413789
0.413164
0.411914
0.411289
0.407539
0.406289
0.405664
0.403789
0.402539
0.401914
0.400664
0.400664
0.398164
0.398789
0.398789
0.397539
0.396914
0.396914
0.395039
0.395039
0.393164
0.393164
0.386914
0.391914
0.39125
0.388789
0.39
0.388789
0.386875
0.389375
0.40125
0.403125
0.414375
0.419375
0.42125
0.425039
0.424414
0.428789
0.436914
0.448164
0.449414
0.456289
0.466914
0.475039
0.470039
0.468164
0.466914
0.466914
0.473789
0.473789
0.480664
0.480664
0.478789
0.478164
0.481289
0.488164
0.494414
0.494414
0.491914
0.491914
0.491914
0.491914
0.491289
0.488789
0.486289
0.485039
0.483789
0.481914
0.478164
0.471914
0.469414
0.463789
0.461289
0.458789
0.454414
0.451914
0.449414
0.447539
0.442539
0.440664
0.436914
0.431914
0.433164
0.430039
0.430664
0.433789
0.433164
0.434414
0.442539
0.441914
0.438789
0.440625
0.441914
0.436875
0.436875
0.43375
0.434375
0.434375
0.43625
0.436875
0.4325
0.430625
0.430039
0.431914
0.434414
0.428164
0.426289
0.423789
0.421289
0.418789
0.416289
0.414414
0.412539
0.408164
0.406289
0.406914
0.403789
0.401914
0.400664
0.398789
0.397539
0.395664
0.393789
0.391914
0.391914
0.391914
0.389414
0.383789
0.383789
0.383789
0.383789
0.390039
0.395664
0.398164
0.401914
0.405664
0.410039
0.406289
0.406289
0.405664
0.406289
0.405664
0.405039
0.403789
0.406289
0.403164
0.395039
0.400039
0.400664
0.396289
0.397539
0.399414
0.405039
0.405664
0.406875
0.406289
0.405039
0.408125
0.41375
0.41625
0.416875
0.414375
0.414375
0.42
0.419375
0.420625
0.41875
0.421875
0.423164
0.435664
0.434414
0.440664
0.446914
0.449414
0.449414
0.448789
0.450039
0.451289
0.450664
0.444414
0.444414
0.445664
0.437539
0.438789
0.435664
0.431914
0.430039
0.429414
0.430664
0.430039
0.428164
0.426914
0.424414
0.421289
0.419414
0.418789
0.419414
0.419414
0.419414
0.420664
0.421289
0.418789
0.416289
0.414414
0.413164
0.411914
0.411914
0.410664
0.407539
0.406914
0.406914
0.406289
0.406289
0.406289
0.403789
0.404414
0.403164
0.400664
0.399414
0.398164
0.397539
0.397539
0.395664
0.394375
0.393164
0.390625
0.3875
0.391289
0.38875
0.39
0.393789
0.397539
0.398164
0.395
0.395625
0.393789
0.390664
0.389414
0.390664
0.391914
0.390664
0.389414
0.388789
0.387539
0.387539
0.388164
0.383789
0.385664
0.382539
0.381914
0.380039
0.378164
0.378164
0.376289
0.376289
0.375664
0.374414
0.373789
0.373164
0.370039
0.370664
0.367539
0.369414
0.370039
0.369414
0.369414
0.368164
0.368164
0.368164
0.365039
0.365664
0.366289
0.366914
0.363164
0.361914
0.360664
0.360039
0.359414
0.360664
0.361289
0.358789
0.361289
0.358164
0.358164
0.357539
0.355664
0.354414
0.354414
0.353164
0.3525
0.352539
0.349375
0.355039
0.34875
0.34625
0.348164
0.351875
0.35625
0.361875
0.364414
0.363164
0.361875
0.361914
0.363789
0.360625
0.358125
0.359414
0.358789
0.356914
0.356289
0.354414
0.352539
0.351289
0.351289
0.343789
0.348164
0.349414
0.346289
0.345039
0.345039
0.342539
0.341914
0.340664
0.338789
0.338789
0.333164
0.334414
0.332539
0.332539
0.332539
0.330664
0.329414
0.329414
0.334414
0.341914
0.343164
0.346289
0.358789
0.355039
0.352539
0.351914
0.352539
0.353789
0.352539
0.353164
0.351289
0.352539
0.349414
0.346914
0.345039
0.341914
0.341289
0.339414
0.337539
0.335039
0.333789
0.334414
0.333125
0.332539
0.33375
0.33
0.3275
0.325664
0.33
0.331914
0.333164
0.333164
0.33125
0.33375
0.341914
0.343125
0.34375
0.345625
0.355039
0.356289
0.355039
0.355664
0.355664
0.353789
0.349414
0.349414
0.348164
0.344414
0.343789
0.341289
0.345039
0.336914
0.335039
0.332539
0.329414
0.328789
0.330039
0.326289
0.326914
0.323789
0.320664
0.320664
0.319414
0.318789
0.316914
0.316914
0.315664
0.316914
0.313789
0.312539
0.307539
0.307539
0.305039
0.305039
0.305664
0.309414
0.312539
0.313164
0.314414
0.314414
0.309414
0.316914
0.325039
0.325039
0.321914
0.321289
0.321289
0.321289
0.321914
0.322539
0.321875
0.318789
0.315664
0.3175
0.314375
0.319414
0.32125
0.32375
0.32125
0.318164
0.31625
0.316875
0.313125
0.308125
0.310664
0.306914
0.307539
0.304414
0.303164
0.300039
0.297539
0.296289
0.293789
0.291914
0.293164
0.292539
0.292539
0.292539
0.290664
0.290039
0.290664
0.295664
0.300039
0.301914
0.306289
0.305039
0.309414
0.305039
0.306914
0.306289
0.306289
0.306914
0.306914
0.306289
0.305664
0.310039
0.311289
0.311914
0.318164
0.324414
0.321289
0.321289
0.320664
0.318164
0.316289
0.317539
0.320664
0.326914
0.341914
0.338164
0.345664
0.361289
0.361914
0.361289
0.360664
0.361914
0.361289
0.36125
0.359414
0.360625
0.36625
0.367539
0.3675
0.380625
0.38375
0.38125
0.379375
0.378789
0.38
0.381289
0.383125
0.374375
0.375039
0.370664
0.369414
0.367539
0.364414
0.361289
0.358789
0.356914
0.355664
0.352539
0.350664
0.350039
0.346914
0.343789
0.343164
0.342539
0.340039
0.336914
0.334414
0.335664
0.331914
0.326914
0.328789
0.330039
0.323789
0.327539
0.326289
0.326289
0.325664
0.325039
0.325664
0.321289
0.322539
0.319414
0.320039
0.316289
0.317539
0.317539
0.317539
0.316914
0.316914
0.315664
0.316289
0.316289
0.316289
0.314414
0.316289
0.317539
0.317539
0.317539
0.316914
0.3175
0.316875
0.316875
0.313164
0.3175
0.323125
0.324375
0.33
0.3325
0.3325
0.33125
0.331875
0.33375
0.335625
0.335
0.338164
0.336289
0.335039
0.332539
0.331289
0.332539
0.332539
0.334414
0.333789
0.337539
0.338164
0.332539
0.337539
0.337539
0.337539
0.338164
0.337539
0.337539
0.336914
0.338164
0.338164
0.336914
0.335664
0.335039
0.335664
0.338164
0.335664
0.336289
0.337539
0.336914
0.337539
0.335664
0.336289
0.333164
0.335664
0.331914
0.338164
0.336914
0.338164
0.336914
0.338164
0.337539
0.336289
0.338789
0.333164
0.333789
0.334414
0.331914
0.332539
0.333789
0.334414
0.333789
0.333789
0.331875
0.33375
0.333164
0.33
0.341914
0.344375
0.346875
0.345
0.34625
0.34625
0.345
0.344375
0.34625
0.344375
0.345039
0.343789
0.343164
0.340039
0.343789
0.341914
0.342539
0.341914
0.341914
0.340664
0.340039
0.341914
0.338164
0.341914
0.336289
0.336914
0.337539
0.335664
0.336289
0.335664
0.334414
0.333789
0.331914
0.331914
0.331914
0.331289
0.330039
0.331289
0.330039
0.329414
0.327539
0.325039
0.326289
0.323789
0.317539
0.321914
0.319414
0.321914
0.320664
0.319414
0.318164
0.318164
0.315664
0.316289
0.314414
0.306914
0.311914
0.312539
0.308164
0.310664
0.31375
0.312539
0.313164
0.311875
0.3125
0.3125
0.315
0.316875
0.321289
0.325
0.324375
0.3225
0.32125
0.32125
0.321289
0.320664
0.32
0.313789
0.314414
0.311914
0.310664
0.313789
0.309414
0.308789
0.305664
0.304414
0.303164
0.301914
0.298789
0.301289
0.296289
0.294414
0.289414
0.290664
0.290039
0.288164
0.286914
0.286914
0.285039
0.280664
0.274414
0.278164
0.278164
0.283789
0.277539
0.276289
0.276914
0.274414
0.271914
0.272539
0.275039
0.283789
0.286289
0.292539
0.303164
0.310664
0.312539
0.310039
0.309414
0.310039
0.311914
0.311289
0.310039
0.307539
0.306289
0.305664
0.302539
0.298789
0.296875
0.2925
0.291875
0.291875
0.296875
0.30375
0.31125
0.321875
0.330625
0.330625
0.326914
0.325039
0.325625
0.325039
0.323789
0.323789
0.318789
0.321289
0.313164
0.312539
0.308164
0.308164
0.307539
0.304414
0.303789
0.300039
0.298789
0.293789
0.291289
0.289414
0.284414
0.283164
0.283164
0.280039
0.276914
0.275039
0.272539
0.268789
0.266289
0.265664
0.261289
0.262539
0.257539
0.258164
0.256914
0.255664
0.253789
0.252539
0.249414
0.248164
0.246914
0.246289
0.243789
0.244414
0.240664
0.238789
0.237539
0.238164
0.235664
0.234414
0.234414
0.231289
0.233164
0.229414
0.228164
0.227539
0.226289
0.225625
0.223164
0.2225
0.219375
0.224375
0.2275
0.225625
0.23375
0.231914
0.228164
0.230664
0.23
0.229414
0.22875
0.22875
0.2275
0.226914
0.228164
0.225039
0.224414
0.223164
0.221914
0.220664
0.219414
0.219414
0.218164
0.216289
0.218164
0.211289
0.213164
0.211289
0.211914
0.212539
0.211914
0.210664
0.210039
0.209414
0.206914
0.209414
0.206914
0.212539
0.209414
0.209414
0.208164
0.210664
0.210664
0.210039
0.209414
0.210039
0.210039
0.205664
0.205664
0.205664
0.203789
0.208789
0.204414
0.205664
0.205039
0.203789
0.203164
0.203789
0.201914
0.201914
0.200664
0.199414
0.199375
0.200039
0.198125
0.2
0.2
0.20125
0.205
0.21
0.211875
0.213164
0.214375
0.211875
0.210664
0.21125
0.210664
0.21125
0.211914
0.211289
0.2125
0.208164
0.20875
0.210664
0.209414
0.212539
0.211289
0.211914
0.216914
0.219414
0.221289
0.230039
0.231914
0.239414
0.231914
0.233789
0.231914
0.235039
0.235039
0.235039
0.233164
0.231914
0.231289
0.228789
0.228164
0.226914
0.225664
0.225664
0.228789
0.231289
0.228789
0.228164
0.226914
0.225039
0.224414
0.223164
0.219414
0.221289
0.218164
0.220039
0.226914
0.233164
0.236289
0.243164
0.252539
0.258789
0.256289
0.255039
0.258789
0.255039
0.255625
0.256875
0.25625
0.255625
0.254414
0.259375
0.262539
0.263789
0.26625
0.265
0.259375
0.25875
0.256875
0.255625
0.25625
0.254375
0.251875
0.253164
0.249414
0.243789
0.246914
0.249414
0.250664
0.248789
0.250039
0.250039
0.250039
0.246914
0.247539
0.245039
0.245039
0.241914
0.240664
0.240039
0.238164
0.236914
0.236289
0.235664
0.232539
0.232539
0.231914
0.225664
0.228164
0.227539
0.225664
0.228164
0.227539
0.226914
0.224414
0.223164
0.223164
0.222539
0.218164
0.220664
0.218789
0.220664
0.218164
0.220039
0.219414
0.218164
0.218164
0.218789
0.217539
0.215039
0.220664
0.214414
0.214414
0.215664
0.212539
0.2125
0.2125
0.21375
0.220625
0.225664
0.228789
0.230664
0.228789
0.23
0.226289
0.226875
0.22625
0.22625
0.22625
0.226875
0.228164
0.228125
0.228789
0.228164
0.225664
0.226289
0.224414
0.223789
0.223164
0.221914
0.221914
0.221289
0.221914
0.218789
0.217539
0.218789
0.215664
0.219414
0.216914
0.218164
0.217539
0.215039
0.212539
0.215039
0.212539
0.218789
0.213789
0.215664
0.216289
0.216289
0.215664
0.213789
0.213164
0.213164
0.215039
0.211914
0.213164
0.211914
0.209414
0.208164
0.211289
0.211914
0.210664
0.210039
0.208789
0.209414
0.209414
0.208789
0.208789
0.209414
0.208164
0.209375
0.20875
0.208164
0.211875
0.216914
0.221875
0.225
0.224375
0.22
0.219375
0.220039
0.218125
0.220625
0.219375
0.219375
0.218789
0.218164
0.219414
0.217539
0.216289
0.217539
0.211289
0.215664
0.213789
0.213164
0.213164
0.212539
0.211289
0.213164
0.210039
0.207539
0.208789
0.209414
0.208164
0.206914
0.206289
0.206289
0.205664
0.203789
0.205039
0.204414
0.205039
0.204414
0.204414
0.205039
0.204414
0.202539
0.202539
0.201289
0.200664
0.199414
0.200039
0.193789
0.198789
0.195664
0.196914
0.200039
0.200039
0.199414
0.198164
0.198164
0.196289
0.198164
0.193164
0.193164
0.196914
0.196914
0.194375
0.193164
0.1925
0.198125
0.20125
0.2075
0.2075
0.204375
0.210625
0.204375
0.203164
0.204414
0.201289
0.200625
0.2
0.200039
0.199414
0.199414
0.196914
0.195664
0.194414
0.195664
0.193164
0.191289
0.191289
0.189414
0.189414
0.188164
0.186914
0.186914
0.187539
0.185039
0.185039
0.184414
0.181289
0.181289
0.179414
0.177539
0.176914
0.177539
0.178164
0.176289
0.174414
0.175039
0.172539
0.175664
0.175664
0.174414
0.173789
0.171914
0.169414
0.171289
0.168789
0.164414
0.168164
0.166914
0.165664
0.166914
0.166289
0.166289
0.163789
0.163789
0.164414
0.160664
0.155039
0.160039
0.160664
0.158125
0.158164
0.159375
0.166289
0.17
0.173789
0.172539
0.1725
0.171875
0.169375
0.169375
0.16875
0.1675
0.1675
0.166875
0.165039
0.164375
0.162539
0.163789
0.161914
0.161289
0.159414
0.156914
0.157539
0.156914
0.155664
0.155039
0.155039
0.155664
0.155039
0.152539
0.151289
0.151289
0.148789
0.155039
0.148789
0.146914
0.145039
0.144414
0.143789
0.145664
0.143789
0.135664
0.141914
0.144414
0.148789
0.141914
0.138789
0.138789
0.140039
0.138789
0.140664
0.138164
0.138789
0.136914
0.136914
0.137539
0.136289
0.135664
0.135664
0.135039
0.133789
0.133164
0.133789
0.130039
0.1325
0.13125
0.133789
0.130039
0.133125
0.136875
0.1425
0.145039
0.14375
0.144375
0.138125
0.1375
0.14125
0.139375
0.13875
0.14
0.139414
0.139414
0.138789
0.13875
0.138789
0.135039
0.140664
0.133164
0.132539
0.138164
0.131289
0.130664
0.128789
0.128789
0.128164
0.128789
0.125039
0.125039
0.123789
0.121289
0.121914
0.122539
0.121289
0.120664
0.120039
0.120039
0.119414
0.121289
0.123164
0.120664
0.122539
0.121289
0.118789
0.118164
0.116289
0.116289
0.115039
0.115039
0.115039
0.113789
0.114414
0.111914
0.111914
0.113164
0.113164
0.112539
0.111914
0.110664
0.110039
0.112539
0.110664
0.114414
0.109375
0.10625
0.1125
0.115625
0.11875
0.12375
0.125
0.125
0.12625
0.124375
0.118125
0.121914
0.122539
0.126875
0.122539
0.121289
0.120664
0.120664
0.118789
0.118789
0.117539
0.118789
0.116289
0.117539
0.117539
0.115664
0.115664
0.116289
0.115664
0.115039
0.114414
0.114414
0.111289
0.115039
0.113789
0.113164
0.110664
0.110664
0.108789
0.108164
0.108789
0.110039
0.110664
0.108789
0.111914
0.110039
0.108164
0.106914
0.108164
0.106914
0.106914
0.106289
0.105664
0.106914
0.104414
0.101289
0.104414
0.105664
0.110664
0.104414
0.103164
0.103789
0.103164
0.103164
0.103789
0.101875
0.103125
0.10375
0.103125
0.1025
0.109375
0.11375
0.119375
0.1175
0.11875
0.12
0.11875
0.11375
0.118164
0.118125
0.116289
0.116875
0.11625
0.118164
0.118164
0.117539
0.116289
0.118164
0.113789
0.113789
0.113789
0.112539
0.114414
0.113164
0.112539
0.111914
0.111914
0.111914
0.112539
0.110664
0.115039
0.110039
0.110039
0.110039
0.110039
0.109414
0.108164
0.108789
0.108164
0.109414
0.108164
0.107539
0.108789
0.107539
0.106289
0.108164
0.108164
0.106289
0.106914
0.106289
0.106289
0.106914
0.108164
0.104414
0.108789
0.104414
0.103789
0.104414
0.103164
0.104414
0.104414
0.103789
0.104414
0.105
0.101875
0.105625
0.104375
0.110664
0.1175
0.12125
0.120039
0.120625
0.12
0.121875
0.119414
0.115625
0.115039
0.116289
0.116289
0.119375
0.118125
0.118164
0.117539
0.116914
0.118164
0.115664
0.115664
0.113789
0.115039
0.113164
0.111914
0.112539
0.111289
0.111289
0.111914
0.111289
0.110664
0.111289
0.110039
0.110664
0.110039
0.110039
0.109414
0.110664
0.110039
0.108789
0.110039
0.111289
0.106289
0.109414
0.112539
0.111289
0.110039
0.108789
0.108164
0.107539
0.106914
0.107539
0.108164
0.105664
0.108789
0.107539
0.106289
0.104414
0.106289
0.106289
0.106289
0.106289
0.107539
0.107539
0.105
0.110625
0.10375
0.110625
0.120625
0.120625
0.122539
0.121289
0.12125
0.120664
0.12
0.11875
0.118164
0.11625
0.115039
0.117539
0.118789
0.118164
0.118164
0.118789
0.118789
0.117539
0.118164
0.114414
0.116914
0.113789
0.116914
0.115664
0.115039
0.115664
0.114414
0.114414
0.113164
0.116289
0.111289
0.111289
0.112539
0.112539
0.108164
0.111914
0.111914
0.111289
0.111914
0.112539
0.113789
0.111914
0.121914
0.112539
0.112539
0.108789
0.110039
0.110039
0.110039
0.110039
0.110039
0.111289
0.108789
0.111914
0.110039
0.106914
0.107539
0.109414
0.109414
0.107539
0.107539
0.107539
0.1075
0.109375
0.10875
0.108125
0.115625
0.118164
0.123164
0.12375
0.124375
0.123789
0.12375
0.123789
0.12375
0.124375
0.121875
0.12
0.121875
0.12125
0.120625
0.12
0.119414
0.120039
0.118164
0.119414
0.116914
0.111914
0.116289
0.115664
0.115664
0.116289
0.116914
0.116289
0.116289
0.114414
0.116289
0.113164
0.114414
0.112539
0.113789
0.111289
0.109414
0.109414
0.110039
0.110664
0.110664
0.111289
0.111914
0.112539
0.111289
0.110039
0.110664
0.108789
0.108164
0.108164
0.107539
0.108164
0.106914
0.108789
0.103164
0.107539
0.105664
0.105664
0.106914
0.106914
0.106289
0.105664
0.105664
0.105039
0.106875
0.103125
0.103789
0.114414
0.116875
0.12
0.121914
0.12125
0.122539
0.123125
0.1225
0.123164
0.119375
0.11875
0.12125
0.118789
0.115
0.118164
0.118164
0.118164
0.118164
0.117539
0.116914
