0.12375
0.12375
0.121875
0.12
0.12125
0.123125
0.1225
0.121875
0.12125
0.12125
0.12125
0.12125
0.12
0.118125
0.12
0.1175
0.113125
0.118125
0.118125
0.116875
0.116875
0.11625
0.11875
0.115
0.112539
0.115625
0.11625
0.115
0.113789
0.112539
0.113789
0.114414
0.115
0.115
0.115
0.115625
0.116289
0.115664
0.115625
0.114414
0.114375
0.114375
0.11375
0.113125
0.113125
0.113125
0.1075
0.11375
0.108125
0.110625
0.114375
0.11375
0.1125
0.1125
0.111875
0.110625
0.113125
0.10875
0.11125
0.108125
0.108125
0.11375
0.12
0.125
0.12875
0.128125
0.129375
0.13
0.128125
0.134375
0.128125
0.128125
0.126875
0.1275
0.126875
0.125625
0.125
0.125
0.125625
0.12375
0.123125
0.121875
0.120625
0.12125
0.123125
0.121875
0.121875
0.12125
0.12125
0.12125
0.12125
0.121875
0.120625
0.119414
0.120039
0.117539
0.116289
0.115664
0.115625
0.116914
0.118164
0.11875
0.118789
0.117539
0.116875
0.113125
0.115039
0.115
0.115664
0.115625
0.11375
0.111875
0.114375
0.1125
0.108125
0.113125
0.1125
0.11
0.1125
0.11
0.11125
0.11
0.11
0.11125
0.11
0.101875
0.10875
0.106875
0.111875
0.11875
0.12375
0.12625
0.125
0.125625
0.125625
0.125625
0.124375
0.1225
0.124375
0.125625
0.125625
0.125
0.124375
0.124375
0.12375
0.12375
0.123125
0.121875
0.123125
0.120625
0.121875
0.12375
0.12125
0.12125
0.12
0.12125
0.12125
0.121914
0.120039
0.11875
0.11875
0.11625
0.123164
0.116875
0.117539
0.117539
0.116914
0.118164
0.119414
0.118164
0.111914
0.11625
0.1175
0.121289
0.114414
0.113125
0.115664
0.115
0.114375
0.114375
0.114375
0.115
0.113125
0.11375
0.11375
0.1125
0.111875
0.113125
0.11125
0.111875
0.111875
0.1125
0.109375
0.110625
0.1125
0.1175
0.124375
0.128125
0.128125
0.1275
0.1275
0.1275
0.1275
0.12125
0.12125
0.126875
0.124375
0.12625
0.125
0.125
0.124375
0.124375
0.124375
0.12375
0.12125
0.12625
0.12
0.12
0.120625
0.119375
0.120625
0.119375
0.118789
0.12
0.129375
0.1325
0.135625
0.14375
0.145
0.147539
0.150664
0.151289
0.153789
0.154414
0.158164
0.158789
0.162539
0.166289
0.163164
0.164414
0.163789
0.162539
0.161914
0.161875
0.16375
0.163125
0.163125
0.163125
0.163125
0.163125
0.159375
0.1575
0.159375
0.15875
0.16625
0.171875
0.1725
0.176875
0.18375
0.185625
0.19125
0.19125
0.19
0.195
0.195625
0.195625
0.20125
0.205
0.20625
0.214375
0.21375
0.211875
0.211875
0.213125
0.216875
0.2125
0.21625
0.215625
0.21375
0.21625
0.216875
0.220625
0.226875
0.225625
0.22625
0.225
0.223125
0.22375
0.223125
0.22125
0.22125
0.228125
0.233164
0.232539
0.241875
0.246289
0.24375
0.242539
0.244414
0.250039
0.254414
0.255039
0.259414
0.263164
0.262539
0.265039
0.265664
0.267539
0.266875
0.273789
0.2775
0.27625
0.274375
0.27375
0.275625
0.275625
0.275
0.275625
0.273125
0.275625
0.269375
0.27375
0.28
0.281875
0.290625
0.2975
0.298125
0.2975
0.30125
0.301875
0.30375
0.3025
0.300625
0.300625
0.303125
0.308125
0.30875
0.30875
0.3025
0.3125
0.32
0.32625
0.32625
0.33125
0.33125
0.33
0.33
0.329375
0.333125
0.32875
0.33
0.335625
0.33625
0.34
0.340625
0.33875
0.340625
0.341875
0.341875
0.34125
0.338789
0.345664
0.339414
0.335039
0.331914
0.333789
0.333789
0.333164
0.330664
0.332539
0.336289
0.340039
0.339414
0.345
0.350664
0.354375
0.355625
0.356875
0.361875
0.363125
0.36375
0.365
0.366875
0.3675
0.36625
0.3775
0.378125
0.38125
0.39
0.394375
0.3925
0.39375
0.395
0.399375
0.405
0.410625
0.416875
0.419375
0.416875
0.4225
0.42625
0.4275
0.42875
0.4325
0.44125
0.443125
0.44125
0.450625
0.45875
0.461875
0.461875
0.461875
0.46125
0.460625
0.459375
0.46125
0.459375
0.469375
0.47
0.47
0.46875
0.468125
0.4725
0.481875
0.489375
0.490039
0.489414
0.493789
0.497539
0.495039
0.493789
0.491289
0.490664
0.491914
0.493164
0.495039
0.494414
0.495039
0.496914
0.493789
0.496914
0.497539
0.499414
0.505625
0.504375
0.5075
0.50875
0.51125
0.511875
0.511875
0.509375
0.50875
0.50875
0.5075
0.504375
0.508125
0.509375
0.508125
0.5075
0.509375
0.50875
0.509375
0.519375
0.5225
0.52125
0.524375
0.521875
0.525
0.525625
0.524375
0.523125
0.52375
0.521875
0.5225
0.52
0.520625
0.525
0.53125
0.539375
0.540625
0.54875
0.56
0.568125
0.569375
0.5675
0.573125
0.569375
0.575
0.579375
0.584375
0.58375
0.585
0.586875
0.588789
0.590664
0.591875
0.595664
0.596289
0.596289
0.603789
0.608164
0.609414
0.614414
0.615664
0.620625
0.628164
0.625625
0.630625
0.620039
0.62
0.616875
0.621289
0.621914
0.6225
0.621875
0.62625
0.63375
0.63125
0.64
0.64375
0.640625
0.641875
0.65125
0.65375
0.658125
0.664375
0.670625
0.669375
0.6775
0.684375
0.683125
0.689375
0.691875
0.69125
0.688125
0.686875
0.6875
0.685625
0.6825
0.68
0.68
0.684375
0.68875
0.690625
0.693125
0.698125
0.69875
0.696875
0.696875
0.70125
0.70625
0.704375
0.7075
0.7175
0.716875
0.719375
0.717539
0.715
0.711289
0.708789
0.706914
0.712539
0.714414
0.712539
0.715039
0.714414
0.712539
0.709414
0.709414
0.707539
0.708164
0.70625
0.704414
0.7025
0.702539
0.698789
0.695664
0.695
0.695
0.694414
0.6925
0.69375
0.69375
0.70125
0.708125
0.704375
0.718125
0.725625
0.73
0.73125
0.73375
0.74125
0.743125
0.740625
0.74375
0.74375
0.7475
0.746875
0.748125
0.74625
0.7475
0.74625
0.74625
0.745
0.74125
0.73875
0.738125
0.734375
0.730625
0.7325
0.725625
0.730625
0.73125
0.735625
0.739375
0.7375
0.74
0.739375
0.73625
0.735
0.73375
0.736875
0.738125
0.735
0.734414
0.735664
0.734414
0.741914
0.748789
0.748125
0.753125
0.76
0.756914
0.758164
0.757539
0.763164
0.769414
0.770664
0.773789
0.778789
0.778125
0.771289
0.769414
0.770664
0.764375
0.76375
0.76
0.756875
0.755625
0.75375
0.749375
0.74875
0.745
0.74125
0.7425
0.74125
0.733125
0.735625
0.7325
0.731875
0.73
0.72875
0.730625
0.733125
0.734375
0.73375
0.74375
0.748125
0.751875
0.76125
0.77
0.773125
0.77
0.769375
0.770625
0.77125
0.765625
0.7675
0.764375
0.7625
0.75875
0.756875
0.755
0.750625
0.746875
0.745
0.741875
0.741875
0.740625
0.73875
0.735625
0.733164
0.731289
0.729375
0.7275
0.725039
0.724414
0.725664
0.728164
0.728789
0.728164
0.725039
0.724414
0.725664
0.731914
0.739414
0.736875
0.736289
0.730039
0.726875
0.738125
0.743789
0.745
0.745
0.74625
0.744375
0.746875
0.749375
0.748125
0.7475
0.75
0.745625
0.746875
0.75125
0.750625
0.75375
0.75625
0.754375
0.758125
0.7575
0.758125
0.750625
0.755
0.7525
0.74875
0.745
0.741875
0.74
0.73625
0.733125
0.73125
0.73
0.724375
0.72625
0.723125
0.728125
0.72875
0.734375
0.741875
0.74375
0.741875
0.741875
0.7425
0.73875
0.735625
0.739375
0.74
0.742539
0.74375
0.745625
0.749375
0.748789
0.746289
0.743789
0.738789
0.734414
0.731289
0.728789
0.726914
0.725039
0.723164
0.725039
0.728789
0.731914
0.731875
0.7375
0.74
0.7375
0.733164
0.734375
0.730625
0.728125
0.725625
0.7225
0.72
0.7175
0.715
0.71
0.711875
0.715625
0.715
0.711875
0.7175
0.718125
0.71625
0.720625
0.719375
0.720625
0.7175
0.7125
0.709375
0.710625
0.709375
0.705
0.7
0.69625
0.6925
0.690625
0.69
0.685625
0.685625
0.683125
0.68125
0.67875
0.6775
0.675
0.673125
0.669375
0.6675
0.664375
0.663125
0.660625
0.655
0.657539
0.656914
0.6625
0.66125
0.661289
0.659375
0.657539
0.658125
0.66375
0.665664
0.665039
0.667539
0.668789
0.663789
0.661914
0.662539
0.663164
0.661914
0.66
0.656914
0.658164
0.661289
0.660664
0.665
0.6625
0.663125
0.660625
0.656875
0.65375
0.651875
0.6525
0.649375
0.6475
0.644375
0.64
0.64375
0.63625
0.6325
0.633125
0.63625
0.63875
0.639375
0.639375
0.645625
0.64375
0.6425
0.641875
0.639375
0.63875
0.64
0.6425
0.64125
0.63875
0.63875
0.63125
0.634375
0.633125
0.63
0.628125
0.625
0.6225
0.618125
0.615625
0.611875
0.61125
0.604375
0.605625
0.601289
0.600625
0.5925
0.595625
0.593164
0.590039
0.588789
0.588164
0.585039
0.579414
0.578164
0.575664
0.573164
0.575664
0.570039
0.569414
0.572539
0.575664
0.575
0.578789
0.583125
0.5825
0.58
0.5775
0.576875
0.57625
0.57375
0.571875
0.57
0.566875
0.563125
0.56125
0.560625
0.55375
0.5525
0.550625
0.548125
0.545625
0.5475
0.548125
0.55125
0.550625
0.550625
0.54625
0.546875
0.5425
0.540625
0.535625
0.531875
0.5325
0.53
0.52875
0.535
0.545625
0.546875
0.55875
0.566875
0.57125
0.56375
0.568125
0.56875
0.57
0.5675
0.563125
0.565
0.5675
0.56625
0.566875
0.5675
0.565625
0.56875
0.568125
0.566914
0.570039
0.568789
0.565039
0.563789
0.560664
0.555039
0.554414
0.550664
0.551914
0.549414
0.547539
0.544414
0.540039
0.535664
0.533125
0.530625
0.526914
0.52625
0.523125
0.518125
0.515
0.513125
0.51
0.5075
0.505625
0.504375
0.499375
0.49625
0.494375
0.491875
0.4875
0.485625
0.49
0.491875
0.49375
0.491875
0.493125
0.48875
0.48
0.48125
0.478125
0.475
0.473125
0.469375
0.46875
0.466875
0.465625
0.464375
0.4625
0.46125
0.45875
0.455625
0.454375
0.453125
0.45
0.449375
0.4475
0.446875
0.4475
0.453125
0.450625
0.45625
0.4575
0.463164
0.465625
0.463789
0.461914
0.461289
0.460664
0.460039
0.461914
0.461289
0.464414
0.468164
0.476289
0.478164
0.477539
0.481289
0.481914
0.479414
0.478164
0.480039
0.475625
0.488789
0.485
0.4825
0.47625
0.478125
0.4775
0.47625
0.47375
0.471875
0.470625
0.46625
0.46625
0.4625
0.45875
0.455625
0.456875
0.459375
0.46375
0.465625
0.464375
0.461875
0.461875
0.460625
0.455625
0.45875
0.46
0.459375
0.4625
0.464375
0.465
0.463125
0.463125
0.463125
0.46
0.45875
0.459375
0.455625
0.45375
0.44875
0.446875
0.445
0.44125
0.439375
0.44
0.435664
0.435625
0.435
0.435625
0.436289
0.433125
0.429414
0.429414
0.429414
0.426914
0.426914
0.422539
0.425039
0.423164
0.421289
0.418789
0.420039
0.420039
0.417539
0.416289
0.416914
0.41625
0.418125
0.418125
0.41625
0.415625
0.413125
0.4125
0.41125
0.410625
0.409375
0.409375
0.41375
0.4175
0.41625
0.421875
0.42125
0.419375
0.420625
0.425625
0.4325
0.4325
0.43375
0.438125
0.4375
0.435
0.4375
0.435625
0.433125
0.431875
0.4275
0.425625
0.424375
0.42375
0.420625
0.42125
0.4175
0.40875
0.414375
0.415
0.41625
0.418125
0.419375
0.42375
0.425625
0.425
0.424375
0.420625
0.421875
0.423125
0.422539
0.423789
0.419414
0.419414
0.418164
0.416289
0.414414
0.418164
0.430039
0.429414
0.442539
0.453164
0.463164
0.463164
0.463164
0.462539
0.461914
0.4625
0.463125
0.463789
0.460664
0.45875
0.460625
0.458125
0.456875
0.456875
0.455625
0.455
0.451875
0.45
0.44875
0.44375
0.438125
0.439375
0.435
0.43875
0.443125
0.445
0.445
0.44375
0.44375
0.45
0.4525
0.453125
0.458125
0.460625
0.45625
0.455625
0.455
0.453125
0.45
0.448125
0.44625
0.444375
0.446875
0.440625
0.44125
0.436875
0.435625
0.433125
0.43125
0.43
0.42875
0.426875
0.42625
0.424375
0.423125
0.420625
0.417539
0.417539
0.415039
0.412539
0.412539
0.409414
0.406289
0.407539
0.403789
0.399414
0.401914
0.401914
0.401914
0.400664
0.398789
0.396914
0.396914
0.395664
0.39625
0.393164
0.38875
0.390039
0.39125
0.390625
0.39125
0.391875
0.39625
0.400625
0.401875
0.40875
0.413125
0.414375
0.41125
0.414375
0.419375
0.42125
0.421875
0.42125
0.42625
0.4325
0.43125
0.433125
0.433125
0.433125
0.43
0.4275
0.4275
0.426875
0.42625
0.43
0.43625
0.436875
0.441875
0.445
0.44875
0.44375
0.44125
0.44125
0.44375
0.446875
0.45
0.45
0.454375
0.456914
0.45375
0.44625
0.449375
0.447539
0.446289
0.445664
0.443789
0.442539
0.439414
0.436289
0.435664
0.434414
0.436289
0.437539
0.438789
0.443164
0.445039
0.442539
0.440039
0.437539
0.436289
0.434375
0.43375
0.429375
0.429375
0.423125
0.425
0.421875
0.421875
0.42
0.4175
0.416875
0.415
0.414375
0.40875
0.411875
0.4175
0.41375
0.42125
0.421875
0.419375
0.4225
0.426875
0.43125
0.4325
0.434375
0.44375
0.4375
0.4375
0.43625
0.435
0.434375
0.433125
0.4325
0.43125
0.43125
0.428125
0.428125
0.4275
0.425625
0.42625
0.425625
0.425
0.4225
0.420625
0.41875
0.4175
0.416914
0.41625
0.4125
0.416914
0.412539
0.412539
0.414414
0.413789
0.411289
0.410039
0.409414
0.410039
0.409414
0.408789
0.407539
0.406914
0.403789
0.402539
0.400039
0.399414
0.397539
0.395625
0.395664
0.391289
0.391289
0.39
0.390625
0.39
0.388125
0.386875
0.385
0.385
0.383125
0.385625
0.385
0.3875
0.398125
0.4025
0.41125
0.418125
0.419375
0.419375
0.42
0.42
0.42
0.419375
0.41875
0.416875
0.415
0.4125
0.410625
0.409375
0.4075
0.405625
0.405
0.404375
0.409375
0.406875
0.409375
0.4125
0.415625
0.41625
0.421875
0.42125
0.425
0.430625
0.431875
0.430664
0.426875
0.430664
0.426289
0.426914
0.425039
0.424414
0.423164
0.420039
0.418164
0.418164
0.417539
0.416289
0.410664
0.415664
0.415664
0.410664
0.411289
0.409414
0.408164
0.405039
0.403164
0.403125
0.399375
0.3975
0.395
0.39375
0.39375
0.39375
0.39125
0.391875
0.3925
0.39125
0.389375
0.388125
0.3875
0.3925
0.395625
0.394375
0.394375
0.395625
0.4025
0.40875
0.41
0.41875
0.42625
0.42125
0.419375
0.421875
0.42
0.420625
0.42
0.41875
0.418125
0.416875
0.415625
0.413125
0.409375
0.41375
0.405
0.408125
0.419375
0.413125
0.418125
0.424375
0.425625
0.423125
0.424375
0.422539
0.420664
0.419375
0.41625
0.415039
0.415039
0.412539
0.407539
0.405664
0.403164
0.401289
0.400039
0.399414
0.395664
0.398789
0.393789
0.391914
0.390039
0.386914
0.385039
0.38375
0.3825
0.380625
0.37875
0.375625
0.376875
0.37625
0.3725
0.370625
0.37
0.366875
0.36625
0.365625
0.364375
0.36625
0.3725
0.375
0.373125
0.3725
0.37125
0.373125
0.373125
0.371875
0.373125
0.381875
0.380625
0.3775
0.386875
0.39
0.39625
0.391875
0.39125
0.39
0.38875
0.3875
0.388125
0.38625
0.385625
0.381875
0.38
0.38
0.376875
0.375
0.374375
0.371875
0.37125
0.371289
0.37
0.363164
0.36625
0.364414
0.362539
0.363789
0.361914
0.361289
0.360664
0.360664
0.362539
0.363789
0.360039
0.363789
0.360664
0.362539
0.360664
0.365664
0.373789
0.374414
0.381875
0.3925
0.39875
0.3975
0.404375
0.39625
0.395625
0.39625
0.3975
0.396875
0.395
0.395
0.3925
0.3925
0.395
0.39875
0.4
0.398125
0.395
0.394375
0.393125
0.39125
0.389375
0.385625
0.38375
0.381875
0.379375
0.379375
0.376875
0.375625
0.375
0.37375
0.37375
0.3725
0.37375
0.37375
0.37375
0.368125
0.36625
0.36625
0.3625
0.3625
0.363125
0.3625
0.361875
0.360625
0.358125
0.359375
0.355039
0.359414
0.352539
0.353789
0.348789
0.350039
0.347539
0.348789
0.350664
0.350039
0.351914
0.351289
0.351914
0.350664
0.350039
0.346914
0.350664
0.353789
0.353789
0.353164
0.35375
0.355625
0.3575
0.364375
0.3675
0.369375
0.3675
0.36875
0.37
0.369375
0.37375
0.37875
0.378125
0.381875
0.3925
0.395
0.3925
0.393125
0.39375
0.395625
0.395
0.393125
0.389375
0.3875
0.385625
0.381875
0.380625
0.385
0.388125
0.39
0.3975
0.40125
0.4
0.4025
0.4025
0.41
0.41125
0.40875
0.4075
0.41
0.411875
0.415
0.4125
0.414414
0.418125
0.416875
0.414375
0.412539
0.411914
0.410039
0.408164
0.408789
0.405664
0.401289
0.400664
0.400664
0.402539
0.402539
0.406289
0.401289
0.403789
0.400039
0.396914
0.395664
0.395039
0.393164
0.391914
0.390625
0.388125
0.387539
0.381289
0.38
0.38125
0.378125
0.379375
0.376875
0.374375
0.373125
0.37
0.375
0.3775
0.379375
0.385625
0.3775
0.37875
0.385625
0.38125
0.381875
0.380625
0.379375
0.37875
0.3775
0.376875
0.3825
0.388125
0.390625
0.395
0.4075
0.416875
0.419375
0.418125
0.4175
0.420625
0.42125
0.423125
0.421875
0.42
0.420625
0.416875
0.415625
0.413125
0.41
0.408164
0.406289
0.404414
0.401289
0.403789
0.405039
0.405039
0.412539
0.412539
0.413789
0.412539
0.411289
0.411289
0.410664
0.408789
0.406289
0.405664
0.403164
0.405039
0.400664
0.398164
0.395664
0.394414
0.393164
0.394414
0.389375
0.385625
0.3875
0.388125
0.384375
0.384375
0.381875
0.381875
0.381875
0.3875
0.3925
0.395
0.3975
0.394375
0.394375
0.393125
0.393125
0.3925
0.39125
0.389375
0.388125
0.386875
0.38625
0.38375
0.3825
0.38
0.379375
0.379375
0.38
0.378125
0.37625
0.37625
0.37625
0.375625
0.3725
0.37
0.375
0.380625
0.381875
0.389414
0.398125
0.402539
0.404375
0.402539
0.404414
0.401289
0.398789
0.403789
0.404414
0.402539
0.401914
0.399414
0.400039
0.399414
0.399414
0.398789
0.398164
0.399414
0.396914
0.395039
0.394414
0.391914
0.390039
0.389414
0.388164
0.386914
0.38625
0.385625
0.38125
0.384375
0.384375
0.379375
0.38
0.379375
0.38
0.38
0.384375
0.38875
0.3925
0.386875
0.38625
0.39
0.390625
0.396875
0.4025
0.40375
0.408125
0.4125
0.413125
0.410625
0.40625
0.41125
0.405625
0.40625
0.400625
0.404375
0.403125
0.4025
0.4
0.39875
0.398125
0.395
0.3925
0.391875
0.39
0.390625
0.390039
0.3875
0.386289
0.385039
0.383789
0.381914
0.381914
0.381914
0.378164
0.377539
0.375039
0.371914
0.371914
0.370664
0.370039
0.370664
0.370039
0.370039
0.368789
0.368164
0.363164
0.360039
0.360664
0.360039
0.360664
0.360039
0.358125
0.35625
0.35875
0.355625
0.355625
0.355625
0.354375
0.3525
0.35125
0.35
0.35375
0.3575
0.36125
0.365625
0.3625
0.35875
0.361875
0.364375
0.363125
0.361875
0.36125
0.35875
0.3575
0.355625
0.3525
0.351875
0.350625
0.348125
0.34625
0.3475
0.34625
0.344375
0.34375
0.3425
0.340625
0.33875
0.33875
0.334375
0.335625
0.33875
0.344375
0.345664
0.3475
0.351875
0.355664
0.356914
0.355039
0.354414
0.352539
0.354414
0.353789
0.349414
0.345664
0.348164
0.346914
0.345039
0.343789
0.342539
0.343164
0.338789
0.331289
0.335664
0.334414
0.334414
0.329414
0.328164
0.332539
0.333164
0.335
0.33875
0.341875
0.34375
0.339375
0.34
0.34
0.33875
0.33875
0.344375
0.345
0.3475
0.348125
0.34625
0.339375
0.345
0.343125
0.339375
0.34
0.335625
0.33375
0.33125
0.32875
0.32625
0.325
0.31875
0.318125
0.32125
0.31625
0.315625
0.313125
0.311875
0.310625
0.310625
0.31
0.309375
0.305625
0.309375
0.30375
0.300625
0.300039
0.299414
0.3
0.298164
0.296914
0.294414
0.294414
0.291289
0.289414
0.287539
0.284414
0.282539
0.281914
0.281914
0.280664
0.280039
0.278789
0.278789
0.278164
0.278789
0.271914
0.273789
0.270664
0.268789
0.267539
0.265664
0.26375
0.26375
0.26375
0.265
0.265
0.261875
0.260625
0.26375
0.260625
0.26125
0.265
0.26875
0.270625
0.269375
0.27125
0.26875
0.26625
0.265625
0.266875
0.2625
0.264375
0.2625
0.261875
0.259375
0.2575
0.2575
0.25375
0.255
0.253125
0.2525
0.248125
0.24875
0.24875
0.248125
0.245625
0.244375
0.24375
0.241875
0.241875
0.23875
0.238789
0.23625
0.235625
0.235664
0.234414
0.233789
0.232539
0.230664
0.231914
0.226289
0.228164
0.227539
0.226289
0.225039
0.223789
0.222539
0.221914
0.224414
0.233164
0.238164
0.239414
0.251289
0.251289
0.251914
0.249414
0.250664
0.250664
0.251875
0.250625
0.25
0.250039
0.24625
0.2525
0.2425
0.240625
0.235
0.241875
0.245
0.24875
0.249375
0.2475
0.248125
0.2475
0.246875
0.244375
0.24125
0.241875
0.240625
0.23875
0.236875
0.235
0.233125
0.23125
0.23
0.225625
0.228125
0.22875
0.226875
0.225
0.2225
0.221875
0.220625
0.219375
0.2175
0.218125
0.213125
0.214375
0.214375
0.21375
0.213125
0.211875
0.21
0.209414
0.207539
0.207539
0.207539
0.204414
0.209414
0.201289
0.200664
0.206914
0.201289
0.205664
0.210664
0.211289
0.216914
0.222539
0.224414
0.223164
0.221914
0.220664
0.218789
0.22125
0.220664
0.218125
0.216914
0.2175
0.21625
0.215625
0.21625
0.215
0.211875
0.211875
0.216875
0.220625
0.22375
0.224375
0.22375
0.22375
0.22375
0.223125
0.22375
0.220625
0.22125
0.2175
0.21625
0.21375
0.2125
0.210625
0.208125
0.209375
0.206875
0.203125
0.205625
0.204375
0.201875
0.204375
0.204375
0.203125
0.20125
0.2
0.2025
0.198125
0.19875
0.1975
0.195625
0.195
0.194375
0.19375
0.193164
0.192539
0.192539
0.190664
0.190664
0.190664
0.187539
0.187539
0.186914
0.188789
0.186914
0.187539
0.186914
0.187539
0.189414
0.188164
0.180664
0.183164
0.183789
0.181914
0.18375
0.1825
0.183125
0.183125
0.185664
0.186875
0.1875
0.185
0.183125
0.185625
0.185
0.191875
0.19625
0.2
0.199375
0.19875
0.2
0.200625
0.198125
0.2
0.200625
0.19875
0.203125
0.195
0.19375
0.193125
0.1925
0.191875
0.19125
0.19125
0.19125
0.19
0.189375
0.188125
0.18875
0.18875
0.1875
0.18625
0.186875
0.185625
0.185625
0.18375
0.185
0.18125
0.184375
0.1825
0.183789
0.185039
0.185664
0.187539
0.188164
0.189414
0.184414
0.182539
0.184414
0.183789
0.183789
0.185664
0.186289
0.185664
0.186289
0.185664
0.185664
0.181914
0.183789
0.179414
0.178789
0.181289
0.179375
0.178789
0.179375
0.178125
0.178125
0.18
0.178125
0.180625
0.186875
0.188125
0.190625
0.205
0.209375
0.20875
0.210625
0.21375
0.214375
0.215
0.2175
0.215
0.215
0.2125
0.21125
0.209375
0.206875
0.205625
0.20375
0.203125
0.203125
0.201875
0.201875
0.20125
0.200625
0.2
0.1975
0.19625
0.19625
0.194375
0.1925
0.1925
0.19
0.18625
0.19125
0.190625
0.192539
0.188789
0.188164
0.187539
0.186289
0.185039
0.186914
0.183164
0.181289
0.181289
0.182539
0.178789
0.181289
0.181289
0.182539
0.182539
0.182539
0.181914
0.179414
0.180664
0.178164
0.177539
0.177539
0.176914
0.175625
0.176289
0.175039
0.175
0.174375
0.175
0.17125
0.17875
0.18375
0.18375
0.18875
0.194375
0.20125
0.2025
0.2025
0.203125
0.205625
0.20625
0.20875
0.209375
0.20625
0.20125
0.2025
0.20125
0.199375
0.1975
0.1975
0.1975
0.195
0.19
0.19375
0.191875
0.195625
0.191875
0.19125
0.189375
0.188125
0.1875
0.18625
0.185664
0.184375
0.183789
0.182539
0.1825
0.180664
0.180039
0.179414
0.178789
0.178164
0.178789
0.176914
0.175664
0.175664
0.171289
0.175664
0.172539
0.174414
0.174414
0.175039
0.174414
0.173164
0.173164
0.169414
0.171289
0.169414
0.166914
0.1675
0.166914
0.16875
0.168164
0.168125
0.1675
0.17
0.1675
0.1675
0.176875
0.178125
0.18125
0.181875
0.181875
0.18125
0.18125
0.180625
0.1825
0.18
0.1825
0.18125
0.180625
0.175
0.176875
0.175625
0.17625
0.1775
0.178125
0.179375
0.18
0.180625
0.17625
0.178125
0.175625
0.175
0.175
0.174375
0.175
0.17375
0.17375
0.17375
0.1725
0.174375
0.17375
0.173789
0.168789
0.170664
0.170039
0.169414
0.169414
0.170039
0.170664
0.167539
0.164414
0.167539
0.165664
0.169414
0.166914
0.167539
0.167539
0.167539
0.164414
0.166914
0.163164
0.155664
0.161914
0.162539
0.170625
0.170664
0.175039
0.178164
0.185625
0.19125
0.1925
0.19125
0.19625
0.196875
0.200625
0.201875
0.2
0.200625
0.200625
0.20125
0.200625
0.199375
0.200625
0.194375
0.196875
0.19375
0.1925
0.1925
0.190625
0.19
0.186875
0.18625
0.18625
0.18625
0.18375
0.186875
0.1825
0.183125
0.1825
0.18
0.17875
0.1775
0.1775
0.17875
0.178164
0.175664
0.1725
0.175039
0.173789
0.170039
0.173789
0.173789
0.173789
0.172539
0.171289
0.171289
0.168789
0.168164
0.166914
0.167539
0.166289
0.167539
0.167539
0.167539
0.166289
0.165664
0.164414
0.164414
0.165039
0.161914
0.161914
0.163164
0.160664
0.161914
0.161875
0.160625
0.160625
0.160625
0.160625
0.163125
0.17
0.173125
0.175
0.174375
0.173125
0.17375
0.175
0.174375
0.1725
0.17625
0.174375
0.1725
0.168125
0.168125
0.171875
0.16875
0.1675
0.165625
0.165625
0.1675
0.169375
0.165625
0.166875
0.16625
0.164375
0.164375
0.16625
0.165
0.1625
0.161875
0.1625
0.16125
0.160625
0.161289
0.158125
0.160664
0.157539
0.160664
0.160039
0.158789
0.160039
0.160039
0.159414
0.160664
0.158789
0.160664
0.162539
0.164414
0.161289
0.160664
0.160664
0.160664
0.159414
0.158789
0.158789
0.156289
0.160664
0.155625
0.154375
0.153125
0.154375
0.154375
0.15375
0.153125
0.153125
0.155625
0.1575
0.161875
0.168125
0.165
0.17125
0.16625
0.165625
0.16625
0.165625
0.165625
0.165625
0.165625
0.165625
0.16375
0.161875
0.161875
0.16
0.156875
0.1575
0.156875
0.158125
0.1575
0.15875
0.153125
0.155625
0.153125
0.154375
0.155625
0.155625
0.154375
0.15375
0.15375
0.153125
0.15375
0.148789
0.1525
0.150625
0.151914
0.146289
0.149414
0.147539
0.146914
0.148789
0.148789
0.148789
0.145039
0.151289
0.146289
0.145664
0.141914
0.147539
0.148164
0.146914
0.145039
0.145039
0.145039
0.143789
0.145
0.143164
0.141289
0.139375
0.140625
0.140625
0.141875
0.140625
0.14125
0.14375
0.149375
0.154375
0.154375
0.15625
0.155
0.155625
0.1575
0.1575
0.15625
0.15625
0.15625
0.156875
0.153125
0.151875
0.151875
0.148125
0.1475
0.148125
0.146875
0.146875
0.14625
0.145625
0.1475
0.144375
0.1475
0.14375
0.144375
0.143125
0.141875
0.140625
0.139375
0.14
0.13875
0.14
0.136875
0.138125
0.137539
0.135039
0.135039
0.135039
0.135664
0.133789
0.134414
0.133789
0.131289
0.132539
0.131914
0.131289
0.134414
0.131289
0.132539
0.133164
0.133789
0.132539
0.131914
0.130664
0.131914
0.128789
0.128125
0.13125
0.125625
0.128125
0.12875
0.129375
0.1275
0.1275
0.134375
0.1375
0.141875
0.14375
0.143125
0.140625
0.1425
0.1425
0.14375
0.1425
0.1425
0.140625
0.143125
0.139375
0.13125
0.136875
0.138125
0.138125
0.134375
0.133125
0.1325
0.13375
0.133125
0.1325
0.1325
0.1325
0.131875
0.130625
0.131875
0.130625
0.129375
0.13125
0.130625
0.13
0.129375
0.129375
0.124414
0.1275
0.123164
0.124414
0.127539
0.126289
0.125664
0.125039
0.124414
0.123789
0.125039
0.120664
0.120664
0.121289
0.123164
0.123789
0.123789
0.123164
0.121289
0.120664
0.121914
0.121914
0.120039
0.121875
0.11875
0.119375
0.119414
0.119375
0.11875
0.12
0.12125
0.125
0.130625
0.13375
0.135625
0.13375
0.135
0.133125
0.134375
0.13375
0.1325
0.131875
0.131875
0.13125
0.129375
0.13125
0.128125
0.125
0.12625
0.125625
0.12375
0.12375
0.124375
0.124375
0.124375
0.124375
0.123125
0.12125
0.12125
0.116875
0.120625
0.12
0.12
0.12
0.118125
0.11625
0.118125
0.115664
0.114414
0.114414
0.116289
0.120039
0.115039
0.113789
0.114414
0.113164
0.111914
0.115039
0.113164
0.114414
0.112539
0.111914
0.115664
0.113789
0.113164
0.111289
0.111914
0.113164
0.110664
0.110625
0.111914
0.111289
0.110625
0.10875
0.111289
0.111875
0.11125
0.115
0.119375
0.124375
0.128125
0.1275
0.125625
0.125
0.126875
0.12625
0.129375
0.1275
0.1275
0.1275
0.1275
0.126875
0.123125
0.12625
0.1225
0.120625
0.118125
0.11875
0.11875
0.11875
0.11875
0.118125
0.12
0.116875
0.110625
0.1175
0.1175
0.1125
0.1125
0.11375
0.114375
0.115625
0.11375
0.114375
0.11375
0.11375
0.112539
0.112539
0.113164
0.111289
0.111914
0.112539
0.109414
0.110039
0.109414
0.110664
0.105664
0.111289
0.107539
0.110664
0.111914
0.110664
0.111289
0.110664
0.109414
0.108789
0.11
0.105664
0.107539
0.110625
0.107539
0.106875
0.108164
0.1075
0.114375
0.116875
0.1225
0.12625
0.123125
0.125
0.1225
0.123125
0.126875
0.12375
0.124375
0.123125
0.12375
0.124375
0.124375
0.121875
0.120625
0.119375
0.119375
0.115
0.115625
0.11875
0.1175
0.1175
0.116875
0.115625
