0.11625
0.119375
0.12
0.1175
0.115
0.118789
0.119414
0.120039
0.121289
0.120039
0.120664
0.118789
0.120039
0.117539
0.116914
0.117539
0.117539
0.117539
0.117539
0.116289
0.116289
0.116914
0.115664
0.111289
0.114414
0.110664
0.111914
0.112539
0.111289
0.111914
0.111914
0.112539
0.112539
0.113789
0.110664
0.110664
0.110664
0.112539
0.110664
0.110664
0.110664
0.111289
0.111914
0.111914
0.113164
0.111289
0.120039
0.110664
0.111289
0.114414
0.110664
0.110664
0.108789
0.108789
0.108789
0.110625
0.108164
0.109375
0.106875
0.110039
0.108789
0.110039
0.108164
0.108125
0.115
0.11625
0.119375
0.11875
0.121914
0.12
0.121875
0.121289
0.121914
0.122539
0.121289
0.121914
0.120664
0.120039
0.120664
0.119414
0.119414
0.120664
0.114414
0.118164
0.115039
0.115664
0.115039
0.115039
0.113164
0.115039
0.113164
0.111289
0.112539
0.113164
0.113164
0.111289
0.111289
0.112539
0.111289
0.111289
0.114414
0.112539
0.114414
0.110664
0.109414
0.106289
0.107539
0.108789
0.107539
0.108164
0.107539
0.107539
0.106914
0.108789
0.108789
0.106914
0.107539
0.108164
0.106914
0.107539
0.105664
0.106289
0.106289
0.1075
0.10125
0.107539
0.11
0.106914
0.11
0.108125
0.109375
0.113125
0.1175
0.121914
0.121914
0.120625
0.121875
0.124375
0.122539
0.124375
0.123789
0.123789
0.123164
0.123164
0.122539
0.123164
0.121289
0.113789
0.120039
0.120039
0.118789
0.119414
0.120664
0.118164
0.118789
0.117539
0.118789
0.117539
0.117539
0.116914
0.115664
0.115664
0.113789
0.114414
0.114414
0.114414
0.115039
0.115664
0.115664
0.113164
0.113789
0.108789
0.112539
0.110039
0.111914
0.112539
0.111289
0.111914
0.111914
0.113164
0.109414
0.108164
0.110664
0.108164
0.109414
0.110039
0.110664
0.109414
0.110664
0.108789
0.11125
0.110039
0.106875
0.11125
0.11375
0.110664
0.111289
0.11375
0.116875
0.12375
0.12375
0.124375
0.1225
0.125625
0.125039
0.126289
0.123164
0.123789
0.123789
0.123164
0.122539
0.121914
0.121914
0.121289
0.122539
0.120039
0.121914
0.121289
0.123789
0.124414
0.124414
0.123789
0.123789
0.122539
0.121289
0.122539
0.120664
0.119414
0.118789
0.116914
0.118789
0.118789
0.118789
0.118789
0.119414
0.121289
0.118164
0.112539
0.116914
0.116289
0.117539
0.116289
0.115039
0.115039
0.115039
0.113164
0.116914
0.114414
0.109414
0.111914
0.113164
0.110039
0.111914
0.113164
0.112539
0.112539
0.111914
0.112539
0.111914
0.1125
0.111289
0.111875
0.113125
0.11125
0.116875
0.119375
0.12375
0.12375
0.125
0.12625
0.1225
0.125625
0.124414
0.125664
0.125664
0.126289
0.126914
0.126289
0.125039
0.124414
0.125039
0.121914
0.126289
0.121289
0.122539
0.117539
0.120039
0.119414
0.119414
0.118789
0.120039
0.118164
0.118789
0.116289
0.119414
0.120664
0.121289
0.124414
0.125039
0.125664
0.127539
0.133789
0.140039
0.139414
0.145664
0.151914
0.154414
0.153789
0.155039
0.158164
0.160039
0.162539
0.168164
0.172539
0.173789
0.183164
0.195039
0.198164
0.201914
0.205039
0.210039
0.221914
0.233789
0.235039
0.2425
0.258125
0.266875
0.27375
0.2675
0.27375
0.275625
0.28125
0.280039
0.279375
0.27625
0.271914
0.272539
0.27
0.267539
0.261914
0.261914
0.263789
0.261914
0.263789
0.266289
0.264414
0.266914
0.271914
0.271289
0.270039
0.267539
0.265039
0.264414
0.271914
0.276914
0.276914
0.283789
0.286289
0.285039
0.282539
0.280664
0.278164
0.282539
0.276914
0.276289
0.276289
0.280039
0.282539
0.282539
0.281914
0.279414
0.278789
0.282539
0.280664
0.281289
0.280664
0.280664
0.291289
0.299414
0.299414
0.306289
0.311289
0.311289
0.315664
0.314414
0.313789
0.309414
0.310039
0.318789
0.335039
0.343789
0.3475
0.365
0.375625
0.38125
0.379414
0.37625
0.388164
0.39125
0.39
0.388164
0.385039
0.383789
0.38625
0.385
0.385039
0.383789
0.385039
0.384414
0.381914
0.379414
0.376914
0.375664
0.377539
0.380039
0.380664
0.380664
0.391289
0.388789
0.390039
0.391914
0.389414
0.388789
0.389414
0.391289
0.390039
0.390664
0.385039
0.386289
0.383789
0.384414
0.388164
0.386289
0.388789
0.388789
0.390664
0.391289
0.393789
0.395039
0.392539
0.393164
0.396914
0.405664
0.406289
0.425039
0.440039
0.445039
0.445039
0.449414
0.453164
0.456289
0.458789
0.460664
0.461289
0.460039
0.463164
0.466289
0.473164
0.476289
0.478125
0.485
0.488125
0.485664
0.489375
0.490664
0.498164
0.503789
0.502539
0.505039
0.510039
0.514414
0.516875
0.513164
0.515039
0.514414
0.516914
0.521914
0.523789
0.523789
0.527539
0.533164
0.535664
0.538789
0.535664
0.539414
0.538789
0.546289
0.558164
0.559414
0.561289
0.571914
0.583164
0.584414
0.586289
0.585039
0.584414
0.585039
0.583789
0.585664
0.594414
0.601914
0.600664
0.603789
0.606289
0.605664
0.604414
0.602539
0.598164
0.599414
0.595664
0.596914
0.595664
0.595039
0.595039
0.597539
0.597539
0.598789
0.598164
0.598164
0.606914
0.613789
0.612539
0.615664
0.620664
0.621289
0.621914
0.623789
0.627539
0.629414
0.6275
0.631289
0.636289
0.635664
0.636289
0.635664
0.636289
0.637539
0.636289
0.639414
0.638789
0.636289
0.646289
0.646914
0.656289
0.655039
0.658164
0.659414
0.658789
0.658164
0.658789
0.660039
0.661289
0.658789
0.659414
0.665039
0.677539
0.687539
0.696914
0.716914
0.722539
0.723164
0.722539
0.722539
0.729414
0.727539
0.735039
0.745664
0.748164
0.747539
0.749414
0.750039
0.746914
0.745664
0.740664
0.746289
0.748164
0.749414
0.746289
0.747539
0.758164
0.765039
0.774414
0.791914
0.801289
0.797539
0.815664
0.818789
0.816289
0.830039
0.830039
0.829414
0.828789
0.828789
0.825039
0.821914
0.818164
0.816914
0.815039
0.813164
0.808164
0.808164
0.804414
0.800664
0.797539
0.795664
0.794414
0.791289
0.788789
0.785039
0.781914
0.778789
0.775039
0.771914
0.769414
0.769414
0.772539
0.775664
0.775664
0.776289
0.784414
0.791914
0.791289
0.794414
0.790664
0.790664
0.790664
0.791914
0.795664
0.801914
0.798164
0.804414
0.806289
0.809414
0.802539
0.808789
0.813789
0.814414
0.814414
0.815664
0.814414
0.810039
0.810039
0.805039
0.802539
0.801914
0.805664
0.807539
0.803789
0.802539
0.802539
0.803789
0.802539
0.805664
0.811914
0.814414
0.810664
0.810039
0.813164
0.815039
0.815664
0.820664
0.822539
0.825039
0.831875
0.834375
0.838125
0.839414
0.837539
0.838164
0.839414
0.838789
0.835664
0.834414
0.831914
0.828164
0.833789
0.836289
0.836289
0.834414
0.836914
0.837539
0.836914
0.833164
0.833164
0.833789
0.828164
0.821914
0.823789
0.821289
0.817539
0.815039
0.811289
0.810039
0.806289
0.803789
0.807539
0.809414
0.810664
0.815664
0.819414
0.817539
0.814414
0.813789
0.816914
0.823789
0.822539
0.825664
0.830039
0.826289
0.828789
0.821914
0.821914
0.821289
0.819414
0.815664
0.813789
0.810664
0.807539
0.806289
0.799414
0.796289
0.795664
0.791289
0.788164
0.787539
0.785664
0.782539
0.781289
0.779414
0.778789
0.775664
0.778789
0.779414
0.783789
0.787539
0.79
0.799375
0.802539
0.803164
0.804414
0.808789
0.807539
0.805664
0.806289
0.803164
0.799414
0.801289
0.798789
0.795664
0.791289
0.789414
0.786289
0.783789
0.782539
0.776914
0.776914
0.771914
0.767539
0.767539
0.766914
0.765039
0.766289
0.763789
0.761289
0.758164
0.754414
0.755039
0.752539
0.755664
0.761289
0.766289
0.768789
0.775039
0.778789
0.781914
0.777539
0.771914
0.770664
0.769414
0.768789
0.766914
0.763789
0.760664
0.758164
0.754414
0.756914
0.751914
0.747539
0.752539
0.756289
0.757539
0.758789
0.771289
0.780664
0.779414
0.778789
0.776875
0.776289
0.775039
0.774414
0.772539
0.770664
0.773164
0.771289
0.76625
0.763789
0.760039
0.75875
0.756289
0.752539
0.749414
0.745664
0.746289
0.746289
0.741289
0.737539
0.733789
0.730664
0.728789
0.726289
0.720039
0.718789
0.715664
0.710039
0.712539
0.705039
0.703164
0.698789
0.695664
0.691914
0.691289
0.685039
0.678164
0.680039
0.678164
0.681914
0.674414
0.671914
0.671914
0.668789
0.666289
0.666914
0.669414
0.673789
0.673789
0.676289
0.685039
0.691289
0.691914
0.688789
0.685664
0.683789
0.683164
0.680664
0.676914
0.680039
0.674414
0.676289
0.673164
0.670039
0.667539
0.665664
0.6625
0.66
0.6675
0.66375
0.669375
0.67
0.670625
0.6725
0.669375
0.670039
0.671914
0.670664
0.668789
0.666289
0.663164
0.668789
0.660664
0.657539
0.646289
0.646289
0.643789
0.643164
0.640664
0.639414
0.638789
0.635039
0.636289
0.637539
0.637539
0.643789
0.648164
0.646289
0.642539
0.640664
0.638164
0.635039
0.633164
0.633164
0.628164
0.628164
0.623789
0.620664
0.618789
0.615039
0.612539
0.608789
0.606289
0.608164
0.613164
0.613164
0.613789
0.617539
0.619414
0.616914
0.616289
0.613789
0.613789
0.613164
0.615039
0.614414
0.613164
0.613789
0.611914
0.611289
0.613789
0.613164
0.611914
0.615039
0.614375
0.617539
0.6175
0.609375
0.613789
0.615039
0.611914
0.613789
0.615039
0.614414
0.612539
0.608789
0.606289
0.605664
0.605039
0.603164
0.601289
0.603164
0.606289
0.605664
0.609414
0.613164
0.611289
0.613789
0.613789
0.611914
0.617539
0.617539
0.622539
0.619414
0.623164
0.622539
0.618789
0.613789
0.611289
0.609414
0.607539
0.606289
0.601914
0.598789
0.594414
0.595664
0.588789
0.584414
0.580039
0.576289
0.574414
0.568164
0.559414
0.561914
0.559414
0.561289
0.554414
0.556914
0.561289
0.560664
0.565039
0.569414
0.569414
0.566914
0.564414
0.560664
0.558789
0.556289
0.555664
0.554414
0.554414
0.556914
0.560039
0.563789
0.561875
0.56375
0.561289
0.556914
0.555039
0.551914
0.551289
0.549414
0.548164
0.545664
0.543789
0.536914
0.533789
0.537539
0.533164
0.530664
0.531914
0.531289
0.532539
0.533789
0.535039
0.532539
0.529414
0.531914
0.525039
0.523164
0.520664
0.519414
0.517539
0.515039
0.513164
0.510664
0.510664
0.507539
0.504414
0.504414
0.501914
0.501289
0.502539
0.501289
0.500039
0.498164
0.496914
0.495664
0.496914
0.498164
0.493164
0.495664
0.492539
0.491289
0.490664
0.489414
0.488789
0.487539
0.487539
0.487539
0.488164
0.483789
0.484414
0.481289
0.48125
0.481875
0.480039
0.479414
0.485039
0.486289
0.49125
0.488164
0.489414
0.486289
0.484414
0.483125
0.483164
0.482539
0.481289
0.480664
0.478164
0.478164
0.474414
0.473164
0.471914
0.469414
0.466914
0.466914
0.466289
0.470039
0.473164
0.471914
0.471914
0.471289
0.480664
0.486289
0.488789
0.488789
0.491914
0.491289
0.489414
0.486914
0.485664
0.485664
0.486914
0.482539
0.483789
0.483789
0.482539
0.483789
0.481289
0.477539
0.480039
0.485664
0.485664
0.490664
0.491914
0.497539
0.491914
0.491289
0.486914
0.486914
0.485039
0.481914
0.481289
0.480664
0.479414
0.475039
0.479414
0.469414
0.466289
0.471289
0.464414
0.461289
0.461289
0.46625
0.466914
0.470039
0.468164
0.466875
0.465664
0.467539
0.468125
0.470625
0.473125
0.475664
0.476914
0.475664
0.473164
0.472539
0.468789
0.470664
0.468789
0.463789
0.462539
0.460664
0.460039
0.459414
0.458164
0.456914
0.458164
0.452539
0.450664
0.454414
0.463164
0.461914
0.470039
0.479414
0.480664
0.479414
0.476914
0.476914
0.475039
0.483789
0.475664
0.475039
0.471914
0.471914
0.470664
0.468164
0.465039
0.464414
0.464414
0.460664
0.459414
0.456289
0.450664
0.449414
0.448789
0.445664
0.443164
0.441914
0.439414
0.436289
0.435664
0.436914
0.433164
0.433164
0.431875
0.4325
0.43
0.430664
0.433789
0.436875
0.438125
0.436289
0.435
0.43125
0.42875
0.428164
0.426875
0.423789
0.421289
0.420039
0.419414
0.417539
0.417539
0.414414
0.408789
0.410039
0.409414
0.403789
0.406289
0.405039
0.402539
0.401914
0.398164
0.400039
0.396289
0.395039
0.393164
0.392539
0.390664
0.388164
0.386289
0.385039
0.383164
0.383164
0.382539
0.380039
0.381289
0.378789
0.376914
0.377539
0.375664
0.374414
0.372539
0.370664
0.368164
0.366914
0.366289
0.360039
0.363164
0.361289
0.360664
0.363164
0.361914
0.362539
0.360664
0.361289
0.365664
0.370664
0.368164
0.373164
0.385039
0.386914
0.381289
0.382539
0.390039
0.391289
0.391289
0.390039
0.392539
0.391875
0.39625
0.398164
0.401289
0.399414
0.401289
0.405664
0.411914
0.414414
0.411914
0.410664
0.411914
0.411289
0.409414
0.407539
0.406914
0.405664
0.402539
0.400039
0.396914
0.395039
0.392539
0.390039
0.386914
0.385664
0.381914
0.382539
0.379414
0.376289
0.373164
0.372539
0.371289
0.370664
0.371289
0.366914
0.363789
0.364414
0.361289
0.362539
0.360039
0.359414
0.358789
0.355039
0.353164
0.354414
0.350664
0.350664
0.348789
0.346914
0.343164
0.345039
0.344414
0.342539
0.340664
0.340039
0.338789
0.335664
0.331914
0.333164
0.333164
0.329414
0.331289
0.3375
0.341914
0.345625
0.345039
0.3425
0.3425
0.3425
0.3375
0.33875
0.338125
0.337539
0.340039
0.345664
0.345664
0.343789
0.345664
0.351914
0.359414
0.361914
0.355664
0.360039
0.360039
0.358789
0.362539
0.370039
0.378164
0.377539
0.385664
0.392539
0.393789
0.395664
0.397539
0.406914
0.406289
0.404414
0.405664
0.407539
0.403789
0.405039
0.402539
0.400664
0.401914
0.402539
0.403164
0.393789
0.391289
0.388164
0.385664
0.383789
0.381914
0.378789
0.377539
0.373789
0.371289
0.371914
0.369414
0.368789
0.367539
0.367539
0.365039
0.363164
0.363789
0.354414
0.357539
0.355
0.355039
0.355039
0.358164
0.36
0.359375
0.359375
0.3575
0.356875
0.35125
0.34875
0.351875
0.3475
0.34875
0.347539
0.346289
0.345039
0.344414
0.343789
0.342539
0.339414
0.336289
0.336289
0.334414
0.332539
0.333164
0.333164
0.333164
0.332539
0.333789
0.335664
0.333789
0.332539
0.331289
0.331289
0.331289
0.331289
0.330664
0.331289
0.332539
0.331289
0.331289
0.330664
0.334414
0.340039
0.340664
0.345039
0.345664
0.348164
0.346289
0.344414
0.343789
0.342539
0.342539
0.340664
0.341914
0.338164
0.336914
0.340039
0.337539
0.337539
0.336289
0.335039
0.332539
0.333164
0.330664
0.330664
0.328789
0.325664
0.332539
0.33875
0.3425
0.343125
0.34375
0.355
0.36125
0.364375
0.376875
0.381875
0.385039
0.386289
0.385039
0.387539
0.386914
0.388164
0.395039
0.400039
0.401289
0.406289
0.407539
0.411289
0.408164
0.407539
0.405039
0.403789
0.402539
0.401289
0.400039
0.399414
0.396914
0.396914
0.396914
0.393789
0.389414
0.385664
0.381914
0.381289
0.380039
0.379414
0.377539
0.375039
0.371914
0.373164
0.370039
0.369414
0.370664
0.368789
0.366289
0.365039
0.362539
0.362539
0.359414
0.351914
0.356914
0.358164
0.357539
0.353789
0.351914
0.352539
0.350664
0.348789
0.350039
0.348164
0.3475
0.344414
0.345
0.351289
0.355
0.359414
0.360625
0.358125
0.358125
0.356875
0.35625
0.348164
0.353164
0.350625
0.351875
0.351289
0.351289
0.351914
0.353789
0.352539
0.353164
0.354414
0.348789
0.351914
0.348164
0.348164
0.347539
0.345039
0.344414
0.348164
0.353789
0.355039
0.358789
0.360039
0.361914
0.363164
0.361289
0.361289
0.362539
0.368789
0.376289
0.379414
0.378789
0.382539
0.390039
0.397539
0.401289
0.399414
0.399414
0.405664
0.414414
0.423164
0.424414
0.434414
0.443789
0.446914
0.446289
0.442539
0.444414
0.447539
0.451289
0.459414
0.459414
0.466914
0.473789
0.470039
0.470664
0.471914
0.468789
0.470625
0.471289
0.475625
0.47375
0.472539
0.473164
0.470625
0.471289
0.474414
0.470664
0.469414
0.466914
0.470664
0.473789
0.471289
0.468164
0.465039
0.462539
0.460039
0.458164
0.452539
0.451289
0.447539
0.445664
0.441914
0.441289
0.439414
0.435039
0.433789
0.430664
0.428164
0.426289
0.424414
0.419414
0.420664
0.415039
0.413789
0.411289
0.411289
0.410664
0.411289
0.410039
0.410664
0.408789
0.410039
0.408789
0.408164
0.403164
0.401289
0.399414
0.397539
0.396914
0.396289
0.395664
0.393789
0.398164
0.393789
0.392539
0.391914
0.391289
0.390664
0.388164
0.390664
0.388789
0.389414
0.386914
0.394414
0.391914
0.388164
0.401289
0.399414
0.398164
0.396289
0.39625
0.394414
0.395625
0.393125
0.393789
0.391289
0.390664
0.391289
0.391914
0.393789
0.398164
0.400039
0.402539
0.405039
0.407539
0.404414
0.408789
0.405039
0.406914
0.409414
0.410039
0.409414
0.410039
0.408789
0.408164
0.408164
0.402539
0.404414
0.403789
0.403164
0.395664
0.399414
0.398789
0.398164
0.398789
0.399414
0.400039
0.396289
0.403164
0.395039
0.393789
0.388789
0.393164
0.391289
0.390039
0.388789
0.388789
0.390039
0.386289
0.388164
0.386914
0.385039
0.383789
0.386289
0.384414
0.383789
0.383789
0.381914
0.381914
0.38375
0.384375
0.388164
0.393164
0.39625
0.396289
0.3975
0.395664
0.39625
0.39875
0.403789
0.404414
0.40625
0.413125
0.413789
0.415039
0.412539
0.412539
0.412539
0.411289
0.411914
0.409414
0.410664
0.407539
0.406914
0.405664
0.405664
0.409414
0.403164
0.401289
0.400039
0.398789
0.396289
0.396914
0.392539
0.393164
0.390664
0.388164
0.385039
0.383789
0.384414
0.381914
0.380664
0.380039
0.380039
0.380039
0.379414
0.374414
0.373789
0.372539
0.370664
0.368789
0.368164
0.367539
0.366289
0.366914
0.372539
0.373789
0.376289
0.386289
0.389414
0.389414
0.387539
0.386914
0.387539
0.387539
0.386289
0.385664
0.384414
0.38625
0.394414
0.393789
0.390664
0.39
0.390039
0.38875
0.386875
0.383125
0.3825
0.377539
0.368789
0.374375
0.37125
0.373164
0.369414
0.366914
0.366914
0.365039
0.363164
0.363164
0.361289
0.360039
0.358164
0.355664
0.355664
0.351914
0.351914
0.350664
0.347539
0.346289
0.344414
0.343164
0.336914
0.338789
0.332539
0.333164
0.331289
0.332539
0.330664
0.328789
0.328164
0.326289
0.327539
0.321914
0.319414
0.320039
0.316914
0.317539
0.315664
0.313789
0.311914
0.311914
0.310039
0.311289
0.308164
0.309414
0.305664
0.303789
0.300039
0.301914
0.301289
0.298164
0.296914
0.296289
0.296914
0.3
0.303164
0.303125
0.306289
0.305625
0.305664
0.308164
0.309414
0.308125
0.30625
0.30375
0.303125
0.30625
0.300625
0.301875
0.30125
0.299414
0.299414
0.298164
0.295664
0.295039
0.292539
0.291914
0.288164
0.286289
0.285039
0.281914
0.280664
0.279414
0.278164
0.277539
0.275664
0.273789
0.274414
0.271289
0.267539
0.267539
0.266289
0.269414
0.263164
0.262539
0.261289
0.260039
0.258789
0.260664
0.256914
0.257539
0.253164
0.253164
0.250039
0.248164
0.248789
0.246289
0.245664
0.245039
0.243789
0.243164
0.242539
0.240664
0.238789
0.238789
0.236914
0.235664
0.234414
0.233164
0.232539
0.230664
0.23875
0.238789
0.244414
0.24625
0.24375
0.245039
0.245
0.243125
0.241875
0.241875
0.240625
0.240625
0.239375
0.243125
0.240625
0.239414
0.234414
0.234414
0.234414
0.232539
0.230664
0.228789
0.228789
0.225039
0.218164
0.222539
0.222539
0.218789
0.218789
0.216914
0.216289
0.215664
0.213789
0.213164
0.211289
0.211289
0.209414
0.208164
0.207539
0.206289
0.205664
0.205039
0.204414
0.204414
0.204414
0.203164
0.198164
0.203164
0.206289
0.210664
0.213164
0.221289
0.224414
0.226289
0.224414
0.222539
0.225039
0.221289
0.223789
0.222539
0.218164
0.221289
0.218789
0.216914
0.215664
0.213789
0.215
0.220039
0.221875
0.220625
0.219375
0.23
0.225625
0.2325
0.236875
0.24
0.235625
0.23625
0.2375
0.234375
0.234414
0.233789
0.230664
0.228164
0.228164
0.225664
0.225039
0.224414
0.222539
0.220664
0.219414
0.219414
0.215039
0.216289
0.211914
0.210664
0.209414
0.206914
0.205664
0.204414
0.203789
0.203789
0.201289
0.199414
0.198164
0.196914
0.196289
0.195664
0.200664
0.203789
0.204414
0.207539
0.210039
0.207539
0.202539
0.209414
0.210664
0.213789
0.212539
0.210664
0.210664
0.211289
0.210039
0.213789
0.211914
0.205039
0.211289
0.210664
0.210039
0.208789
0.206289
0.205664
0.205039
0.210625
0.213789
0.219375
0.22375
0.221875
0.221875
0.221875
0.219375
0.219375
0.218125
0.215625
0.215625
0.2125
0.2125
0.208164
0.209375
0.210039
0.208789
0.207539
0.206289
0.205664
0.204414
0.202539
0.202539
0.202539
0.200039
0.202539
0.200039
0.197539
0.193164
0.198164
0.197539
0.196914
0.198789
0.200039
0.201914
0.201289
0.196289
0.199414
0.200039
0.198789
0.201289
0.200039
0.201289
0.200664
0.200664
0.200039
0.198789
0.197539
0.195664
0.196289
0.196289
0.195664
0.195039
0.195039
0.193789
0.194414
0.193164
0.194414
0.193789
0.192539
0.195039
0.191289
0.192539
0.191289
0.192539
0.192539
0.19875
0.204375
0.20875
0.205039
0.209375
0.209375
0.20875
0.20875
0.208125
0.2075
0.20625
0.206289
0.204414
0.208125
0.205039
0.212539
0.203789
0.205039
0.199414
0.205039
0.203789
0.203789
0.202539
0.202539
0.203789
0.201914
0.201289
0.201289
0.199414
0.200039
0.200664
0.200664
0.199414
0.199414
0.199414
0.200039
0.200664
0.200664
0.196914
0.200664
0.197539
0.197539
0.198789
0.198789
0.199414
0.199414
0.198164
0.198789
0.198164
0.198789
0.197539
0.198164
0.195039
0.195664
0.195664
0.195664
0.195039
0.196289
0.196289
0.196914
0.201289
0.196914
0.195664
0.199414
0.200039
0.199414
0.201914
0.20625
0.21
0.215
0.213125
0.2075
0.214375
0.215039
0.22125
0.214414
0.213125
0.211875
0.210664
0.21
0.210625
0.210625
0.210039
0.209414
0.206914
0.206914
0.208164
0.206289
0.206289
0.205039
0.203789
0.203164
0.203789
0.198164
0.200664
0.201289
0.199414
0.201289
0.200039
0.198164
0.197539
0.197539
0.197539
0.197539
0.192539
0.196289
0.193164
0.193789
0.192539
0.193164
0.193164
0.194414
0.195039
0.195664
0.195664
0.191914
0.193789
0.190664
0.191289
0.190039
0.190039
0.190039
0.190664
0.189414
0.190039
0.190039
0.188789
0.189414
0.186914
0.187539
0.185039
0.185664
0.184414
0.188789
0.1925
0.1975
0.19875
0.198789
0.198789
0.199414
0.198789
0.1975
0.196875
0.194375
0.19375
0.1925
0.190664
0.191289
0.191914
0.186875
0.186289
0.187539
0.190664
0.188164
0.186289
0.186914
0.185664
0.183164
0.181914
0.183164
0.179414
0.186289
0.178164
0.179414
0.177539
0.175664
0.176289
0.175039
0.174414
0.173789
0.175039
0.171914
0.170039
0.171914
0.168789
0.168789
0.170664
0.170664
0.169414
0.170039
0.168789
0.166914
0.166914
0.166289
0.163164
0.165664
0.161914
0.163789
0.163789
0.163164
0.163789
0.163789
0.162539
0.162539
0.161914
0.160039
0.163164
0.162539
0.161914
0.160664
0.167539
0.170039
0.174375
0.17375
0.175664
0.176875
0.180625
0.175625
0.175039
0.16875
0.169414
0.168789
0.168164
0.168125
0.165664
0.168164
0.165039
0.160664
0.162539
0.163164
0.158164
0.160664
0.158789
0.158164
0.156289
0.156289
0.155039
0.155664
0.155039
0.152539
0.151914
0.151289
0.149414
0.150039
0.150039
0.148789
0.147539
0.146289
0.145664
0.138789
0.141914
0.141289
0.140664
0.143789
0.142539
0.143789
0.142539
0.141914
0.140039
0.140664
0.136289
0.136914
0.137539
0.138164
0.136914
0.137539
0.135664
0.135039
0.136914
0.136914
0.136289
0.134414
0.135664
0.131914
0.134414
0.125664
0.132539
0.138164
0.14375
0.14625
0.146289
0.1475
0.148125
0.147539
0.14625
0.144375
0.14375
0.144375
0.142539
0.141914
0.14125
0.140625
0.140664
0.140625
0.140625
0.140039
0.139414
0.137539
0.136914
0.135039
0.133789
0.133789
0.133789
0.132539
0.134414
0.130664
0.128164
0.129414
0.126914
0.130664
0.128164
0.128789
0.128789
0.127539
0.126289
0.127539
0.125039
0.128789
0.123789
0.125664
0.123164
0.125039
0.125039
0.124414
0.123164
0.121289
0.123164
0.119414
0.121289
0.119414
0.116914
0.114414
0.117539
0.118164
0.116289
0.116914
0.115664
0.115664
0.116289
0.115664
0.113789
0.112539
0.11375
0.118789
0.1225
0.126875
0.127539
0.128125
0.128125
0.130664
0.131289
0.128125
0.12625
0.12625
0.1275
0.125625
0.12375
0.123125
0.123125
0.123125
0.124414
0.121914
0.119414
0.122539
0.120039
0.119414
0.120039
0.119414
0.118789
0.118789
0.116289
0.118789
0.116289
0.113789
0.115664
0.116289
0.113789
0.113789
0.114414
0.113164
0.113164
0.112539
0.111914
0.110664
0.112539
0.111289
0.110664
0.111914
0.111289
0.112539
0.113164
0.111289
0.110039
0.110039
0.110664
0.103789
0.109414
0.105664
0.106289
0.109414
0.109414
0.107539
0.109414
0.107539
0.107539
0.109414
0.105039
0.106289
0.103164
0.106289
0.113789
0.1175
0.121914
0.122539
0.123125
0.126289
0.12625
0.123125
0.130625
0.12375
0.123125
0.118125
0.119375
0.116914
0.118125
0.1175
0.1175
0.118164
0.116875
0.115664
0.115
0.113164
0.114414
0.115039
0.113164
0.113789
0.113164
0.112539
0.112539
0.112539
0.113789
0.112539
0.112539
0.111914
0.108789
0.110039
0.110039
0.108789
0.108789
0.108164
0.108789
0.106914
0.106914
0.106289
0.104414
0.107539
0.108789
0.109414
0.109414
0.106914
0.105664
0.108789
0.106289
0.100664
0.105039
0.105664
0.108164
0.107539
0.106289
0.106914
0.107539
0.106914
0.110664
0.108789
0.100039
0.106914
0.108164
0.111875
0.118789
0.1225
0.1225
0.12375
0.125039
0.125625
0.125
0.124375
0.121875
0.1225
0.120625
0.11875
0.118125
0.118125
0.11875
0.117539
0.118789
0.12
0.120039
0.119414
0.118164
0.120039
0.116914
0.115664
0.113789
0.114414
0.115039
0.115664
0.115039
0.112539
0.111914
0.113164
0.110039
0.115039
0.111914
0.111914
0.111289
0.110664
0.110664
0.111289
0.108789
0.103164
0.109414
0.111289
0.116914
0.111289
0.110664
0.110039
0.108789
0.108164
0.108164
0.106289
0.106289
0.105664
0.106289
0.106289
0.106289
0.106289
0.107539
0.106289
0.106914
0.107539
0.106289
0.102539
0.10375
0.109414
0.113164
0.11875
0.120625
0.120625
0.12
0.12125
0.120625
0.121875
0.11625
0.115625
0.119375
0.115039
0.116914
0.115625
0.116289
0.116914
0.116289
0.1175
0.116289
0.113789
0.118789
0.115039
0.113164
0.118789
0.113164
0.112539
0.111289
0.111289
0.111289
0.111914
0.109414
0.108164
0.108164
0.106914
0.108164
0.110039
0.107539
0.106914
0.106289
0.105039
0.104414
0.106289
0.108164
0.105664
0.106914
0.107539
0.107539
0.107539
0.105664
0.105664
0.105039
0.105039
0.105039
0.105039
0.106289
0.104414
0.103164
0.104414
0.105664
0.105039
0.103164
