0.115039
0.114414
0.112539
0.115039
0.111914
0.108789
0.112539
0.113164
0.110039
0.110039
0.110664
0.110664
0.110039
0.110039
0.110039
0.10875
0.110039
0.109375
0.108789
0.11
0.108789
0.109375
0.10875
0.108164
0.1075
0.106914
0.106875
0.100625
0.105625
0.099375
0.101914
0.104414
0.105664
0.105664
0.105
0.106289
0.104414
0.105664
0.101914
0.105664
0.100039
0.111289
0.112539
0.116914
0.119414
0.122539
0.120039
0.121289
0.122539
0.119414
0.128789
0.122539
0.123164
0.125039
0.120039
0.119414
0.118789
0.119414
0.119414
0.121289
0.120039
0.119414
0.120039
0.120039
0.120664
0.123789
0.122539
0.121914
0.121289
0.120039
0.120039
0.120039
0.121289
0.120039
0.119414
0.119414
0.118164
0.117539
0.116914
0.116914
0.115664
0.116289
0.116875
0.11625
0.114375
0.11375
0.11125
0.1175
0.11625
0.1175
0.11625
0.116914
0.115
0.116914
0.114375
0.11
0.114375
0.11625
0.11625
0.1175
0.118789
0.117539
0.118164
0.116914
0.120664
0.118789
0.113789
0.127539
0.136289
0.150664
0.159414
0.165039
0.165039
0.165664
0.166914
0.168164
0.168164
0.168164
0.166914
0.166914
0.165039
0.161289
0.160664
0.160664
0.160039
0.159414
0.158789
0.158789
0.157539
0.157539
0.155664
0.155664
0.151914
0.150664
0.151289
0.150664
0.150039
0.149414
0.150039
0.147539
0.148164
0.147539
0.144414
0.141289
0.144414
0.144414
0.144414
0.143164
0.143125
0.144375
0.141875
0.135
0.139414
0.140625
0.140625
0.14125
0.140039
0.141875
0.1425
0.142539
0.143789
0.142539
0.143125
0.140625
0.1425
0.144414
0.143164
0.1425
0.141914
0.142539
0.141914
0.142539
0.141289
0.138164
0.141289
0.143789
0.150664
0.153164
0.154414
0.153789
0.154414
0.153789
0.153789
0.156289
0.151914
0.151289
0.154414
0.151914
0.153164
0.153164
0.153789
0.153789
0.153164
0.155664
0.163164
0.167539
0.176289
0.178164
0.183164
0.189414
0.185664
0.185664
0.185664
0.185664
0.185664
0.185664
0.186914
0.190039
0.194414
0.194414
0.200039
0.205664
0.206289
0.205039
0.205664
0.206289
0.205664
0.20625
0.208789
0.204414
0.205664
0.203164
0.203164
0.201289
0.199375
0.198125
0.196875
0.195
0.195
0.195625
0.193789
0.191289
0.193125
0.191875
0.190039
0.189414
0.188789
0.187539
0.187539
0.187539
0.185664
0.195039
0.190664
0.191914
0.195039
0.202539
0.209414
0.210664
0.210039
0.210664
0.218789
0.222539
0.226914
0.226914
0.232539
0.231914
0.231289
0.231289
0.231914
0.232539
0.233789
0.233789
0.233789
0.233789
0.230664
0.229414
0.227539
0.227539
0.226289
0.225664
0.225039
0.224414
0.223789
0.223789
0.219414
0.222539
0.222539
0.219414
0.220039
0.218164
0.217539
0.217539
0.216914
0.216914
0.216914
0.216289
0.220039
0.218789
0.220664
0.219375
0.226875
0.228125
0.230625
0.233125
0.238789
0.241875
0.24875
0.26125
0.263164
0.265625
0.266914
0.273164
0.277539
0.282539
0.285039
0.293789
0.298164
0.296289
0.303789
0.302539
0.299414
0.298164
0.298789
0.300664
0.306914
0.316289
0.317539
0.326289
0.339414
0.341914
0.347539
0.356914
0.358789
0.362539
0.368789
0.367539
0.366289
0.366914
0.366914
0.368789
0.363164
0.363164
0.363164
0.361914
0.357539
0.356914
0.355664
0.353789
0.353164
0.351914
0.351914
0.350039
0.354414
0.346289
0.348789
0.357539
0.360664
0.361289
0.370664
0.380664
0.385664
0.388164
0.3925
0.390664
0.39125
0.389375
0.39125
0.393125
0.394375
0.3925
0.39125
0.3925
0.38875
0.389375
0.394375
0.391875
0.396289
0.391914
0.393789
0.393789
0.392539
0.393789
0.398164
0.404414
0.408789
0.411914
0.418164
0.421914
0.422539
0.421289
0.421289
0.420664
0.420039
0.420039
0.418164
0.425664
0.428164
0.424414
0.429414
0.434414
0.436289
0.443164
0.451289
0.451289
0.460039
0.465664
0.471914
0.468164
0.468164
0.466914
0.468164
0.465664
0.473164
0.479414
0.481289
0.481914
0.490039
0.493789
0.491914
0.492539
0.491914
0.491914
0.490039
0.490039
0.492539
0.490039
0.487539
0.485664
0.485039
0.489375
0.493789
0.5075
0.51375
0.519375
0.539375
0.560664
0.569375
0.56875
0.569375
0.576875
0.5875
0.585664
0.58375
0.584414
0.588789
0.588789
0.589414
0.595664
0.596914
0.594414
0.593789
0.601914
0.602539
0.609414
0.605664
0.602539
0.600664
0.597539
0.595664
0.593789
0.590664
0.587539
0.585039
0.581914
0.580039
0.575664
0.572539
0.571914
0.570039
0.570039
0.568164
0.567539
0.565664
0.565039
0.564414
0.560039
0.561289
0.556289
0.558164
0.558164
0.557539
0.556289
0.556289
0.559414
0.567539
0.577539
0.575664
0.584414
0.598789
0.606289
0.608164
0.618164
0.630039
0.630039
0.638789
0.643789
0.645664
0.643789
0.651289
0.648164
0.650039
0.656289
0.653789
0.653125
0.65375
0.652539
0.65
0.649414
0.646914
0.648789
0.645664
0.646914
0.656914
0.656289
0.661289
0.668789
0.668789
0.666914
0.672539
0.672539
0.673164
0.669414
0.670039
0.668789
0.668164
0.666289
0.663789
0.662539
0.662539
0.661914
0.662539
0.666914
0.667539
0.671289
0.678164
0.680664
0.680039
0.679414
0.679414
0.677539
0.677539
0.680039
0.678164
0.672539
0.675664
0.673789
0.674414
0.677539
0.679414
0.681289
0.681914
0.685664
0.692539
0.691289
0.694414
0.693789
0.701914
0.706289
0.705664
0.705664
0.709414
0.706914
0.706914
0.706914
0.706914
0.713789
0.718125
0.71875
0.723125
0.721914
0.720625
0.722539
0.728789
0.729414
0.7375
0.748125
0.744414
0.758789
0.763789
0.770039
0.778164
0.785664
0.784414
0.780664
0.782539
0.784414
0.782539
0.778164
0.776914
0.782539
0.786914
0.786914
0.787539
0.796914
0.800039
0.800664
0.801914
0.800039
0.798789
0.797539
0.795039
0.798164
0.801289
0.795039
0.793164
0.790664
0.787539
0.785039
0.781289
0.777539
0.773164
0.768789
0.766914
0.764414
0.761914
0.759414
0.758789
0.756914
0.757539
0.757539
0.760664
0.760039
0.758789
0.755664
0.756914
0.753789
0.751289
0.748164
0.745664
0.743164
0.741914
0.73875
0.733164
0.731914
0.729414
0.725039
0.726875
0.725039
0.726875
0.734414
0.743164
0.742539
0.755039
0.76875
0.777539
0.783789
0.782539
0.779414
0.782539
0.786289
0.787539
0.787539
0.786289
0.788164
0.785664
0.785039
0.788164
0.789414
0.784414
0.787539
0.787539
0.782539
0.780039
0.778164
0.773789
0.771289
0.768789
0.762539
0.762539
0.762539
0.761914
0.760664
0.758789
0.756289
0.753164
0.750664
0.750039
0.743789
0.741289
0.736914
0.735039
0.730664
0.726289
0.725039
0.722539
0.720039
0.718164
0.716914
0.718164
0.718789
0.721914
0.729414
0.732539
0.736289
0.731914
0.731289
0.731914
0.728789
0.730039
0.726289
0.720664
0.721914
0.720039
0.714414
0.712539
0.71
0.70875
0.711914
0.711914
0.714414
0.715039
0.715039
0.71375
0.716289
0.718164
0.715039
0.711914
0.708789
0.714414
0.713164
0.711289
0.710664
0.704414
0.707539
0.701914
0.701289
0.706289
0.703789
0.705664
0.708164
0.706289
0.710664
0.712539
0.708164
0.713164
0.712539
0.715039
0.709414
0.714414
0.721289
0.720664
0.724414
0.723789
0.721914
0.716289
0.713789
0.715664
0.712539
0.716289
0.708789
0.710039
0.711914
0.715039
0.721289
0.723164
0.730039
0.746914
0.759414
0.761914
0.758789
0.761289
0.762539
0.765039
0.765039
0.761914
0.758164
0.756289
0.754414
0.74875
0.744375
0.743789
0.737539
0.733164
0.7275
0.722539
0.7175
0.713789
0.712539
0.706914
0.706289
0.698789
0.698164
0.698164
0.695039
0.692539
0.693164
0.695039
0.694414
0.692539
0.686914
0.681914
0.683164
0.683164
0.678789
0.682539
0.678789
0.676914
0.673164
0.668789
0.668789
0.663789
0.668789
0.671914
0.670039
0.673164
0.676289
0.677539
0.674414
0.671289
0.669414
0.664414
0.661289
0.660039
0.654414
0.656914
0.648164
0.646289
0.643789
0.640664
0.638164
0.635664
0.632539
0.630039
0.625664
0.625039
0.623789
0.623164
0.618789
0.614414
0.613789
0.613164
0.615039
0.61625
0.618164
0.622539
0.624414
0.618789
0.616914
0.618164
0.620625
0.617539
0.615625
0.614414
0.614375
0.616875
0.615039
0.615664
0.615039
0.611914
0.608789
0.613164
0.615039
0.615039
0.618164
0.618789
0.616914
0.616914
0.624414
0.625664
0.625664
0.633789
0.634414
0.633789
0.630039
0.628789
0.626914
0.624414
0.622539
0.614414
0.616914
0.618164
0.613789
0.610039
0.608164
0.605664
0.603789
0.600664
0.596289
0.595039
0.588789
0.590039
0.586289
0.585664
0.581289
0.581914
0.579414
0.577539
0.579414
0.586914
0.597539
0.598164
0.601914
0.611914
0.624414
0.629414
0.630039
0.628789
0.625664
0.623789
0.623789
0.625039
0.625625
0.623125
0.618789
0.616875
0.614375
0.6125
0.60875
0.606875
0.605
0.6025
0.600039
0.598125
0.598164
0.595039
0.598164
0.594414
0.597539
0.595039
0.599414
0.603164
0.600664
0.598789
0.598164
0.595664
0.596914
0.593789
0.591914
0.588789
0.583164
0.580039
0.576914
0.574414
0.571914
0.574414
0.573164
0.573789
0.575664
0.579414
0.574414
0.577539
0.576289
0.575039
0.572539
0.570039
0.569414
0.564414
0.563789
0.561289
0.557539
0.556289
0.556289
0.555039
0.550039
0.548164
0.545664
0.543164
0.541289
0.539414
0.534414
0.535664
0.530664
0.533789
0.539414
0.544414
0.544414
0.547539
0.554375
0.56
0.5575
0.555664
0.558789
0.55625
0.5525
0.548125
0.545625
0.54375
0.543125
0.5425
0.543164
0.539414
0.538164
0.540039
0.540039
0.538164
0.540039
0.541914
0.543789
0.543164
0.540039
0.540664
0.536914
0.530039
0.534414
0.530664
0.530664
0.528164
0.525039
0.522539
0.520664
0.518164
0.515039
0.511914
0.511914
0.510664
0.508164
0.507539
0.505039
0.506289
0.504414
0.500664
0.498164
0.497539
0.496289
0.489414
0.493164
0.487539
0.491289
0.500039
0.500039
0.503789
0.508164
0.508164
0.511914
0.511914
0.508789
0.510664
0.511914
0.513789
0.513164
0.513164
0.513164
0.511914
0.520039
0.5275
0.52875
0.5325
0.543125
0.534375
0.530664
0.52875
0.528164
0.525
0.523164
0.5225
0.523164
0.526914
0.528164
0.528789
0.530039
0.534414
0.536914
0.534414
0.535664
0.533789
0.530664
0.528789
0.527539
0.526289
0.524414
0.519414
0.525039
0.525664
0.528164
0.536914
0.540039
0.537539
0.538164
0.541914
0.544414
0.541914
0.545039
0.548789
0.543164
0.543789
0.540039
0.538789
0.534414
0.530664
0.526289
0.525039
0.520039
0.518164
0.515039
0.513789
0.506289
0.507539
0.503789
0.501289
0.498164
0.496914
0.495039
0.489414
0.488789
0.484414
0.480664
0.478164
0.476914
0.475039
0.4725
0.469414
0.46875
0.466875
0.46375
0.4625
0.45875
0.456875
0.453125
0.451875
0.449375
0.448789
0.446914
0.445039
0.444414
0.445039
0.440664
0.445039
0.443164
0.448789
0.449414
0.450039
0.451289
0.448789
0.447539
0.447539
0.447539
0.445664
0.448789
0.446914
0.448164
0.450664
0.448164
0.451914
0.456914
0.458789
0.456289
0.456289
0.455664
0.450039
0.455664
0.455664
0.459414
0.453789
0.452539
0.458164
0.458789
0.460664
0.466914
0.468789
0.468789
0.466289
0.466914
0.471914
0.475664
0.474414
0.478164
0.481289
0.479414
0.477539
0.475664
0.473164
0.475664
0.470039
0.470039
0.470625
0.4725
0.47375
0.471875
0.473125
0.473125
0.473125
0.47125
0.470625
0.47375
0.479375
0.479414
0.4775
0.475664
0.474414
0.473789
0.471914
0.471914
0.467539
0.461914
0.462539
0.470039
0.472539
0.470664
0.468164
0.466289
0.465039
0.463164
0.465664
0.470664
0.476289
0.477539
0.483164
0.485039
0.485664
0.485039
0.482539
0.481289
0.480039
0.478164
0.477539
0.478164
0.481289
0.486914
0.484414
0.490039
0.494414
0.492539
0.490039
0.488164
0.486914
0.485039
0.482539
0.479414
0.477539
0.473789
0.475664
0.471289
0.469414
0.466914
0.463789
0.461289
0.460039
0.456289
0.449414
0.451914
0.450039
0.452539
0.446875
0.445625
0.44375
0.443125
0.441875
0.44125
0.438125
0.433164
0.435625
0.436875
0.441289
0.433125
0.431875
0.432539
0.432539
0.433789
0.432539
0.432539
0.432539
0.435039
0.437539
0.441289
0.441289
0.438789
0.437539
0.436914
0.435664
0.435039
0.435039
0.430664
0.429414
0.426289
0.425664
0.426289
0.426289
0.425039
0.428789
0.430039
0.431289
0.434414
0.434414
0.440664
0.438164
0.436914
0.436914
0.438164
0.437539
0.435664
0.433789
0.433164
0.431914
0.429414
0.421289
0.426289
0.426289
0.425664
0.431289
0.435039
0.434414
0.434414
0.432539
0.436289
0.442539
0.448164
0.449375
0.446914
0.446289
0.447539
0.44625
0.44625
0.446289
0.445664
0.444375
0.443125
0.441289
0.440664
0.434414
0.437539
0.434414
0.432539
0.43125
0.4325
0.431914
0.430039
0.430625
0.426289
0.433789
0.433164
0.435039
0.435039
0.433789
0.434414
0.433164
0.431914
0.430664
0.432539
0.435664
0.444414
0.440664
0.449414
0.456289
0.451914
0.448789
0.447539
0.445664
0.445039
0.445664
0.443164
0.440664
0.439414
0.437539
0.433789
0.435664
0.431914
0.428164
0.426289
0.424414
0.422539
0.420664
0.420039
0.415664
0.417539
0.412539
0.410664
0.410039
0.407539
0.406289
0.405039
0.403789
0.402539
0.401914
0.401289
0.401289
0.401875
0.399414
0.398164
0.398125
0.398125
0.396875
0.394375
0.394375
0.39
0.390625
0.38625
0.385039
0.381914
0.383125
0.3825
0.383125
0.381289
0.379414
0.381289
0.380039
0.378789
0.387539
0.388789
0.394414
0.387539
0.386289
0.386289
0.387539
0.387539
0.391914
0.393789
0.396914
0.401289
0.405039
0.405664
0.403164
0.401289
0.400664
0.399414
0.398789
0.397539
0.398164
0.391289
0.392539
0.391914
0.390039
0.390039
0.385664
0.383789
0.381914
0.380664
0.378789
0.377539
0.373164
0.376914
0.371914
0.369414
0.369414
0.366914
0.364414
0.363164
0.361914
0.361289
0.360664
0.359414
0.353789
0.356914
0.355664
0.351914
0.355039
0.354414
0.354414
0.35375
0.352539
0.351289
0.348125
0.3475
0.345
0.343125
0.340625
0.346289
0.346289
0.346875
0.346289
0.353789
0.364414
0.366914
0.373164
0.389414
0.396289
0.394414
0.399414
0.400664
0.404414
0.404414
0.403164
0.401914
0.403164
0.402539
0.404414
0.406914
0.403789
0.405664
0.408789
0.407539
0.403789
0.403164
0.403164
0.403164
0.399414
0.405039
0.396289
0.394414
0.388164
0.388164
0.385664
0.383789
0.379414
0.378164
0.378164
0.375039
0.373789
0.375039
0.368789
0.368164
0.367539
0.364414
0.362539
0.358789
0.357539
0.355664
0.354414
0.353789
0.348125
0.350039
0.345
0.345
0.34375
0.341875
0.340039
0.339375
0.336914
0.335664
0.333164
0.329414
0.33
0.328125
0.325
0.32375
0.323125
0.322539
0.321914
0.320664
0.327539
0.326289
0.335039
0.333789
0.329414
0.325664
0.329414
0.329414
0.328164
0.327539
0.325664
0.327539
0.323164
0.318164
0.320664
0.321914
0.320039
0.321289
0.318789
0.318789
0.317539
0.316914
0.315664
0.314414
0.314414
0.312539
0.313164
0.313789
0.309414
0.308789
0.307539
0.306914
0.304414
0.303789
0.303789
0.296289
0.299414
0.296914
0.296914
0.297539
0.296914
0.295664
0.295039
0.294414
0.293789
0.293789
0.290039
0.292539
0.290039
0.291289
0.286289
0.287539
0.286914
0.28625
0.286289
0.285039
0.286289
0.283789
0.293125
0.28875
0.28875
0.294375
0.29875
0.303164
0.304414
0.304414
0.303789
0.310664
0.312539
0.315039
0.312539
0.311914
0.311289
0.312539
0.311289
0.313164
0.311289
0.308789
0.309414
0.308164
0.306289
0.305664
0.302539
0.302539
0.301289
0.300039
0.298164
0.298164
0.301289
0.301289
0.305664
0.304414
0.303789
0.305664
0.303789
0.305039
0.302539
0.301914
0.300664
0.298789
0.295664
0.296289
0.293164
0.298164
0.290664
0.291914
0.295664
0.291914
0.291289
0.293789
0.292539
0.291289
0.291914
0.288164
0.289414
0.288789
0.290625
0.296289
0.298125
0.30625
0.3125
0.315
0.313125
0.310625
0.30875
0.309414
0.3075
0.30875
0.310664
0.310039
0.308164
0.305664
0.303789
0.306914
0.310039
0.314414
0.316289
0.310664
0.309414
0.309414
0.310664
0.310039
0.306914
0.305664
0.303789
0.302539
0.302539
0.299414
0.296289
0.293789
0.295664
0.290664
0.290664
0.288789
0.287539
0.286914
0.285039
0.287539
0.285039
0.283789
0.285039
0.286289
0.285039
0.281289
0.281289
0.280039
0.279414
0.278164
0.276914
0.275039
0.275664
0.274414
0.271914
0.272539
0.271289
0.268164
0.269414
0.267539
0.266914
0.265664
0.265
0.260039
0.26375
0.25875
0.25875
0.26125
0.261875
0.260625
0.26
0.25875
0.25625
0.25625
0.251875
0.253125
0.261914
0.264375
0.26875
0.275625
0.278789
0.280039
0.284414
0.287539
0.289414
0.286289
0.293164
0.286914
0.287539
0.284414
0.286914
0.286289
0.284414
0.282539
0.281289
0.280664
0.279414
0.277539
0.275039
0.274414
0.273164
0.271289
0.270039
0.268164
0.267539
0.266914
0.266289
0.266289
0.266914
0.265664
0.263164
0.262539
0.258789
0.258789
0.258164
0.258789
0.257539
0.260039
0.261289
0.261289
0.267539
0.270664
0.274414
0.283789
0.288789
0.288164
0.287539
0.287539
0.286289
0.289414
0.286875
0.284375
0.283789
0.281875
0.288125
0.2825
0.28125
0.280664
0.278164
0.276875
0.276914
0.273164
0.266289
0.26875
0.270625
0.270625
0.268789
0.269414
0.269414
0.273164
0.277539
0.279414
0.280664
0.279414
0.279414
0.280039
0.277539
0.276289
0.275664
0.273789
0.273164
0.271914
0.268789
0.269414
0.267539
0.266914
0.267539
0.263789
0.261289
0.262539
0.261289
0.261289
0.261289
0.261289
0.261914
0.260039
0.256914
0.257539
0.255039
0.256914
0.254414
0.253789
0.252539
0.253164
0.249414
0.252539
0.251914
0.247539
0.252539
0.253789
0.249414
0.250039
0.251289
0.258164
0.262539
0.26375
0.26875
0.273164
0.2775
0.27625
0.275625
0.278125
0.278125
0.278125
0.27625
0.275
0.274414
0.27375
0.271914
0.26625
0.26875
0.268789
0.267539
0.267539
0.267539
0.270039
0.273164
0.277539
0.277539
0.277539
0.273164
0.270664
0.273789
0.271289
0.273164
0.270664
0.270664
0.268789
0.268164
0.267539
0.266914
0.265039
0.268164
0.262539
0.261289
0.258164
0.258164
0.257539
0.256914
0.256289
0.255664
0.256289
0.255664
0.253789
0.251914
0.250039
0.249414
0.250664
0.249414
0.253789
0.259414
0.260039
0.266289
0.273789
0.278789
0.277539
0.277539
0.276289
0.275664
0.275039
0.273789
0.273164
0.273164
0.273164
0.2725
0.271289
0.27125
0.268125
0.2675
0.266875
0.266914
0.265625
0.264375
0.261289
0.259414
0.259375
0.25625
0.2575
0.255
0.252539
0.255
0.254414
0.260664
0.261914
0.267539
0.268164
0.269414
0.266914
0.264414
0.266914
0.271914
0.270664
0.273789
0.278789
0.281914
0.284414
0.284414
0.281914
0.281914
0.281289
0.279414
0.280664
0.279414
0.277539
0.276289
0.276289
0.275039
0.274414
0.273164
0.273164
0.270039
0.271914
0.269414
0.268164
0.263789
0.262539
0.261289
0.259414
0.262539
0.269414
0.271914
0.274414
0.282539
0.284414
0.281914
0.279414
0.280039
0.278789
0.275664
0.275664
0.275625
0.275625
0.273125
0.266914
0.27125
0.27375
0.268789
0.270664
0.268789
0.267539
0.266289
0.264414
0.26375
0.261914
0.261875
0.260039
0.261289
0.2575
0.260039
0.265039
0.268789
0.271914
0.272539
0.272539
0.272539
0.265664
0.270664
0.266914
0.265664
0.265039
0.263164
0.262539
0.261914
0.260039
0.258789
0.260664
0.255664
0.256914
0.256289
0.253164
0.248164
0.253164
0.255039
0.260039
0.263789
0.268789
0.276914
0.278789
0.283789
0.278164
0.276914
0.280664
0.277539
0.279414
0.275664
0.274414
0.275664
0.276289
0.274414
0.273164
0.274414
0.273164
0.272539
0.274414
0.273164
0.271914
0.271914
0.272539
0.2725
0.273164
0.274375
0.2725
0.276914
0.274375
0.2725
0.271289
0.269375
0.268125
0.265625
0.264375
0.26375
0.2625
0.261289
0.2625
0.261289
0.264414
0.266914
0.271914
0.273789
0.275664
0.280039
0.283164
0.283789
0.286289
0.289414
0.290664
0.291914
0.293164
0.293789
0.296289
0.296289
0.295664
0.297539
0.294414
0.295039
0.291914
0.290664
0.288789
0.286914
0.288164
0.285664
0.285664
0.283164
0.284414
0.284414
0.282539
0.278789
0.277539
0.275664
0.275664
0.273789
0.273164
0.272539
0.271289
0.270664
0.271914
0.268164
0.271289
0.272539
0.271914
0.271289
0.271289
0.271289
0.271914
0.271914
0.271914
0.27125
0.26875
0.2725
0.269414
0.269375
0.270625
0.267539
0.265625
0.264375
0.2625
0.263125
0.267539
0.2725
0.284375
0.280625
0.291875
0.290664
0.293789
0.297539
0.296289
0.296914
0.296914
0.298164
0.296914
0.296914
0.293789
0.292539
0.291914
0.291289
0.289414
0.287539
0.286914
0.285039
0.283789
0.283164
0.278789
0.280039
0.277539
0.276289
0.274414
0.275664
0.274414
0.275039
0.273789
0.272539
0.274414
0.268164
0.268164
0.267539
0.267539
0.265039
0.264414
0.263164
0.263164
0.262539
0.261914
0.261914
0.259414
0.266289
0.258164
0.258164
0.264414
0.257539
0.256289
0.255039
0.254414
0.254375
0.255625
0.253164
0.2525
0.25375
0.25125
0.25
0.251875
0.25125
0.24875
0.248125
0.246875
0.245625
0.246289
0.248125
0.24625
0.244414
0.251914
0.256289
0.261289
0.261289
0.261289
0.261289
0.261914
0.263164
0.263164
0.263164
0.260039
0.262539
0.260664
0.258789
0.256914
0.256289
0.255039
0.253164
0.256914
0.251914
0.248164
0.249414
0.249414
0.255664
0.250039
0.249414
0.249414
0.248789
0.247539
0.251289
0.246914
0.248164
0.245039
0.243789
0.239414
0.240664
0.240664
0.240039
0.239414
0.239414
0.238789
0.237539
0.236914
0.236289
0.235039
0.233789
0.234414
0.234414
0.235039
0.233164
0.23375
0.233125
0.234414
0.228164
0.23125
0.231875
0.23125
0.23125
0.230625
0.229375
0.228125
0.226875
0.225625
0.225625
0.223789
0.221875
0.223789
0.234414
0.236289
0.239414
0.238164
0.238164
0.238789
0.238164
0.239414
0.236289
0.235039
0.236914
0.232539
0.239414
0.232539
0.230664
0.230664
0.228789
0.227539
0.228164
0.226289
0.225039
0.223789
0.222539
0.222539
0.221914
0.220664
0.220664
0.220039
0.220039
0.219414
0.218789
0.214414
0.214414
0.210039
0.215039
0.211289
0.210664
0.208789
0.208789
0.208789
0.206914
0.208164
0.204414
0.201914
0.203789
0.201289
0.200664
0.201289
0.201289
0.200625
0.19875
0.1975
0.19875
0.196875
0.196914
0.19625
0.195
0.190625
0.193125
0.1925
0.19125
0.189414
0.188789
0.19
0.188164
0.1825
0.1925
0.196289
0.206289
0.200664
0.200664
0.200664
0.199414
0.199414
0.198164
0.198164
0.198789
0.193164
0.194414
0.191914
0.190664
0.190664
0.190664
0.188789
0.188164
0.188164
0.187539
0.186289
0.184414
0.183164
0.182539
0.181914
0.180039
0.179414
0.180039
0.179414
0.177539
0.178164
0.174414
0.169414
0.171914
0.171914
0.169414
0.168789
0.170039
0.168789
0.168789
0.167539
0.170039
0.165039
0.163789
0.163789
0.163789
0.161914
0.160039
0.16
0.16
0.16
0.15875
0.15875
0.156875
0.159375
0.1575
0.155664
0.155664
0.15375
0.154414
0.1525
0.151289
0.149375
0.14875
0.15
0.145039
0.15625
0.156875
0.160664
0.161289
0.160039
0.161914
0.161914
0.161914
0.160664
0.159414
0.156914
0.159414
0.160039
0.154414
0.153164
0.153164
0.152539
0.150039
0.150039
0.149414
0.150039
0.145664
0.140664
0.143789
0.143164
0.140664
0.143789
0.143164
0.142539
0.143164
0.142539
0.141914
0.140039
0.137539
0.136914
0.135664
0.135039
0.135039
0.133789
0.133789
0.133789
0.133164
0.132539
0.131914
0.130664
0.130039
0.130039
0.130039
0.127539
0.126914
0.126914
0.125625
0.125039
0.128789
0.135
0.135039
0.14125
0.14375
0.145625
0.1475
0.146289
0.14625
0.145
0.145039
0.145039
0.149375
0.14875
0.149375
0.153164
0.158164
0.156914
0.158164
0.157539
0.157539
0.156289
0.156289
0.157539
0.153789
0.153164
0.151289
0.150039
0.147539
0.148789
0.146289
0.145039
0.144414
0.143164
0.141289
0.140664
0.140039
0.136289
0.139414
0.135039
0.134414
0.136289
0.136289
0.136289
0.135039
0.132539
0.132539
0.131289
0.132539
0.131289
0.131289
0.128164
0.127539
0.128789
0.128164
0.127539
0.127539
0.128789
0.125664
0.122539
0.125664
0.123164
0.120039
0.124414
0.123789
0.12375
0.1225
0.12125
0.123789
0.122539
0.117539
0.12125
0.1225
0.12625
0.119375
0.11875
0.117539
0.1175
0.116875
0.118125
0.12375
0.12875
0.13
0.13
0.133164
0.133789
0.132539
0.131289
0.132539
0.133164
0.132539
0.133164
0.126914
0.129414
0.128789
0.128164
0.128789
0.129414
0.130039
0.130039
0.130039
0.129414
0.129414
0.124414
0.129414
0.126289
0.126289
0.125664
0.125664
0.126289
0.126914
0.126289
0.126289
0.126289
0.122539
0.120039
0.123164
0.122539
0.128789
0.123164
0.123164
0.122539
0.122539
0.123164
0.123789
0.121289
0.121914
0.121289
0.120664
0.120625
0.12125
0.120039
0.120625
0.120664
0.12125
0.120664
0.121875
0.12375
0.120039
0.121875
0.120625
0.119375
0.11875
0.118125
0.1175
0.118125
0.119414
0.12625
0.126914
0.135625
0.135
0.137539
0.137539
0.137539
0.138164
0.138789
0.138164
0.136289
0.140039
0.136914
0.138789
0.131914
0.137539
0.135039
0.135664
0.134414
0.134414
0.134414
0.134414
0.134414
0.131289
0.132539
0.132539
0.131289
0.130664
0.133164
0.133789
0.133789
0.133789
0.131914
0.130664
0.130664
0.131289
0.128789
0.130664
0.127539
0.128164
0.128789
0.128164
0.128789
0.128164
0.128164
0.128789
0.127539
0.128164
0.129414
0.130664
0.128789
0.12625
0.126289
0.12625
0.126289
0.125625
0.126875
0.12625
0.129375
0.125664
0.12375
0.124375
0.123125
0.1225
0.121875
0.122539
0.12625
0.1325
0.136875
0.13625
0.142539
0.139414
0.141289
0.141914
0.142539
0.141289
0.140039
0.140039
0.140664
0.138789
