0.112539
0.113789
0.113164
0.108789
0.111289
0.106914
0.109414
0.111875
0.11125
0.110625
0.110664
0.110664
0.109375
0.111914
0.1075
0.10875
0.108125
0.109375
0.1075
0.1075
0.10625
0.105
0.10625
0.106875
0.108125
0.10625
0.115
0.106289
0.105664
0.101914
0.106289
0.106289
0.106914
0.106289
0.106914
0.108164
0.106289
0.107539
0.106914
0.107539
0.105039
0.112539
0.115039
0.118164
0.119414
0.119414
0.118164
0.120039
0.122539
0.119414
0.121289
0.120039
0.121289
0.121289
0.121289
0.120664
0.119414
0.119414
0.119414
0.116914
0.116289
0.118789
0.116914
0.116289
0.115039
0.115664
0.115039
0.114414
0.112539
0.115039
0.113164
0.111289
0.111914
0.113789
0.116914
0.111289
0.11
0.11
0.110625
0.11
0.11375
0.11125
0.111875
0.11
0.10875
0.105625
0.1075
0.10625
0.10625
0.107539
0.1075
0.106875
0.106875
0.107539
0.105664
0.106289
0.106289
0.105039
0.105039
0.105664
0.104414
0.104414
0.103789
0.105039
0.100039
0.105039
0.102539
0.105039
0.110664
0.113789
0.116914
0.117539
0.116289
0.116289
0.118164
0.117539
0.121914
0.122539
0.120664
0.118789
0.118789
0.119414
0.118164
0.118164
0.116289
0.117539
0.113789
0.106289
0.113164
0.111289
0.110039
0.111914
0.111914
0.111914
0.112539
0.111914
0.111914
0.111289
0.110664
0.110664
0.110664
0.110664
0.108789
0.109375
0.109375
0.10875
0.109375
0.11
0.110625
0.106875
0.10875
0.10375
0.10625
0.105
0.105
0.103125
0.104414
0.105664
0.106289
0.106875
0.101914
0.101289
0.103789
0.103164
0.104414
0.103164
0.103164
0.101914
0.101914
0.101914
0.103164
0.100039
0.096914
0.099414
0.103164
0.104414
0.113789
0.116289
0.115664
0.115664
0.115664
0.115664
0.115039
0.118164
0.118789
0.118164
0.112539
0.116914
0.118164
0.116914
0.115039
0.114414
0.113164
0.113789
0.115664
0.111289
0.113789
0.110039
0.111289
0.111914
0.111289
0.111289
0.110039
0.110039
0.109414
0.110664
0.110039
0.109414
0.108789
0.108125
0.10875
0.108125
0.108164
0.108125
0.1075
0.108789
0.10625
0.101875
0.105625
0.10375
0.105039
0.1025
0.1025
0.102539
0.1025
0.102539
0.105664
0.103125
0.097539
0.103789
0.103164
0.104414
0.101289
0.100664
0.100039
0.098164
0.100664
0.101289
0.100664
0.101914
0.100039
0.108164
0.111914
0.116289
0.117539
0.116914
0.117539
0.116914
0.115664
0.117539
0.113789
0.115664
0.115039
0.116289
0.117539
0.117539
0.116914
0.116289
0.115039
0.115039
0.115039
0.113789
0.116914
0.113164
0.111914
0.112539
0.111914
0.110664
0.110039
0.110039
0.110039
0.110664
0.108164
0.101289
0.107539
0.106875
0.107539
0.106875
0.106875
0.10625
0.106875
0.10625
0.1075
0.105625
0.105
0.10375
0.10375
0.101289
0.10125
0.10125
0.101914
0.101914
0.101875
0.101875
0.102539
0.101914
0.103164
0.099414
0.103789
0.100039
0.102539
0.101289
0.102539
0.101914
0.101289
0.102539
0.098789
0.103164
0.108164
0.111289
0.116914
0.115664
0.114414
0.115039
0.113789
0.113789
0.115664
0.114414
0.118789
0.113164
0.115039
0.117539
0.117539
0.113789
0.112539
0.112539
0.113164
0.113789
0.111289
0.110664
0.110664
0.113164
0.118164
0.121914
0.125664
0.131289
0.135039
0.135664
0.133789
0.135039
0.138164
0.13375
0.138125
0.134375
0.135
0.13375
0.134375
0.135039
0.134375
0.134375
0.13375
0.1325
0.1325
0.129375
0.13125
0.126914
0.126289
0.126914
0.126875
0.126289
0.12625
0.126875
0.124414
0.126289
0.123164
0.123789
0.121914
0.121289
0.120664
0.120039
0.120039
0.119414
0.121914
0.119414
0.120039
0.127539
0.129414
0.136289
0.135039
0.134414
0.134414
0.134414
0.133789
0.134414
0.135039
0.135664
0.134414
0.135039
0.135664
0.135039
0.135039
0.134414
0.130664
0.130664
0.129414
0.131289
0.125039
0.127539
0.125664
0.126914
0.128164
0.128164
0.126914
0.125664
0.126289
0.126289
0.126289
0.123789
0.128164
0.125
0.12375
0.12
0.125
0.125625
0.125664
0.126875
0.126875
0.126875
0.123789
0.121289
0.12375
0.121289
0.118164
0.121914
0.123164
0.1225
0.12375
0.12375
0.125
0.123164
0.123125
0.123164
0.122539
0.121914
0.123164
0.123789
0.123164
0.124414
0.123164
0.121914
0.123164
0.128164
0.131289
0.138164
0.138789
0.137539
0.140664
0.140664
0.140039
0.140664
0.141914
0.143789
0.141289
0.148789
0.151914
0.158164
0.160664
0.162539
0.161914
0.166914
0.170664
0.171289
0.175039
0.173789
0.181289
0.176289
0.178164
0.185664
0.183789
0.189414
0.190664
0.195664
0.198789
0.202539
0.203164
0.213125
0.215039
0.21625
0.22125
0.221875
0.221289
0.220664
0.221875
0.2225
0.219375
0.218125
0.2175
0.214375
0.215625
0.210625
0.21125
0.21125
0.21125
0.210664
0.209375
0.21
0.21125
0.210664
0.207539
0.212539
0.213164
0.210039
0.210039
0.214414
0.218789
0.221914
0.222539
0.231914
0.236914
0.252539
0.255664
0.252539
0.258789
0.261289
0.259414
0.258164
0.256289
0.255039
0.256914
0.256289
0.251289
0.256289
0.254414
0.258789
0.253789
0.251289
0.250039
0.250039
0.250039
0.252539
0.258164
0.261914
0.261914
0.270664
0.282539
0.287539
0.287539
0.288164
0.288164
0.287539
0.287539
0.287539
0.284414
0.290664
0.293164
0.293164
0.295
0.29375
0.293789
0.295
0.300039
0.31125
0.319414
0.314375
0.316875
0.314375
0.314375
0.316875
0.324375
0.328125
0.328125
0.33375
0.336875
0.335664
0.332539
0.340039
0.338789
0.347539
0.348164
0.352539
0.358164
0.358164
0.358789
0.362539
0.368789
0.370039
0.377539
0.375039
0.376914
0.380039
0.382539
0.383789
0.384414
0.386914
0.394414
0.394414
0.395039
0.399414
0.402539
0.406914
0.411914
0.417539
0.415039
0.414414
0.415664
0.415664
0.415039
0.415664
0.411289
0.408789
0.409414
0.405664
0.405039
0.403164
0.402539
0.400664
0.398164
0.395664
0.396289
0.392539
0.396914
0.39125
0.39125
0.388125
0.389375
0.391914
0.391875
0.395625
0.4025
0.40625
0.414375
0.429375
0.433125
0.4325
0.433125
0.43875
0.44375
0.445039
0.451289
0.458164
0.458164
0.463164
0.466289
0.466289
0.469414
0.478789
0.481914
0.483789
0.486914
0.490664
0.494414
0.493789
0.502539
0.515039
0.513789
0.512539
0.515039
0.519414
0.523789
0.523789
0.528164
0.535039
0.539414
0.540664
0.542539
0.546289
0.541289
0.541289
0.541914
0.540664
0.538789
0.538789
0.544414
0.544414
0.549414
0.552539
0.553164
0.555039
0.555664
0.551914
0.552539
0.550039
0.548789
0.548164
0.545664
0.545039
0.543789
0.543164
0.54125
0.540039
0.54
0.5375
0.538125
0.539375
0.538789
0.538789
0.539375
0.541289
0.535664
0.538125
0.533164
0.534414
0.536289
0.538164
0.539414
0.543164
0.543789
0.547539
0.551914
0.548164
0.552539
0.554414
0.555039
0.562539
0.568789
0.571914
0.571914
0.576289
0.592539
0.596289
0.603164
0.609414
0.609414
0.613164
0.623164
0.618789
0.620039
0.623789
0.628164
0.629414
0.636914
0.641289
0.641914
0.642539
0.651289
0.658164
0.658789
0.661914
0.665664
0.670039
0.670664
0.667539
0.668164
0.670664
0.670039
0.670039
0.671914
0.668789
0.668164
0.669414
0.676289
0.677539
0.683789
0.691914
0.693164
0.691289
0.69
0.686289
0.689375
0.686875
0.686914
0.69
0.694375
0.6925
0.69625
0.691875
0.6875
0.69125
0.695039
0.698164
0.695664
0.695664
0.696289
0.693789
0.693789
0.695039
0.693164
0.683789
0.690664
0.699414
0.705664
0.701914
0.706914
0.711914
0.715039
0.718789
0.729414
0.743789
0.748789
0.745039
0.745039
0.745664
0.746289
0.751289
0.759414
0.760664
0.761914
0.763789
0.764414
0.760664
0.758164
0.757539
0.760664
0.759414
0.758789
0.760039
0.757539
0.755039
0.752539
0.751289
0.745664
0.741914
0.740039
0.735039
0.728789
0.732539
0.730664
0.728164
0.726914
0.723164
0.723164
0.718164
0.713125
0.716914
0.718125
0.715625
0.717539
0.718125
0.718164
0.715664
0.713164
0.71125
0.709375
0.706875
0.703125
0.701875
0.701914
0.703164
0.708164
0.708789
0.710664
0.711914
0.714414
0.716914
0.711914
0.718789
0.725039
0.721914
0.723789
0.726914
0.729414
0.731914
0.730664
0.731914
0.735039
0.728789
0.730039
0.733164
0.728789
0.726914
0.725039
0.723164
0.721914
0.722539
0.723789
0.725664
0.728164
0.735664
0.729414
0.730039
0.728789
0.734414
0.731914
0.730039
0.728164
0.727539
0.725039
0.721289
0.719414
0.717539
0.713789
0.715039
0.717539
0.714414
0.715664
0.714414
0.716289
0.720664
0.723164
0.722539
0.7225
0.729414
0.728164
0.729375
0.73125
0.728125
0.725
0.725625
0.727539
0.727539
0.72375
0.7225
0.719414
0.720039
0.720664
0.720664
0.718789
0.716914
0.713789
0.710039
0.709414
0.703789
0.703164
0.698164
0.691914
0.691289
0.689414
0.687539
0.692539
0.690664
0.688164
0.691289
0.693789
0.691289
0.692539
0.691289
0.687539
0.688164
0.689414
0.688789
0.687539
0.687539
0.688164
0.686289
0.688789
0.688789
0.686289
0.689414
0.689414
0.687539
0.686914
0.681914
0.679414
0.677539
0.675664
0.670039
0.669414
0.668789
0.665664
0.663164
0.659414
0.655664
0.653164
0.651289
0.648164
0.646289
0.642539
0.641875
0.6375
0.633789
0.636914
0.641914
0.641914
0.642539
0.647539
0.651875
0.652539
0.646914
0.643125
0.657539
0.659375
0.665039
0.670664
0.668164
0.666914
0.666289
0.664414
0.663789
0.660664
0.660039
0.657539
0.655039
0.650664
0.646914
0.648164
0.649414
0.653789
0.655039
0.653164
0.650039
0.644414
0.646289
0.645039
0.641914
0.639414
0.636914
0.635664
0.634414
0.633789
0.631289
0.630039
0.623164
0.621289
0.623164
0.614414
0.614414
0.610664
0.607539
0.603789
0.600664
0.599414
0.596914
0.591914
0.595664
0.588164
0.588164
0.597539
0.596289
0.601914
0.608164
0.610039
0.608164
0.606914
0.605
0.6025
0.603164
0.6025
0.603125
0.601875
0.599375
0.595664
0.593125
0.588789
0.585
0.580625
0.58
0.574375
0.57625
0.57125
0.569414
0.568789
0.570039
0.575039
0.573789
0.575664
0.582539
0.582539
0.577539
0.582539
0.583789
0.583164
0.582539
0.583789
0.583789
0.581289
0.576914
0.576914
0.573789
0.573164
0.572539
0.572539
0.568164
0.570664
0.570664
0.570039
0.566914
0.563789
0.562539
0.561289
0.565664
0.561289
0.563164
0.563164
0.566289
0.563789
0.562539
0.560664
0.557539
0.560039
0.558789
0.560039
0.558789
0.559414
0.555664
0.553164
0.553164
0.553164
0.550664
0.548789
0.546914
0.545
0.538789
0.537539
0.537539
0.535
0.533164
0.52875
0.524375
0.522539
0.51875
0.515625
0.512539
0.5075
0.51
0.504375
0.503164
0.501914
0.505664
0.508789
0.508164
0.512539
0.515039
0.515039
0.513164
0.518789
0.510039
0.509414
0.503164
0.513164
0.512539
0.513789
0.511914
0.509414
0.508164
0.505664
0.504414
0.500664
0.496914
0.495664
0.496289
0.500664
0.503789
0.503789
0.510039
0.515664
0.516914
0.511914
0.511914
0.510664
0.509414
0.507539
0.506289
0.504414
0.501289
0.498789
0.495664
0.494414
0.488789
0.485664
0.485664
0.482539
0.482539
0.482539
0.480039
0.478789
0.478164
0.4775
0.47625
0.472539
0.47625
0.468789
0.467539
0.468789
0.464375
0.463125
0.460625
0.45875
0.457539
0.45625
0.453125
0.452539
0.451875
0.447539
0.444414
0.447539
0.445039
0.442539
0.441289
0.439414
0.437539
0.435039
0.434414
0.431914
0.428789
0.433164
0.436914
0.440664
0.443164
0.443164
0.441914
0.442539
0.448164
0.448789
0.450664
0.453164
0.457539
0.455664
0.454414
0.455039
0.458164
0.463789
0.466289
0.468789
0.470039
0.468789
0.471289
0.470664
0.478164
0.498164
0.501914
0.514414
0.532539
0.541289
0.545664
0.540039
0.540664
0.538164
0.540039
0.539414
0.536914
0.534414
0.533164
0.531289
0.527539
0.523789
0.52
0.518125
0.513164
0.511914
0.508125
0.505664
0.501875
0.49875
0.495
0.491289
0.487539
0.48375
0.47625
0.4775
0.47625
0.471914
0.470664
0.468164
0.465664
0.463164
0.460039
0.457539
0.456914
0.450664
0.448164
0.445664
0.451914
0.453789
0.456289
0.456914
0.455039
0.452539
0.452539
0.452539
0.448789
0.450039
0.448789
0.444414
0.448164
0.441914
0.440039
0.438789
0.438164
0.436914
0.436914
0.433164
0.430664
0.428789
0.426289
0.425039
0.423164
0.421289
0.420664
0.419414
0.418164
0.419414
0.420039
0.418789
0.420664
0.418164
0.421289
0.418789
0.422539
0.430039
0.434414
0.433789
0.43375
0.434414
0.435625
0.444375
0.455625
0.455039
0.454414
0.4575
0.460039
0.458125
0.454375
0.45125
0.453789
0.451875
0.451914
0.450039
0.448164
0.449414
0.446289
0.444414
0.442539
0.440664
0.438789
0.438164
0.434414
0.428164
0.431914
0.436914
0.435039
0.440664
0.440664
0.440039
0.437539
0.436289
0.434414
0.433789
0.433164
0.426914
0.426289
0.424414
0.425039
0.423789
0.421289
0.421289
0.420039
0.418789
0.418164
0.415664
0.415664
0.413789
0.411914
0.410664
0.408164
0.408164
0.406914
0.405664
0.403789
0.405039
0.401289
0.396914
0.399414
0.398164
0.398789
0.399414
0.405664
0.410039
0.410625
0.416914
0.427539
0.42875
0.42625
0.4275
0.43
0.425625
0.428125
0.4325
0.43375
0.43375
0.4325
0.435
0.434375
0.4425
0.445625
0.445039
0.445664
0.445039
0.444414
0.444414
0.444414
0.443164
0.440664
0.440664
0.433789
0.440664
0.439414
0.441914
0.443789
0.441914
0.441289
0.439414
0.437539
0.436289
0.434414
0.430664
0.428789
0.428789
0.423789
0.420664
0.421289
0.419414
0.417539
0.416914
0.416289
0.414414
0.409414
0.403789
0.404414
0.401914
0.405664
0.400039
0.399414
0.396914
0.396289
0.396289
0.396914
0.396289
0.398164
0.398164
0.402539
0.409414
0.413789
0.411914
0.411289
0.411914
0.411875
0.411875
0.411875
0.411875
0.409414
0.405
0.40625
0.401875
0.400625
0.398125
0.395664
0.394375
0.391875
0.3925
0.388789
0.389414
0.385039
0.383164
0.383789
0.381914
0.380664
0.379414
0.376914
0.373789
0.375039
0.372539
0.375039
0.376914
0.382539
0.385039
0.384414
0.386289
0.393164
0.400664
0.400664
0.409414
0.413789
0.416914
0.413789
0.416914
0.411914
0.410664
0.410664
0.408789
0.409414
0.405664
0.406289
0.405039
0.405664
0.398789
0.399414
0.394414
0.391914
0.391289
0.388789
0.386914
0.385664
0.383164
0.381914
0.380664
0.380039
0.378164
0.376914
0.375039
0.371914
0.371289
0.369414
0.368125
0.36625
0.36625
0.365625
0.369375
0.378125
0.376875
0.388789
0.395039
0.399375
0.396914
0.395
0.394414
0.396914
0.394375
0.386914
0.393125
0.393789
0.394414
0.388164
0.386914
0.383789
0.381289
0.379414
0.379414
0.378789
0.383789
0.384414
0.388164
0.386914
0.386289
0.383789
0.381289
0.381289
0.381289
0.379414
0.378164
0.370664
0.378164
0.380039
0.381289
0.388164
0.386914
0.397539
0.408164
0.413789
0.418164
0.416914
0.411289
0.413789
0.412539
0.415039
0.413789
0.415039
0.414414
0.414414
0.413789
0.413164
0.410664
0.406289
0.403164
0.404414
0.403789
0.401914
0.408164
0.411914
0.410625
0.4075
0.405625
0.405625
0.406875
0.408125
0.405039
0.405
0.402539
0.400664
0.396875
0.394414
0.391875
0.390039
0.38875
0.389375
0.38875
0.383125
0.384414
0.383164
0.380664
0.378164
0.376914
0.374414
0.371914
0.371289
0.374414
0.373164
0.379414
0.378789
0.379414
0.377539
0.375664
0.373789
0.373164
0.371914
0.370039
0.371289
0.366914
0.365039
0.362539
0.363789
0.365664
0.366289
0.366914
0.365039
0.364414
0.363164
0.362539
0.359414
0.358164
0.356289
0.352539
0.353164
0.353789
0.352539
0.351289
0.351289
0.350664
0.348164
0.348164
0.347539
0.343789
0.345664
0.341914
0.343164
0.34125
0.340625
0.340664
0.34
0.339375
0.34
0.338164
0.33875
0.339375
0.340039
0.336289
0.334375
0.333164
0.331289
0.331289
0.332539
0.3325
0.33
0.333789
0.329414
0.328789
0.328164
0.329414
0.330039
0.328164
0.327539
0.328164
0.333789
0.335039
0.340039
0.343164
0.337539
0.344414
0.339414
0.340039
0.345664
0.348164
0.350664
0.356914
0.358789
0.359414
0.357539
0.359414
0.359414
0.360664
0.361914
0.363789
0.363789
0.363164
0.363164
0.364414
0.360664
0.369414
0.370039
0.371289
0.370664
0.370664
0.371289
0.370664
0.370664
0.369414
0.369414
0.363789
0.368164
0.373789
0.386289
0.386914
0.395
0.405625
0.413164
0.414375
0.414375
0.414375
0.4125
0.41875
0.413125
0.411289
0.405039
0.405039
0.4025
0.400039
0.39875
0.39625
0.394375
0.39125
0.390664
0.3875
0.383164
0.380039
0.380039
0.379414
0.377539
0.374414
0.373789
0.376914
0.379414
0.385039
0.380664
0.380664
0.379414
0.378164
0.379414
0.375664
0.373164
0.371914
0.373164
0.378789
0.380664
0.381289
0.387539
0.388789
0.390039
0.391914
0.393164
0.395039
0.393789
0.389414
0.391289
0.389414
0.390664
0.388164
0.389414
0.385039
0.385039
0.383164
0.380664
0.379414
0.377539
0.376289
0.371914
0.371914
0.368164
0.366289
0.365039
0.364414
0.36375
0.360625
0.360039
0.358125
0.3575
0.356875
0.356875
0.354414
0.354414
0.356289
0.35625
0.36125
0.366289
0.37
0.37
0.36875
0.370625
0.367539
0.368164
0.366914
0.368789
0.366289
0.363789
0.362539
0.361914
0.364414
0.366289
0.372539
0.372539
0.372539
0.372539
0.370039
0.368789
0.367539
0.365039
0.365664
0.362539
0.360039
0.361289
0.356914
0.349414
0.355664
0.356289
0.360039
0.354414
0.355039
0.353789
0.352539
0.350039
0.350039
0.348164
0.346914
0.345039
0.343789
0.342539
0.341914
0.339414
0.338789
0.339414
0.336289
0.336289
0.335039
0.329414
0.333164
0.328164
0.33
0.330625
0.330625
0.330039
0.329375
0.328164
0.328125
0.329375
0.32375
0.321289
0.323125
0.321875
0.321875
0.321875
0.31875
0.3175
0.319375
0.321875
0.323125
0.321289
0.321289
0.320664
0.323164
0.325039
0.321914
0.322539
0.322539
0.326914
0.329414
0.336289
0.335664
0.336914
0.336914
0.336289
0.335039
0.335664
0.335039
0.335664
0.333789
0.331914
0.329414
0.329414
0.330664
0.326914
0.325664
0.327539
0.325664
0.325039
0.323789
0.322539
0.321289
0.320664
0.320664
0.319414
0.317539
0.315664
0.314414
0.316914
0.314414
0.314414
0.313789
0.311914
0.310664
0.311289
0.308164
0.305664
0.307539
0.306914
0.311289
0.305039
0.303125
0.302539
0.30125
0.301914
0.30375
0.3
0.29875
0.2975
0.296289
0.298164
0.293125
0.293125
0.29125
0.29125
0.29125
0.289414
0.290664
0.290664
0.287539
0.286289
0.285664
0.286914
0.284414
0.285039
0.288789
0.293164
0.297539
0.298164
0.295664
0.296289
0.293164
0.293789
0.295664
0.296914
0.295039
0.294414
0.293164
0.291914
0.293164
0.288789
0.293164
0.291914
0.284414
0.285664
0.286914
0.285039
0.283164
0.281914
0.280664
0.280039
0.276914
0.269414
0.274414
0.274414
0.269414
0.270664
0.270039
0.270039
0.268789
0.268164
0.268789
0.266289
0.267539
0.267539
0.266914
0.26625
0.265664
0.27125
0.278125
0.279375
0.284375
0.289375
0.2925
0.289375
0.290625
0.28375
0.285625
0.285
0.289414
0.29625
0.298125
0.303125
0.3075
0.310625
0.301914
0.306289
0.306289
0.301289
0.300664
0.300039
0.303789
0.311289
0.311914
0.318789
0.323164
0.322539
0.321914
0.316914
0.318789
0.319414
0.315664
0.313164
0.311914
0.308789
0.305664
0.305039
0.300664
0.300664
0.295039
0.296914
0.291914
0.291289
0.290039
0.285664
0.283164
0.280664
0.278164
0.276914
0.276289
0.271289
0.272539
0.266914
0.266289
0.265039
0.262539
0.260664
0.258789
0.257539
0.256914
0.256289
0.255664
0.252539
0.250664
0.25
0.24875
0.248164
0.246289
0.245664
0.24375
0.244414
0.240664
0.235625
0.238789
0.236289
0.231875
0.231875
0.2325
0.231914
0.231914
0.230039
0.231289
0.227539
0.220664
0.227539
0.224414
0.223789
0.223164
0.226914
0.230039
0.234414
0.234414
0.233789
0.235039
0.235664
0.233789
0.233789
0.232539
0.231289
0.228789
0.228789
0.226914
0.225039
0.223789
0.225039
0.220664
0.221914
0.220039
0.220664
0.222539
0.221914
0.222539
0.221289
0.223789
0.224414
0.225039
0.221914
0.224414
0.221289
0.219414
0.221289
0.220039
0.218789
0.219414
0.218789
0.218789
0.219414
0.216289
0.209414
0.214375
0.2125
0.212539
0.213125
0.2125
0.2125
0.2125
0.211875
0.211875
0.210664
0.209375
0.206914
0.206914
0.205
0.204375
0.204414
0.205
0.204375
0.20625
0.206875
0.208789
0.209414
0.206914
0.210664
0.215664
0.213789
0.215664
0.221914
0.226914
0.228164
0.227539
0.228789
0.225039
0.227539
0.227539
0.226914
0.225664
0.227539
0.231289
0.234414
0.234414
0.240039
0.245039
0.245039
0.253789
0.245039
0.246289
0.242539
0.243789
0.242539
0.241289
0.238789
0.238164
0.238164
0.235039
0.233164
0.233789
0.230039
0.230664
0.231914
0.230664
0.228164
0.226289
0.225664
0.224414
0.224414
0.225039
0.220664
0.223125
0.219375
0.221875
0.219375
0.218125
0.218164
0.218164
0.216875
0.216875
0.21625
0.214414
0.21375
0.2125
0.210625
0.209414
0.209375
0.20875
0.208125
0.208164
0.208789
0.205664
0.209414
0.208164
0.215039
0.218789
0.225039
0.237539
0.245664
0.248164
0.247539
0.250664
0.249414
0.243164
0.248789
0.247539
0.245039
0.246289
0.245664
0.242539
0.240664
0.239414
0.238789
0.237539
0.236914
0.235664
0.235039
0.235664
0.231914
0.230664
0.228789
0.227539
0.225664
0.225039
0.224414
0.218164
0.220664
0.219414
0.218164
0.218164
0.218164
0.216289
0.215664
0.215039
0.214414
0.215039
0.211289
0.215664
0.210664
0.211289
0.20375
0.208125
0.209414
0.208125
0.208164
0.208125
0.206914
0.20375
0.206914
0.2025
0.201289
0.1975
0.201289
0.203125
0.2025
0.20125
0.201289
0.201289
0.200664
0.201914
0.200664
0.199414
0.202539
0.207539
0.212539
0.215039
0.213789
0.213164
0.213789
0.213789
0.212539
0.215039
0.214414
0.212539
0.213164
0.210664
0.209414
0.208164
0.208164
0.206914
0.206914
0.204414
0.201914
0.206289
0.203789
0.206289
0.203789
0.203789
0.203164
0.201914
0.200039
0.201289
0.198789
0.205664
0.198164
0.198164
0.203789
0.197539
0.196289
0.196289
0.196289
0.195664
0.198164
0.195039
0.19625
0.195039
0.19375
0.193125
0.194414
0.195039
0.195
0.194414
0.193789
0.193164
0.193125
0.193125
0.189375
0.1925
0.189375
0.189375
0.190625
0.19
0.189414
0.18875
0.188164
0.188789
0.187539
0.188164
0.186289
0.194414
0.196914
0.200664
0.200664
0.199414
0.200039
0.201289
0.201914
0.200039
0.201289
0.198164
0.198789
0.193164
0.196914
0.195664
0.193789
0.193789
0.192539
0.194414
0.192539
0.190039
0.191914
0.192539
0.190664
0.188789
0.187539
0.188164
0.186289
0.185664
0.185664
0.184414
0.185039
0.184414
0.182539
0.183789
0.181914
0.180664
0.180664
0.180039
0.179414
0.178164
0.178789
0.171289
0.175625
0.17375
0.172539
0.1775
0.177539
0.177539
0.1775
0.176914
0.1775
0.17875
0.17375
0.173125
0.174375
0.174375
0.173164
0.17375
0.174375
0.173789
0.173789
0.174414
0.173789
0.171289
0.169414
0.170039
0.175039
0.177539
0.183789
0.183789
0.182539
0.182539
0.182539
0.182539
0.181914
0.181914
0.179414
0.177539
0.177539
0.177539
0.176289
0.175039
0.174414
0.173164
0.172539
0.172539
0.172539
0.172539
0.171914
0.171289
0.166914
0.166914
0.165664
0.163789
0.163789
0.162539
0.162539
0.159414
0.157539
0.158164
0.156914
0.157539
0.158164
0.158789
0.157539
0.156289
0.155039
0.156914
0.155
0.156289
0.153125
0.153789
0.154414
0.153125
0.151914
0.151875
0.15125
0.15
0.15125
0.14625
0.1475
0.145
0.142539
0.149375
0.145
0.145664
0.143789
0.143789
0.143789
0.143164
0.143789
0.143789
0.146914
0.149414
0.155039
0.157539
0.156289
0.156914
0.156914
0.156914
0.156914
0.157539
0.156914
0.153789
0.152539
0.153164
0.155039
0.151289
0.149414
0.148789
0.148789
0.148789
0.148789
0.146289
0.143164
0.146914
0.144414
0.146289
0.143164
0.142539
0.141914
0.141289
0.138789
0.141289
0.138164
0.135664
0.137539
0.138164
0.135039
0.135039
0.133789
0.134414
0.133789
0.133789
0.135039
0.133125
0.133789
0.132539
0.131875
0.1325
0.130664
0.13125
0.13125
0.129375
0.129375
0.1275
0.128125
0.120625
0.126875
0.12
0.125
0.124375
0.125625
0.125039
0.125039
0.124414
0.123789
0.124414
0.120664
0.126914
0.132539
0.134414
0.138789
0.136289
0.137539
0.137539
0.138164
0.139414
0.139414
0.136914
0.142539
0.138164
0.137539
0.135664
0.131914
0.130664
0.130039
0.131289
0.131289
0.131914
0.131289
0.130664
0.130039
0.128164
0.126914
0.126914
0.125664
0.125039
0.125039
0.125664
0.125039
0.125664
0.126914
0.124414
0.125664
0.124414
0.123789
0.123164
0.121914
0.122539
0.122539
0.121875
0.122539
0.121289
0.120664
0.12125
0.1175
0.12
0.12
0.12
0.119375
0.1175
0.115625
0.11625
0.11375
0.10875
0.113164
0.115
0.111875
0.113164
0.113164
0.112539
0.113164
0.1125
0.115039
0.114414
0.111914
0.123164
0.128164
0.129414
0.126289
0.127539
0.127539
0.127539
0.128164
0.126289
0.126914
0.127539
0.124414
0.125664
0.123789
0.121914
0.120664
0.121289
0.121289
0.121289
0.121289
0.121914
0.121914
0.123164
0.122539
0.122539
0.119414
0.119414
0.118164
0.117539
0.116914
0.118164
0.118164
0.116289
0.114414
0.116914
0.114414
0.112539
0.116289
0.116914
0.116289
0.115039
0.115039
0.11625
0.113164
0.1075
0.1125
0.1125
0.111875
0.1125
0.11125
0.111914
0.110625
0.11
0.10875
0.108164
0.108125
0.105625
0.1075
0.107539
0.1075
0.108789
0.106914
0.108164
0.108164
0.107539
0.112539
0.109414
0.120039
0.121289
0.120664
0.119414
0.120039
0.121289
0.121289
0.121289
0.121289
0.122539
0.118789
0.117539
0.120664
0.116914
0.117539
0.116914
0.117539
0.116914
0.116914
0.119414
0.120664
0.118789
0.121914
0.118789
0.116289
0.120664
0.115039
0.115039
0.114414
0.114414
0.113164
0.114414
0.113164
0.112539
0.111914
0.110664
0.112539
0.111914
0.111914
0.111914
0.111289
0.11125
0.11
0.11125
0.1125
0.109375
0.111875
0.110625
0.110625
0.11
0.11
0.11
0.10875
0.10875
0.108125
0.106875
0.107539
0.106875
0.106875
0.106914
0.10625
0.105664
0.105039
0.105039
0.104414
0.113164
0.114414
0.118789
0.121289
0.119414
0.120664
0.118789
0.120039
0.120039
0.120039
0.120664
0.121914
0.119414
0.120664
0.118789
0.119414
0.116289
0.116914
0.116914
0.115664
0.115664
0.116289
0.115664
0.116289
0.118164
0.113164
0.113789
0.113164
0.113164
0.111914
0.111914
0.112539
0.112539
0.111289
0.111914
0.108164
0.110664
0.111289
0.111289
0.110664
0.109414
0.109414
0.108164
0.109375
0.11
0.110625
0.10875
0.111875
0.10875
0.110625
0.105
0.10875
0.108125
0.106914
0.106914
0.105625
0.10625
0.103164
0.106289
0.104375
0.103125
0.100039
0.105
0.103789
0.103789
0.103789
0.105039
0.111289
0.115039
0.119414
0.116289
0.115664
0.118789
0.120664
0.121289
0.120664
0.120039
0.120664
0.117539
0.118789
0.113789
0.118164
0.115039
0.114414
0.114414
0.114414
0.113789
0.114414
0.114414
0.114414
