0.120664
0.120664
0.121914
0.121289
0.119414
0.120664
0.120664
0.118789
0.122539
0.128789
0.129414
0.139414
0.143164
0.146914
0.159414
0.164414
0.170664
0.186289
0.191914
0.198789
0.191289
0.194414
0.191289
0.195664
0.193789
0.192539
0.193164
0.191289
0.193164
0.190039
0.191289
0.188789
0.185664
0.187539
0.194414
0.202539
0.201914
0.211289
0.22125
0.225039
0.22625
0.225664
0.2275
0.226875
0.228125
0.228125
0.228125
0.231875
0.233125
0.230625
0.22875
0.228164
0.228789
0.229375
0.23125
0.239414
0.241289
0.241289
0.244414
0.245664
0.245664
0.251914
0.260039
0.258164
0.253164
0.257539
0.260664
0.263789
0.261289
0.258164
0.258789
0.261289
0.258164
0.258789
0.260039
0.260039
0.259414
0.261289
0.266289
0.267539
0.271914
0.285039
0.288789
0.296914
0.306289
0.306289
0.310039
0.316289
0.318789
0.318164
0.320664
0.328164
0.332539
0.333164
0.334414
0.332539
0.334414
0.325039
0.331914
0.326289
0.326914
0.330664
0.331289
0.338164
0.343164
0.343164
0.344375
0.345625
0.349414
0.35
0.364375
0.36625
0.368125
0.364375
0.363125
0.360625
0.358164
0.3575
0.35875
0.360039
0.360039
0.360039
0.357539
0.350664
0.351914
0.351289
0.348164
0.347539
0.346914
0.346289
0.343789
0.342539
0.340039
0.338789
0.338164
0.338164
0.337539
0.345039
0.357539
0.366289
0.373789
0.395039
0.409414
0.413789
0.413164
0.417539
0.425039
0.430039
0.428789
0.433164
0.436914
0.439414
0.439414
0.438164
0.439414
0.445039
0.448164
0.451914
0.450664
0.449414
0.448164
0.455664
0.465039
0.472539
0.487539
0.492539
0.498789
0.500664
0.497539
0.501289
0.503164
0.503789
0.503164
0.506289
0.511914
0.515039
0.512539
0.51375
0.51375
0.507539
0.508164
0.506914
0.50625
0.504414
0.501875
0.498789
0.498789
0.498789
0.496289
0.499414
0.498789
0.500039
0.503164
0.503789
0.503164
0.505664
0.506914
0.507539
0.508789
0.515664
0.518164
0.517539
0.516289
0.518164
0.522539
0.520664
0.526289
0.530664
0.533164
0.535664
0.531914
0.535664
0.536914
0.536914
0.544414
0.552539
0.556914
0.559414
0.559414
0.563164
0.560664
0.559414
0.568789
0.570664
0.575664
0.570664
0.570039
0.570039
0.571914
0.575039
0.581914
0.588789
0.591914
0.597539
0.604414
0.606914
0.605664
0.611914
0.618789
0.621914
0.621914
0.625039
0.6275
0.631875
0.645
0.643789
0.643789
0.64625
0.650039
0.651914
0.649414
0.651914
0.658789
0.661914
0.669414
0.680039
0.684414
0.682539
0.683164
0.688789
0.691289
0.690039
0.686914
0.686289
0.685664
0.681914
0.680664
0.681289
0.680664
0.676914
0.678789
0.675664
0.674414
0.672539
0.671914
0.679414
0.689414
0.696289
0.697539
0.706914
0.710039
0.715039
0.729414
0.742539
0.745664
0.744414
0.747539
0.750664
0.755664
0.755664
0.756289
0.758164
0.760039
0.765664
0.763789
0.765039
0.763164
0.763164
0.768789
0.774414
0.778789
0.775039
0.773164
0.772539
0.772539
0.771289
0.771289
0.769414
0.768789
0.772539
0.773164
0.770664
0.773164
0.773164
0.774375
0.77625
0.7775
0.775664
0.771289
0.767539
0.766914
0.765664
0.768789
0.766289
0.763164
0.758789
0.758789
0.756914
0.753789
0.753789
0.753789
0.751289
0.752539
0.752539
0.748164
0.748164
0.744414
0.743789
0.742539
0.742539
0.741914
0.738789
0.738164
0.736914
0.732539
0.733164
0.738164
0.741914
0.738789
0.740039
0.739414
0.740664
0.742539
0.746289
0.745664
0.742539
0.744414
0.745039
0.744414
0.746289
0.755039
0.753789
0.756289
0.760039
0.761289
0.761289
0.756914
0.755039
0.755039
0.752539
0.758789
0.752539
0.751289
0.749414
0.746914
0.748789
0.75
0.751289
0.75375
0.749414
0.750625
0.756289
0.756289
0.759414
0.76
0.760664
0.758125
0.756914
0.756289
0.749414
0.752539
0.750039
0.750664
0.748164
0.746289
0.743789
0.740664
0.737539
0.735664
0.734414
0.728789
0.730039
0.726914
0.726289
0.720664
0.726914
0.736289
0.735664
0.743164
0.745664
0.744414
0.739414
0.740039
0.740039
0.739414
0.742539
0.736914
0.740664
0.747539
0.756289
0.756914
0.761289
0.766289
0.770039
0.770664
0.766289
0.765039
0.765664
0.764414
0.768164
0.773789
0.773164
0.775039
0.778789
0.780664
0.776289
0.772539
0.770039
0.766289
0.762539
0.758789
0.756289
0.758789
0.759414
0.761914
0.758789
0.756914
0.752539
0.750664
0.748164
0.743789
0.741289
0.737539
0.735039
0.731914
0.731289
0.726289
0.721914
0.724414
0.718164
0.716914
0.715664
0.713164
0.709414
0.705664
0.701914
0.700664
0.696289
0.695039
0.690664
0.688164
0.684414
0.681289
0.680039
0.675039
0.673164
0.670664
0.668164
0.663789
0.661914
0.658164
0.661289
0.663164
0.663789
0.668164
0.671914
0.672539
0.668789
0.666289
0.664414
0.660039
0.661289
0.669414
0.668164
0.670039
0.672539
0.672539
0.669414
0.670039
0.675039
0.681289
0.678164
0.683164
0.686914
0.683164
0.685664
0.690664
0.691914
0.690664
0.692539
0.700625
0.712539
0.713125
0.709375
0.711914
0.712539
0.716289
0.716875
0.713125
0.71
0.710039
0.7125
0.713164
0.719414
0.728789
0.726289
0.723164
0.718789
0.717539
0.716914
0.715039
0.710664
0.706914
0.703164
0.701289
0.691914
0.691914
0.683789
0.683789
0.681914
0.680664
0.678789
0.675664
0.672539
0.669414
0.666289
0.656914
0.658164
0.655664
0.653164
0.648789
0.645664
0.641914
0.638164
0.635664
0.632539
0.630039
0.623789
0.629414
0.617539
0.614414
0.608164
0.610039
0.607539
0.604414
0.601289
0.598164
0.597539
0.592539
0.591289
0.590039
0.588164
0.586914
0.585039
0.581289
0.585664
0.586914
0.590039
0.589414
0.590039
0.59125
0.59125
0.599375
0.603789
0.60375
0.61375
0.62375
0.63
0.628789
0.626914
0.629414
0.628789
0.628789
0.621289
0.622539
0.621914
0.616914
0.612539
0.610664
0.607539
0.603789
0.602539
0.597539
0.592539
0.591289
0.591289
0.592539
0.587539
0.586914
0.585039
0.583164
0.579414
0.579414
0.573164
0.573164
0.569414
0.566914
0.562539
0.565039
0.570039
0.571914
0.570039
0.570664
0.570664
0.571914
0.573164
0.573164
0.582539
0.587539
0.590039
0.598789
0.603164
0.604414
0.601914
0.598789
0.600039
0.593789
0.598164
0.595664
0.590664
0.590664
0.588164
0.591914
0.591914
0.593789
0.593125
0.59125
0.58875
0.58625
0.583125
0.578125
0.575
0.5725
0.570039
0.568164
0.567539
0.565664
0.565664
0.563164
0.553164
0.559414
0.555664
0.555664
0.551914
0.549414
0.546914
0.544414
0.542539
0.540664
0.537539
0.536289
0.533789
0.531914
0.530664
0.526914
0.526289
0.525664
0.523164
0.521289
0.518789
0.516914
0.513164
0.518789
0.516914
0.520664
0.523164
0.527539
0.527539
0.525039
0.523164
0.521289
0.523789
0.525664
0.528789
0.530664
0.531289
0.533164
0.530664
0.532539
0.531289
0.533164
0.533789
0.534414
0.536289
0.532539
0.538164
0.540664
0.538164
0.541289
0.541289
0.543789
0.543789
0.5425
0.545039
0.543125
0.543789
0.539414
0.537539
0.531914
0.531875
0.528164
0.526914
0.525039
0.526914
0.531289
0.532539
0.538164
0.541289
0.544414
0.540664
0.541914
0.539414
0.538789
0.538789
0.536914
0.535664
0.535664
0.531914
0.530039
0.526914
0.523164
0.521289
0.520664
0.525664
0.528164
0.529414
0.535664
0.541914
0.539414
0.533789
0.536289
0.537539
0.540039
0.542539
0.542539
0.542539
0.540664
0.541914
0.547539
0.545664
0.540039
0.541289
0.548164
0.553164
0.551914
0.555039
0.556914
0.554414
0.551914
0.550039
0.547539
0.546289
0.541289
0.538789
0.535039
0.536914
0.536914
0.538164
0.5375
0.535
0.531875
0.53
0.523125
0.521875
0.5175
0.515664
0.514414
0.513789
0.510664
0.508789
0.507539
0.507539
0.506289
0.501289
0.503164
0.497539
0.495039
0.493164
0.489414
0.488164
0.484414
0.482539
0.481914
0.481289
0.476289
0.470039
0.478164
0.485039
0.486914
0.491914
0.499414
0.503789
0.502539
0.499414
0.499414
0.499414
0.498789
0.496914
0.496914
0.496289
0.494414
0.491289
0.490039
0.485039
0.483789
0.481914
0.479414
0.476289
0.475664
0.469414
0.471289
0.467539
0.467539
0.466289
0.468164
0.471914
0.471914
0.476289
0.476914
0.481914
0.475664
0.478789
0.48375
0.48375
0.485039
0.485625
0.483164
0.4825
0.48125
0.477539
0.477539
0.471289
0.471289
0.472539
0.468164
0.468164
0.466289
0.465664
0.463164
0.462539
0.458164
0.456914
0.456289
0.452539
0.451914
0.451914
0.451914
0.449414
0.448789
0.448164
0.446914
0.446914
0.447539
0.443789
0.446289
0.442539
0.448164
0.450039
0.452539
0.456289
0.458789
0.458789
0.458789
0.457539
0.459414
0.459414
0.459414
0.456914
0.455039
0.451914
0.450039
0.447539
0.446289
0.445664
0.441289
0.440664
0.439414
0.438789
0.438164
0.436914
0.438164
0.438789
0.436914
0.434414
0.436289
0.433164
0.431289
0.431289
0.428789
0.435664
0.436914
0.438164
0.436914
0.438125
0.439414
0.439414
0.4375
0.439414
0.438125
0.436289
0.435
0.433164
0.433164
0.440039
0.444414
0.445664
0.451914
0.458164
0.454414
0.454414
0.451289
0.452539
0.455039
0.463164
0.470039
0.468789
0.473164
0.478789
0.480664
0.477539
0.481914
0.478789
0.480664
0.476914
0.477539
0.479414
0.478789
0.480664
0.480664
0.481289
0.478164
0.472539
0.474414
0.472539
0.468789
0.470039
0.467539
0.465039
0.461914
0.459414
0.457539
0.454414
0.450664
0.448164
0.445664
0.443789
0.441914
0.438789
0.436914
0.434414
0.433164
0.430039
0.428789
0.428789
0.423789
0.425039
0.428164
0.430039
0.431914
0.430039
0.429414
0.428789
0.426289
0.426914
0.418789
0.418125
0.416875
0.413789
0.410664
0.409414
0.408789
0.408164
0.406289
0.404414
0.404414
0.400664
0.406289
0.396914
0.397539
0.401289
0.393789
0.391914
0.390039
0.389414
0.386289
0.388164
0.385664
0.389414
0.393789
0.393164
0.400664
0.407539
0.407539
0.404414
0.403789
0.405664
0.406289
0.410039
0.416289
0.412539
0.420039
0.419414
0.421914
0.419414
0.418164
0.420664
0.421914
0.420664
0.420664
0.418164
0.415039
0.416914
0.416289
0.411914
0.411289
0.410039
0.408789
0.406289
0.405664
0.403789
0.401289
0.400039
0.400664
0.406914
0.410664
0.410664
0.408789
0.4075
0.407539
0.40375
0.404414
0.4025
0.39375
0.396875
0.39625
0.396875
0.394375
0.392539
0.392539
0.392539
0.390664
0.390039
0.388164
0.388164
0.385039
0.391289
0.406289
0.415039
0.422539
0.441914
0.456289
0.461914
0.460664
0.466289
0.466914
0.470664
0.468789
0.468789
0.470039
0.466289
0.464414
0.463164
0.464414
0.468164
0.476914
0.475664
0.483164
0.486289
0.490039
0.485664
0.480664
0.476914
0.472539
0.469414
0.467539
0.464414
0.459414
0.464414
0.455039
0.451914
0.449414
0.448164
0.446914
0.441914
0.438789
0.435664
0.434414
0.430664
0.433164
0.433125
0.434375
0.436289
0.435664
0.438164
0.445625
0.445625
0.446875
0.451875
0.455
0.453125
0.449375
0.448125
0.446875
0.44625
0.445039
0.443789
0.441289
0.440664
0.440039
0.439414
0.435664
0.431914
0.431289
0.426914
0.426914
0.426914
0.425664
0.423789
0.421289
0.418164
0.418789
0.415664
0.420039
0.413164
0.413789
0.410039
0.411914
0.408789
0.408164
0.408789
0.408164
0.409414
0.406289
0.408164
0.407539
0.406289
0.403789
0.403164
0.403164
0.400664
0.400039
0.400664
0.399414
0.400664
0.401289
0.400039
0.398789
0.396289
0.396914
0.395664
0.395039
0.395039
0.393789
0.393164
0.393164
0.397539
0.398125
0.4025
0.404414
0.403789
0.406289
0.405625
0.405625
0.405
0.40375
0.403125
0.40125
0.401914
0.400664
0.400039
0.396914
0.398789
0.398164
0.398164
0.398164
0.396914
0.399414
0.396289
0.393164
0.395039
0.395039
0.393789
0.394414
0.394414
0.395039
0.396914
0.395039
0.395039
0.396289
0.398164
0.397539
0.398164
0.398789
0.396289
0.394414
0.393789
0.395664
0.400664
0.403789
0.406289
0.404414
0.412539
0.410664
0.415664
0.417539
0.417539
0.421289
0.421914
0.421914
0.419414
0.420039
0.415039
0.415039
0.417539
0.417539
0.416914
0.416289
0.416289
0.416914
0.413789
0.414414
0.414414
0.416289
0.421289
0.422539
0.422539
0.425
0.420664
0.419375
0.41875
0.416875
0.415
0.41375
0.41125
0.408125
0.405625
0.40375
0.401875
0.402539
0.401289
0.400039
0.398789
0.396914
0.395664
0.394414
0.395664
0.391289
0.390039
0.389414
0.385664
0.385664
0.383164
0.383164
0.381914
0.380039
0.379414
0.376289
0.373789
0.373164
0.370664
0.373164
0.369414
0.368164
0.370039
0.368789
0.367539
0.370664
0.368164
0.366914
0.368789
0.370039
0.370039
0.369414
0.368164
0.367539
0.365039
0.364414
0.365039
0.361914
0.359414
0.360039
0.359414
0.355664
0.358164
0.359414
0.358789
0.358789
0.358164
0.360039
0.363789
0.363789
0.361914
0.3675
0.373164
0.376289
0.375625
0.374375
0.375
0.374375
0.373164
0.373125
0.371289
0.368164
0.365
0.366914
0.37
0.375664
0.376289
0.381289
0.385664
0.388164
0.388164
0.383164
0.382539
0.381289
0.377539
0.373164
0.376914
0.375039
0.371914
0.370039
0.368164
0.366289
0.363164
0.358789
0.360039
0.358789
0.355039
0.352539
0.349414
0.350039
0.349414
0.348789
0.348789
0.353164
0.359414
0.359414
0.365664
0.372539
0.373789
0.371914
0.370039
0.368789
0.368164
0.369414
0.367539
0.361289
0.364414
0.356914
0.359414
0.356289
0.358789
0.361289
0.360664
0.360664
0.360039
0.36875
0.379375
0.3875
0.38875
0.39125
0.395039
0.4025
0.402539
0.403789
0.405664
0.405039
0.400664
0.3975
0.405664
0.405664
0.404375
0.400664
0.407539
0.410039
0.408164
0.406914
0.411289
0.410664
0.410039
0.411914
0.410664
0.406289
0.405039
0.405039
0.403164
0.400664
0.398164
0.394414
0.391289
0.389414
0.387539
0.381914
0.380664
0.376289
0.370664
0.368789
0.365664
0.363789
0.363789
0.368789
0.373789
0.373164
0.378164
0.380039
0.380664
0.380039
0.378164
0.376914
0.376914
0.373789
0.373164
0.373164
0.369414
0.368164
0.366914
0.365664
0.366289
0.363164
0.362539
0.360039
0.358164
0.361914
0.366289
0.368164
0.361875
0.365039
0.366289
0.365
0.366914
0.3675
0.365039
0.363164
0.361289
0.358125
0.355664
0.356289
0.351914
0.352539
0.350039
0.350039
0.348789
0.347539
0.346289
0.344414
0.343164
0.343164
0.338789
0.339414
0.341914
0.340039
0.339414
0.342539
0.348164
0.349414
0.358789
0.364414
0.368164
0.365039
0.365039
0.366289
0.364414
0.366914
0.365039
0.366289
0.366914
0.365664
0.365664
0.366289
0.364414
0.356289
0.362539
0.361289
0.362539
0.358164
0.356914
0.357539
0.360039
0.365039
0.368164
0.373164
0.381289
0.385039
0.383164
0.385039
0.385664
0.385039
0.385664
0.390664
0.400664
0.401914
0.4075
0.408789
0.416289
0.413789
0.412539
0.41375
0.410039
0.410625
0.408789
0.407539
0.404414
0.405039
0.39875
0.398125
0.39875
0.398164
0.399375
0.396914
0.395664
0.394414
0.392539
0.391914
0.391914
0.387539
0.390664
0.385039
0.383164
0.384414
0.381914
0.381914
0.380664
0.379414
0.378164
0.378789
0.375664
0.374414
0.373789
0.371914
0.370664
0.370664
0.371289
0.370039
0.370039
0.370039
0.370664
0.370664
0.373789
0.369414
0.371289
0.368164
0.368164
0.366914
0.366289
0.365664
0.365664
0.365039
0.366289
0.366289
0.363164
0.361289
0.363164
0.362539
0.363164
0.361914
0.366289
0.370039
0.374414
0.379414
0.37625
0.376914
0.374414
0.378164
0.374414
0.378164
0.376875
0.375625
0.374414
0.372539
0.373125
0.370039
0.370625
0.368789
0.368789
0.366914
0.366289
0.366289
0.367539
0.366914
0.366289
0.365039
0.363789
0.363789
0.361289
0.361914
0.360039
0.359414
0.359414
0.359414
0.358789
0.357539
0.355664
0.356289
0.351289
0.353164
0.353164
0.351914
0.351914
0.350664
0.350664
0.349414
0.349414
0.349414
0.351289
0.348789
0.351914
0.345664
0.345039
0.343164
0.343164
0.341914
0.341289
0.340039
0.340664
0.341289
0.338164
0.344414
0.336289
0.334414
0.330039
0.333789
0.333164
0.338789
0.341914
0.345039
0.345664
0.343789
0.343125
0.34125
0.340039
0.341914
0.34
0.338789
0.336875
0.334375
0.33375
0.333789
0.336875
0.333125
0.341289
0.341914
0.339414
0.343164
0.346914
0.348789
0.348164
0.349414
0.350664
0.353789
0.348789
0.347539
0.346289
0.345664
0.345039
0.341914
0.341914
0.341914
0.340039
0.338164
0.337539
0.337539
0.343164
0.334414
0.332539
0.335664
0.338164
0.339414
0.345039
0.351289
0.354414
0.355039
0.351914
0.350664
0.348789
0.344414
0.342539
0.343789
0.341289
0.338164
0.337539
0.336289
0.333789
0.333789
0.333164
0.328789
0.325664
0.321914
0.320039
0.319414
0.323164
0.326289
0.326289
0.324414
0.323789
0.321914
0.318789
0.316875
0.316289
0.313789
0.310664
0.308125
0.305
0.3025
0.29875
0.29875
0.295
0.288789
0.295664
0.299414
0.300664
0.304414
0.309414
0.311914
0.311914
0.308164
0.310664
0.307539
0.307539
0.305039
0.305664
0.301914
0.300039
0.298164
0.296914
0.295664
0.293164
0.290039
0.288164
0.286914
0.283164
0.278789
0.278164
0.277539
0.275664
0.275039
0.273164
0.271914
0.271914
0.271289
0.262539
0.263164
0.263164
0.260664
0.261289
0.258789
0.258164
0.255664
0.254414
0.251914
0.252539
0.248789
0.246289
0.251289
0.250664
0.248789
0.251289
0.253789
0.256914
0.258164
0.257539
0.257539
0.255664
0.259375
0.257539
0.255625
0.260625
0.251875
0.25
0.24875
0.245625
0.24375
0.243125
0.240625
0.241289
0.239375
0.237539
0.238789
0.239414
0.236914
0.236289
0.235664
0.233789
0.233164
0.230664
0.229414
0.230664
0.228164
0.230039
0.226914
0.227539
0.227539
0.225039
0.225664
0.225039
0.226289
0.221289
0.219414
0.220039
0.218789
0.218164
0.221289
0.221289
0.220664
0.220664
0.220664
0.222539
0.218789
0.220664
0.217539
0.216289
0.217539
0.215664
0.215664
0.215039
0.215039
0.213789
0.216914
0.213164
0.211914
0.212539
0.213789
0.211289
0.218164
0.220664
0.224414
0.226289
0.225625
0.225
0.225039
0.225625
0.223125
0.224375
0.221875
0.221875
0.221875
0.21875
0.218125
0.21625
0.215625
0.216289
0.216875
0.217539
0.216914
0.216914
0.213164
0.212539
0.213164
0.211289
0.210664
0.209414
0.210664
0.207539
0.203789
0.206914
0.206289
0.208164
0.205664
0.205039
0.205039
0.205039
0.203164
0.208789
0.211289
0.211914
0.216289
0.224414
0.225664
0.225664
0.226289
0.228164
0.230664
0.234414
0.233789
0.233164
0.235664
0.233789
0.231914
0.231289
0.229414
0.229414
0.228789
0.227539
0.226914
0.226289
0.225664
0.217539
0.223164
0.220039
0.222539
0.225664
0.228789
0.231914
0.233789
0.241289
0.2425
0.247539
0.2525
0.25625
0.25875
0.254375
0.2525
0.2525
0.25125
0.25
0.249414
0.25
0.25125
0.249375
0.245664
0.246914
0.245664
0.250039
0.243789
0.242539
0.240664
0.240039
0.238789
0.236914
0.235664
0.233789
0.231914
0.230664
0.230039
0.229414
0.226914
0.225664
0.223789
0.223164
0.221914
0.221914
0.220039
0.218789
0.213164
0.218789
0.216289
0.216289
0.215039
0.215039
0.214414
0.213164
0.213164
0.209414
0.210039
0.209414
0.208164
0.211289
0.211289
0.210664
0.210664
0.209414
0.207539
0.210664
0.208164
0.207539
0.206914
0.211289
0.215664
0.220039
0.221914
0.221914
0.221914
0.22125
0.225
0.223164
0.226875
0.225
0.224375
0.218789
0.22
0.22125
0.226914
0.231914
0.23125
0.231875
0.232539
0.235664
0.239375
0.248789
0.246289
0.248164
0.247539
0.246289
0.246914
0.247539
0.247539
0.248789
0.248164
0.248164
0.248789
0.248164
0.244414
0.244414
0.243164
0.241289
0.240039
0.238789
0.238164
0.235039
0.230664
0.232539
0.230039
0.233164
0.230664
0.230039
0.228789
0.229414
0.227539
0.227539
0.224414
0.215664
0.221289
0.223164
0.226914
0.218789
0.217539
0.218164
0.218164
0.218164
0.217539
0.216914
0.217539
0.215664
0.222539
0.225664
0.228164
0.230039
0.228789
0.228789
0.2275
0.227539
0.2275
0.223125
0.228125
0.225039
0.224375
0.225
0.224375
0.225039
0.225625
0.224375
0.225039
0.228125
0.224414
0.228789
0.225664
0.226289
0.224414
0.224414
0.221914
0.223164
0.223164
0.223789
0.223789
0.221289
0.218164
0.220039
0.219414
0.216914
0.219414
0.221914
0.221914
0.221289
0.221289
0.221914
0.221914
0.222539
0.222539
0.222539
0.223164
0.225664
0.226289
0.226914
0.227539
0.228789
0.227539
0.228789
0.231289
0.226289
0.227539
0.229414
0.226914
0.227539
0.228789
0.236289
0.238789
0.242539
0.250664
0.253164
0.255664
0.259414
0.263164
0.263789
0.263164
0.263164
0.265039
0.263164
0.263789
0.2675
0.271289
0.270625
0.270625
0.277539
0.283789
0.281875
0.280625
0.278789
0.28
0.28125
0.283789
0.280664
0.28125
0.278789
0.275664
0.275039
0.275664
0.275039
0.273789
0.277539
0.278789
0.279414
0.283164
0.285664
0.284414
0.285039
0.282539
0.283164
0.283164
0.281914
0.281289
0.279414
0.277539
0.276289
0.273164
0.273789
0.274414
0.272539
0.269414
0.273789
0.276914
0.280039
0.282539
0.287539
0.289414
0.285664
0.289414
0.285039
0.284414
0.282539
0.284414
0.282539
0.283789
0.280664
0.279414
0.280039
0.275664
0.282539
0.278789
0.281289
0.293164
0.285039
0.283164
0.283789
0.283164
0.281875
0.28125
0.280664
0.280625
0.276875
0.274375
0.274375
0.272539
0.270039
0.26875
0.268125
0.26875
0.268125
0.26875
0.261914
0.265
0.261914
0.262539
0.264414
0.264414
0.263164
0.261289
0.262539
0.258789
0.260039
0.256289
0.258789
0.256914
0.256914
0.254414
0.255039
0.253789
0.253164
0.254414
0.255039
0.252539
0.250664
0.255664
0.251914
0.251289
0.250039
0.252539
0.252539
0.253789
0.251914
0.252539
0.250039
0.249414
0.250039
0.248789
0.245664
0.245039
0.247539
0.248789
0.246914
0.246914
0.246914
0.246289
0.248164
0.255664
0.256289
0.261914
0.261914
0.260039
0.261914
0.260039
0.259414
0.259414
0.258789
0.260664
0.258789
0.258789
0.2575
0.258164
0.255
0.25375
0.253125
0.254375
0.255
0.254375
0.260625
0.262539
0.265664
0.268789
0.275039
0.273164
0.280039
0.285039
0.285664
0.291914
0.296914
0.299414
0.296914
0.298789
0.298164
0.296914
0.297539
0.296289
0.297539
0.294414
0.295039
0.293164
0.290664
0.289414
0.288164
0.286289
0.286289
0.283789
0.283789
0.283164
0.283789
0.283789
0.282539
0.282539
0.281289
0.279414
0.279414
0.283164
0.284414
0.283164
0.282539
0.281289
0.281914
0.281289
0.281914
0.285039
0.290664
0.295664
0.302539
0.300664
0.300039
0.299414
0.298789
0.296289
0.294414
0.29375
0.29625
0.293125
0.285039
0.29
0.28625
0.29
0.28625
0.285039
0.283125
0.2825
0.281875
0.28125
0.279414
0.278789
0.277539
0.276914
0.276289
0.274414
0.273164
0.272539
0.271289
0.270664
0.270039
0.269414
0.262539
0.266289
0.261289
0.263164
0.263789
0.263164
0.261914
0.260664
0.260039
0.256914
0.257539
0.253164
0.253164
0.255664
0.256289
0.256914
0.255664
0.255664
0.254414
0.253164
0.253789
0.253789
0.250039
0.256914
0.250039
0.248164
0.247539
0.250039
0.248789
0.248164
0.248789
0.248164
0.252539
0.253789
0.261289
0.261289
0.262539
0.258789
0.260039
0.260039
0.260664
0.26
0.25875
0.259375
0.259375
0.25875
0.2525
0.254375
0.253125
0.251875
0.248125
0.248125
0.24875
0.247539
0.2475
0.247539
0.246914
0.248164
0.251914
0.250039
0.256289
0.259414
0.262539
0.263164
0.261289
0.261289
0.263789
0.261914
0.260039
0.263789
0.264414
0.267539
0.260664
0.258789
0.258164
0.256914
0.254414
0.254414
0.251914
0.253164
0.251289
0.251289
0.251914
0.250039
0.250039
0.247539
0.246289
0.244414
0.243164
0.241914
0.241289
0.239414
0.238164
0.238164
0.238164
0.240664
0.238164
0.239414
0.240039
0.243164
0.247539
0.248789
0.248789
0.246914
0.246914
0.2475
0.248789
0.246289
0.245625
0.245
0.24625
0.245
0.241875
0.24375
0.238125
0.235
0.23625
0.235
0.23625
0.234375
0.233789
0.233164
0.234414
0.231289
0.223789
0.229414
0.229414
0.225039
0.226289
0.224414
0.225664
0.224414
0.223789
0.223164
0.221289
0.220664
0.220039
0.219414
0.219414
0.215664
0.215664
0.215664
0.213164
0.212539
0.212539
0.213164
0.210039
0.214414
0.207539
0.211914
0.210664
0.211914
0.210039
0.208164
0.207539
0.206289
0.206914
0.201914
0.203164
0.202539
0.203164
0.202539
0.202539
0.200664
0.201289
0.200664
0.206914
0.211914
0.213789
0.213164
0.209414
0.213789
0.214414
0.215
0.21375
0.214375
0.214375
0.21375
0.214375
0.21125
0.210625
0.209375
0.2075
0.203164
0.20375
0.203125
0.202539
0.201914
0.20125
0.200664
0.200664
0.202539
0.199414
0.201289
0.197539
0.196289
0.195664
0.194414
0.193164
0.192539
0.192539
0.191914
0.191289
0.190664
0.189414
0.188164
0.186914
0.185664
0.187539
0.186914
0.186914
0.185664
0.188789
0.188164
0.183164
0.186914
0.187539
0.187539
0.188164
0.188164
0.190664
0.196289
0.196289
0.198164
0.196289
0.192539
0.207539
0.213789
0.220664
0.215039
0.218789
0.219414
0.221914
0.224414
0.227539
0.228164
0.228164
0.226289
0.228164
0.231289
0.235039
0.235
0.2375
0.243125
0.244375
0.2425
0.241875
0.23625
0.235625
0.23375
0.233125
0.238789
0.243789
0.24625
0.250039
0.255
0.256289
0.254414
0.251289
0.253164
0.248164
0.244414
0.245664
0.243789
0.243789
0.245664
0.246289
0.246289
0.247539
0.245664
0.237539
0.241289
0.240039
0.237539
0.236289
0.233789
0.233164
0.231914
0.231914
0.234414
0.239414
0.240039
0.243789
0.253164
0.256914
0.258789
0.264414
0.264414
0.266289
0.269414
0.269414
0.268789
0.266289
0.265664
0.269414
0.270664
0.268164
0.265039
0.265664
0.267539
0.268789
0.270664
0.270664
0.265664
0.274414
0.281289
0.280664
0.279414
0.2775
0.2775
0.284414
0.291289
0.293164
0.291875
0.289414
0.295664
0.286875
0.288164
0.28375
0.286289
0.28625
0.285
0.283125
0.281914
0.281914
0.278164
0.275664
0.275664
0.272539
0.270039
0.270039
0.268789
0.267539
0.266289
0.265039
0.263789
0.263164
0.262539
0.258164
0.261914
0.257539
0.256914
0.256289
0.255664
0.254414
0.254414
0.254414
0.255039
0.254414
0.256289
0.255039
0.256914
0.256289
0.254414
0.253789
0.252539
0.252539
0.254414
0.255039
0.255039
0.258789
0.254414
0.251914
0.255664
0.259414
0.264414
0.273164
0.282539
0.291914
0.297539
0.295039
0.287539
0.295039
0.296914
0.295625
0.2975
0.29875
0.30375
0.312539
0.3125
0.31875
0.325039
0.3275
0.325
0.323164
0.325039
0.325625
0.326289
0.32625
0.325664
0.325664
0.324414
0.322539
0.316914
0.320664
0.318789
0.317539
0.316914
0.316914
0.316289
0.316289
0.315664
0.317539
0.320039
0.316914
0.320664
0.316914
0.316289
0.310039
0.315039
0.316914
0.321289
0.327539
0.331289
0.338789
0.344414
0.346914
0.347539
0.348164
0.343164
0.346289
0.345664
0.347539
0.346289
0.345039
0.346914
0.346289
0.348164
0.346914
0.347539
0.342539
0.345664
0.347539
0.351289
0.355039
0.356914
0.355664
0.356289
0.353789
0.355664
0.356914
0.3575
0.358125
0.357539
0.36
0.359414
0.35875
0.355039
0.3575
0.352539
0.35125
0.356875
0.351875
0.355
0.36
0.365
0.36625
0.371289
0.376914
0.381914
0.379414
0.386289
0.378164
0.378789
0.385664
0.379414
0.378789
0.378789
0.378789
0.379414
0.381289
0.376914
0.376914
0.376914
0.373164
0.373164
0.373789
0.371914
0.369414
0.368789
0.367539
0.366914
0.366289
0.367539
0.365039
0.368164
0.363164
0.363789
0.363789
0.361914
0.361289
0.360664
0.359414
0.360039
0.358789
0.356289
0.359414
0.355664
0.357539
0.362539
0.365664
0.370039
0.370039
0.370039
0.370039
0.366914
0.369414
0.3675
0.367539
0.361875
0.364375
0.364414
0.364375
0.362539
0.360625
0.36125
0.358164
0.3575
0.3575
0.359375
0.368125
0.36875
0.37375
0.38125
0.383789
0.383164
0.384414
0.383164
0.384414
0.382539
0.383164
0.383164
0.380664
0.379414
0.379414
0.377539
0.376289
0.375664
0.374414
0.366914
0.371289
0.370039
0.371289
0.385039
0.395039
0.399414
0.414414
0.426914
0.431914
0.432539
0.428789
0.431914
0.435664
0.438164
0.436289
0.431914
0.428789
0.426914
0.425039
0.424414
0.422539
0.418164
0.418789
0.413789
0.416289
0.411289
0.421914
0.421289
0.420039
0.425039
0.431289
0.433789
0.431289
0.43
0.428164
0.426914
0.429375
0.42875
0.427539
0.42625
0.425
0.4225
0.42125
0.424375
0.42875
0.42875
0.43375
0.436875
0.43375
0.434375
0.431914
0.434414
0.438789
0.438164
0.441914
0.442539
0.440039
0.439414
0.442539
0.456914
0.463789
0.469414
0.481289
0.487539
0.485664
0.485039
0.481914
0.486914
0.483789
0.484414
0.480039
0.476914
0.470039
0.466914
0.463789
0.460664
0.460039
0.455039
0.455039
0.451289
0.446289
0.445664
0.441289
0.440039
0.434414
0.432539
0.431289
0.427539
0.425039
0.423789
0.422539
0.418789
0.420664
0.423164
0.428164
0.426914
0.425039
0.423789
0.422539
0.4225
0.421289
0.416914
0.41375
0.413125
0.41375
0.412539
0.41
0.408125
0.40625
0.40375
0.4025
0.399375
0.39375
0.395039
0.393164
0.395039
0.393125
0.391289
0.391289
0.389414
0.388789
0.393164
0.396289
0.398789
0.401914
0.408789
0.412539
0.413164
0.412539
0.412539
0.412539
0.412539
0.414414
0.413789
0.413789
0.411289
0.408789
0.408164
0.405039
0.406289
0.405039
0.404414
0.404414
0.403789
0.405039
0.400039
0.405664
0.402539
0.401914
0.402539
0.401914
0.400664
0.401289
0.400664
0.399414
0.400664
0.395664
0.397539
0.394414
0.405039
0.405039
0.409414
0.413164
0.412539
0.410664
0.411914
0.412539
0.409414
0.417539
0.416289
0.424375
0.4275
0.430664
0.44
0.445625
0.446289
0.445664
0.445
0.444414
0.44375
0.442539
0.441289
0.441875
0.441289
0.439414
0.438164
0.436914
0.434414
0.432539
0.431914
0.431289
0.428789
0.426914
0.426914
0.423789
0.422539
0.420664
0.418789
0.418789
0.416914
0.416289
0.413789
0.412539
0.414414
0.414414
0.419414
0.421289
0.428164
0.430039
0.429414
0.426914
0.430039
0.430039
0.432539
0.440664
0.440664
0.443164
0.445664
0.446914
0.445664
0.444414
0.442539
0.443789
0.441289
0.434414
0.440664
0.446289
0.450664
0.450664
0.448789
0.449414
0.446914
0.445039
0.443164
0.441914
0.440625
0.436289
0.435039
0.433164
0.43125
0.430625
0.42875
0.42625
0.425625
0.43375
0.445
0.445664
0.456289
0.47
0.477539
0.476289
0.473164
0.475039
0.475039
0.475039
0.473789
0.473164
0.470039
0.465664
0.465664
0.461914
0.455664
0.458789
0.457539
0.454414
0.451914
0.450039
0.448789
0.445039
0.438789
0.440039
0.439414
0.435039
0.433164
0.431289
0.430664
0.429414
0.428789
0.428789
0.426289
0.426289
0.423164
0.420039
0.418789
0.417539
0.416289
0.413789
0.412539
0.411914
0.410664
0.408789
0.404414
0.410039
0.410664
0.415664
0.416289
0.416289
0.415039
0.413789
0.413164
0.411914
0.414414
0.416289
0.41875
0.424375
0.428125
0.436289
0.436875
0.434375
0.432539
0.433125
0.433125
0.431914
0.426875
0.428164
0.425
0.424414
0.427539
0.421914
0.420664
0.416914
0.415664
0.413789
0.413164
0.409414
0.406914
0.405039
0.402539
0.400664
0.400664
0.398789
0.396914
0.396289
0.394414
0.393789
0.391289
0.391914
0.388164
0.388164
0.384414
0.382539
0.381914
0.380039
0.380664
0.379414
0.379414
0.379414
0.378789
0.377539
0.372539
0.371289
0.371289
0.370664
0.369414
0.368164
0.366289
0.365664
0.366289
0.363789
0.371914
0.368164
0.374414
0.377539
0.375664
0.373789
0.373789
0.376289
0.381289
0.384414
0.385625
0.393125
0.395
0.395
0.393125
0.39375
0.3925
0.39125
0.390625
0.389414
0.386875
0.385
0.383789
0.380625
0.381289
0.378789
0.37875
0.376914
0.375039
0.373789
0.371914
0.370039
0.368164
0.364414
0.364414
0.364414
0.361914
0.360664
0.357539
0.356289
0.355039
0.354414
0.353789
0.352539
0.348164
0.350664
0.347539
0.344414
0.338164
0.341914
0.341289
0.340039
0.338789
0.337539
0.338789
0.335039
0.333164
0.332539
0.332539
0.326289
0.329414
0.328164
0.326914
0.325664
0.324414
0.323789
0.323164
0.330039
0.331289
0.333164
0.333164
0.334414
0.333789
0.331914
0.331289
0.33
0.329375
0.32875
0.321914
0.328164
0.324414
0.324375
0.325039
0.323125
0.324414
0.324375
0.323125
0.321875
0.32125
0.31625
0.3175
0.3175
0.318164
0.313164
0.313789
0.312539
0.311289
0.310039
0.308789
0.308789
0.305664
0.307539
0.302539
0.300664
0.302539
0.298164
0.296289
0.295664
0.293789
0.292539
0.293789
0.291914
0.289414
0.288164
0.285039
0.284414
0.286914
0.283789
0.282539
0.281914
0.280664
0.279414
0.280039
0.280039
0.273789
0.276914
0.271914
0.270039
0.270039
0.269414
0.268789
0.266914
0.265664
0.269414
0.271289
0.273789
0.273789
0.273789
0.271914
0.271289
0.272539
0.270664
0.271914
0.270664
0.271289
0.267539
0.2625
0.2625
0.2625
0.260664
0.264375
0.2625
0.259375
0.25875
0.255625
0.256875
0.2525
0.255625
0.25375
0.250625
0.248164
0.249414
0.249414
0.247539
0.246289
0.245039
0.243164
0.242539
0.241289
0.239414
0.238789
0.236914
0.235664
0.235039
0.233789
0.232539
0.231289
0.230039
0.228789
0.224414
0.224414
0.222539
0.222539
0.221914
0.221914
0.220039
0.218789
0.218789
0.218789
0.219414
0.216289
0.217539
0.215664
0.215039
0.214414
0.213789
0.211914
0.210039
0.209414
0.210664
0.216289
0.215664
0.225039
0.221914
0.216914
0.220664
0.218789
0.216289
0.213789
0.213164
0.21125
0.211289
0.208125
0.20875
0.2075
0.2075
0.207539
0.204375
0.202539
0.200625
0.200039
0.198125
0.196875
0.195625
0.191875
0.194375
0.189375
0.19125
0.191875
0.191289
0.190039
0.187539
0.186914
0.185039
0.185664
0.184414
0.189414
0.190039
0.194414
0.199414
0.200664
0.201289
0.200039
0.199414
0.200039
0.200664
0.196914
0.203164
0.195039
0.195039
0.200664
0.193164
0.192539
0.191289
0.190039
0.190664
0.191914
0.188164
0.188164
0.186289
0.181289
0.181289
0.180664
0.180039
0.176914
0.175664
0.175664
0.181289
0.186289
0.191914
0.188164
0.188789
0.188164
0.187539
0.187539
0.186289
0.184414
0.182539
0.181914
0.181289
0.18
0.180664
0.176914
0.175039
0.175
0.1725
0.170625
0.169375
0.16875
0.16625
0.168125
0.165625
0.161914
0.16375
0.165039
0.160664
0.163789
0.162539
0.161914
0.160664
0.158164
0.160039
0.157539
0.158164
0.155664
0.155664
0.153164
0.153164
0.153164
0.151289
0.149414
0.150039
0.149414
0.147539
0.148164
0.146914
0.145039
0.145664
0.146289
0.145039
0.146289
0.146289
0.148164
0.147539
0.148789
0.141914
0.146914
0.141289
0.146914
0.143789
0.144414
0.145039
0.145664
0.149414
0.153164
0.159414
0.160039
0.158789
0.160664
0.158164
0.156289
0.158164
0.158164
0.156914
0.156289
0.156289
0.156914
0.155039
0.15
0.15375
0.155
0.154375
0.151875
0.15125
0.15
0.149375
0.146875
0.148125
0.146875
0.147539
0.146289
0.146875
0.146289
0.145039
0.145039
0.145039
0.143789
0.143164
0.142539
0.143164
0.141289
0.141289
0.138164
0.141914
0.139414
0.140664
0.140039
0.140039
0.139414
0.140039
0.140664
0.135664
0.135039
0.135664
0.134414
0.137539
0.136914
0.137539
0.136914
0.137539
0.137539
0.138789
0.135664
0.131914
0.135664
0.136289
0.135664
0.134414
0.135664
0.135664
0.140039
0.143789
