0.117539
0.116289
0.120039
0.113164
0.116289
0.115664
0.114414
0.113164
0.111914
0.115039
0.112539
0.110664
0.111289
0.113164
0.115039
0.113164
0.108789
0.109414
0.108789
0.108164
0.108164
0.106914
0.106914
0.106289
0.105664
0.106289
0.106289
0.105664
0.105664
0.105039
0.105039
0.105664
0.105664
0.099414
0.104414
0.1
0.100039
0.101914
0.103789
0.103789
0.104414
0.104414
0.102539
0.10375
0.098164
0.098164
0.1
0.1
0.098125
0.099375
0.099375
0.099414
0.106914
0.112539
0.116914
0.115664
0.121914
0.115039
0.118789
0.114414
0.119414
0.120039
0.118164
0.118789
0.119414
0.120039
0.119414
0.118789
0.115664
0.116289
0.115664
0.115664
0.116289
0.113789
0.112539
0.111289
0.111289
0.111914
0.113789
0.111914
0.113164
0.114414
0.111289
0.111289
0.110664
0.108789
0.108789
0.108789
0.108789
0.105664
0.104414
0.105664
0.103789
0.106289
0.106289
0.106289
0.106289
0.105664
0.103164
0.105664
0.102539
0.101289
0.10375
0.103125
0.110625
0.10375
0.103164
0.105
0.104375
0.104375
0.10375
0.101875
0.09625
0.100625
0.100625
0.096914
0.100625
0.10125
0.103164
0.108789
0.113789
0.116289
0.117539
0.117539
0.116914
0.117539
0.117539
0.116914
0.116914
0.116289
0.115664
0.115039
0.114414
0.115664
0.115039
0.114414
0.115664
0.112539
0.111914
0.111914
0.111289
0.110039
0.108789
0.109414
0.110039
0.108789
0.108164
0.111289
0.109414
0.111914
0.109414
0.109414
0.108164
0.107539
0.106914
0.108789
0.107539
0.103164
0.106914
0.108164
0.105039
0.106914
0.106914
0.106914
0.105664
0.107539
0.107539
0.106289
0.107539
0.106289
0.106289
0.106914
0.10625
0.105625
0.1075
0.107539
0.10625
0.105625
0.105039
0.1
0.1025
0.100625
0.100625
0.101289
0.102539
0.107539
0.111289
0.116914
0.119414
0.121914
0.118164
0.120039
0.123164
0.121914
0.123789
0.122539
0.123164
0.122539
0.122539
0.123164
0.122539
0.120039
0.125039
0.118789
0.118164
0.115039
0.116289
0.115664
0.113789
0.113789
0.112539
0.114414
0.113789
0.115039
0.115039
0.116289
0.118164
0.118789
0.116914
0.115664
0.115039
0.114414
0.114414
0.115039
0.116914
0.114414
0.115664
0.115039
0.113789
0.112539
0.114414
0.120664
0.126289
0.128164
0.13
0.135039
0.14125
0.146289
0.151875
0.154375
0.154375
0.15625
0.15875
0.159375
0.160039
0.163164
0.161875
0.163789
0.159375
0.155039
0.159375
0.1575
0.163164
0.166289
0.170039
0.169414
0.170039
0.168789
0.165039
0.167539
0.166914
0.162539
0.162539
0.162539
0.160039
0.159414
0.157539
0.155664
0.155039
0.154414
0.151914
0.151914
0.151289
0.150039
0.148164
0.147539
0.146289
0.145039
0.145039
0.145664
0.141914
0.144414
0.146289
0.145039
0.143789
0.143789
0.143164
0.142539
0.144414
0.145039
0.145039
0.145664
0.152539
0.153164
0.156914
0.161289
0.160664
0.159414
0.158789
0.158164
0.161289
0.168789
0.176289
0.174375
0.185625
0.190625
0.191875
0.193125
0.196289
0.196914
0.200664
0.203125
0.205
0.209414
0.210039
0.209414
0.208164
0.20875
0.211914
0.215625
0.216914
0.217539
0.220664
0.221289
0.220039
0.216914
0.223789
0.226289
0.233164
0.237539
0.236914
0.237539
0.240039
0.240664
0.240039
0.240039
0.234414
0.233789
0.235664
0.234414
0.230039
0.233789
0.236289
0.236914
0.242539
0.248164
0.250039
0.246914
0.254414
0.251289
0.256289
0.255039
0.259414
0.263164
0.262539
0.265664
0.266289
0.274414
0.279414
0.280664
0.280039
0.280664
0.286914
0.290039
0.286914
0.286914
0.287539
0.288789
0.290039
0.288789
0.290664
0.290625
0.294375
0.29375
0.298164
0.3
0.2975
0.297539
0.301289
0.305664
0.310039
0.310625
0.310625
0.320039
0.32125
0.324414
0.325039
0.325039
0.325039
0.327539
0.329414
0.330664
0.333164
0.338164
0.340039
0.341914
0.350039
0.350664
0.353164
0.355664
0.363164
0.365039
0.364414
0.361914
0.363789
0.373164
0.387539
0.388789
0.398164
0.405664
0.408164
0.406914
0.406914
0.408164
0.409414
0.410664
0.410664
0.412539
0.408789
0.406289
0.406914
0.408164
0.410039
0.410039
0.415039
0.416914
0.411289
0.413789
0.417539
0.420039
0.417539
0.425664
0.430039
0.431914
0.431914
0.436914
0.443164
0.441914
0.445664
0.448789
0.454414
0.453164
0.454414
0.451289
0.456914
0.465664
0.466875
0.471875
0.473164
0.48
0.47125
0.474375
0.481289
0.478789
0.477539
0.476289
0.474414
0.472539
0.470664
0.469414
0.470664
0.468164
0.468164
0.468789
0.467539
0.467539
0.468164
0.468789
0.467539
0.467539
0.466914
0.461914
0.465664
0.467539
0.476289
0.480664
0.480664
0.485664
0.493164
0.497539
0.499414
0.503789
0.506914
0.510664
0.515039
0.516914
0.518789
0.526914
0.533789
0.533789
0.539414
0.545664
0.552539
0.551289
0.557539
0.552539
0.556289
0.560664
0.553164
0.553789
0.553789
0.553789
0.555039
0.554414
0.553164
0.553789
0.551914
0.548789
0.553164
0.560039
0.565664
0.56375
0.571289
0.57875
0.578164
0.585039
0.589414
0.591875
0.592539
0.596914
0.598164
0.603164
0.602539
0.605664
0.607539
0.608164
0.608164
0.608164
0.609414
0.608164
0.610664
0.607539
0.605039
0.605039
0.603789
0.608164
0.607539
0.611914
0.611914
0.607539
0.610039
0.612539
0.621914
0.628164
0.638164
0.651289
0.665039
0.674414
0.680039
0.677539
0.681914
0.685039
0.687539
0.686914
0.690039
0.689414
0.687539
0.685039
0.683789
0.680039
0.678789
0.676914
0.673164
0.670664
0.668164
0.668789
0.670664
0.670664
0.672539
0.671914
0.671914
0.677539
0.672539
0.679414
0.680039
0.677539
0.677539
0.679414
0.682539
0.683125
0.6825
0.683164
0.686875
0.68375
0.68375
0.687539
0.695039
0.690039
0.693789
0.699414
0.704414
0.706289
0.704414
0.703789
0.699414
0.698164
0.699414
0.698164
0.706289
0.706289
0.707539
0.708789
0.711914
0.710664
0.710664
0.706914
0.706289
0.705039
0.705039
0.709414
0.711289
0.710039
0.708789
0.706289
0.705039
0.705039
0.705664
0.705039
0.706914
0.701914
0.703164
0.700039
0.698164
0.696914
0.694414
0.692539
0.691914
0.692539
0.688164
0.686914
0.689414
0.686289
0.685039
0.685039
0.683789
0.681914
0.680039
0.676289
0.678164
0.674414
0.671289
0.670625
0.67125
0.683164
0.683164
0.680625
0.68
0.68375
0.689375
0.69875
0.6975
0.6925
0.705
0.707539
0.711914
0.705039
0.705039
0.705039
0.705664
0.706914
0.708789
0.707539
0.710039
0.706289
0.706289
0.702539
0.701289
0.699414
0.697539
0.696914
0.698164
0.698789
0.698164
0.697539
0.696914
0.702539
0.709414
0.712539
0.710039
0.710664
0.709414
0.710039
0.707539
0.707539
0.705039
0.697539
0.698789
0.695039
0.694414
0.691289
0.693789
0.697539
0.697539
0.701289
0.706289
0.702539
0.700039
0.696289
0.695039
0.694414
0.700664
0.700664
0.701914
0.706289
0.707539
0.705039
0.703789
0.709414
0.71125
0.710664
0.71375
0.714375
0.711289
0.708125
0.706875
0.711875
0.71125
0.711875
0.70875
0.715
0.713789
0.713164
0.713164
0.711289
0.708164
0.705039
0.700664
0.697539
0.694414
0.688164
0.685664
0.683164
0.678164
0.673164
0.672539
0.669414
0.666289
0.662539
0.660664
0.658164
0.651289
0.646289
0.643789
0.640664
0.638789
0.635039
0.632539
0.630664
0.627539
0.625039
0.625664
0.630039
0.630664
0.631289
0.637539
0.641289
0.639414
0.637539
0.634414
0.633164
0.633164
0.630664
0.630039
0.626289
0.628164
0.631914
0.634414
0.634414
0.638789
0.639414
0.637539
0.633789
0.631914
0.631914
0.631289
0.640039
0.641875
0.64125
0.649414
0.655664
0.6575
0.655664
0.653164
0.657539
0.663789
0.662539
0.663789
0.668164
0.672539
0.666914
0.665664
0.665664
0.663789
0.660039
0.656914
0.655664
0.650039
0.648789
0.648164
0.655039
0.650664
0.651289
0.651914
0.654414
0.655039
0.651914
0.646289
0.643164
0.640664
0.636289
0.636914
0.630039
0.628789
0.625039
0.622539
0.618789
0.616289
0.613789
0.611289
0.608164
0.606914
0.603789
0.600664
0.594414
0.590664
0.587539
0.584414
0.581914
0.579414
0.578789
0.575664
0.571914
0.571914
0.568789
0.566914
0.565664
0.563164
0.561289
0.559414
0.556914
0.556289
0.551914
0.544375
0.55125
0.55125
0.54875
0.548125
0.545
0.543164
0.54
0.54
0.536289
0.541289
0.543164
0.540664
0.541289
0.542539
0.549414
0.552539
0.570039
0.573789
0.590664
0.610039
0.618789
0.610664
0.616289
0.618164
0.617539
0.619414
0.619414
0.621914
0.621914
0.618789
0.615664
0.616289
0.613789
0.622539
0.623789
0.622539
0.615039
0.618789
0.617539
0.618789
0.618789
0.618789
0.618789
0.615039
0.611289
0.614414
0.614414
0.620039
0.614414
0.610664
0.608164
0.605664
0.603789
0.602539
0.598789
0.596289
0.593164
0.590664
0.588164
0.585664
0.584414
0.579414
0.576289
0.57375
0.570664
0.568125
0.565039
0.56125
0.5625
0.558164
0.555039
0.552539
0.552539
0.549414
0.54625
0.545039
0.54875
0.55
0.553789
0.55125
0.552539
0.554414
0.558164
0.559414
0.555039
0.557539
0.560664
0.564414
0.560039
0.559414
0.555664
0.560664
0.556289
0.556914
0.555039
0.553789
0.551914
0.549414
0.549414
0.544414
0.542539
0.538789
0.535664
0.534414
0.534414
0.532539
0.531914
0.528789
0.528164
0.526914
0.525039
0.524414
0.521914
0.528789
0.528789
0.530664
0.537539
0.543164
0.546914
0.545039
0.544414
0.544414
0.541914
0.543164
0.543789
0.543164
0.540664
0.537539
0.536289
0.532539
0.53125
0.530625
0.531914
0.5325
0.538789
0.536289
0.541289
0.543125
0.546914
0.544375
0.541289
0.540664
0.543125
0.546914
0.548789
0.547539
0.549414
0.545039
0.541914
0.543789
0.541289
0.540664
0.536914
0.536914
0.536289
0.533789
0.533789
0.529414
0.528789
0.526914
0.528789
0.531289
0.531914
0.530664
0.532539
0.537539
0.538164
0.530039
0.530664
0.527539
0.526914
0.526914
0.527539
0.526289
0.526914
0.524414
0.525039
0.523164
0.516914
0.519414
0.513789
0.513789
0.508789
0.508789
0.510039
0.516289
0.517539
0.523789
0.530039
0.531914
0.537539
0.528789
0.527539
0.531914
0.525039
0.525039
0.521914
0.520039
0.518125
0.518789
0.51625
0.516914
0.513789
0.509375
0.506875
0.504375
0.503125
0.498789
0.496875
0.5
0.5025
0.505664
0.506289
0.5025
0.501914
0.499414
0.499414
0.499414
0.496914
0.494414
0.491289
0.487539
0.489414
0.484414
0.483789
0.484414
0.481914
0.478789
0.477539
0.474414
0.473164
0.471289
0.468164
0.470039
0.466289
0.464414
0.460664
0.462539
0.464414
0.459414
0.458164
0.458164
0.458164
0.458789
0.460039
0.453789
0.453789
0.450664
0.447539
0.445039
0.445039
0.445039
0.441914
0.441914
0.440039
0.438789
0.436914
0.436289
0.432539
0.432539
0.428789
0.428789
0.428789
0.426914
0.427539
0.425
0.425039
0.425625
0.421914
0.422539
0.418164
0.4225
0.420625
0.41875
0.41875
0.41875
0.421875
0.425
0.426875
0.423789
0.425625
0.424414
0.420664
0.418164
0.417539
0.416914
0.414414
0.412539
0.410039
0.410039
0.405039
0.397539
0.405039
0.414414
0.431289
0.438789
0.451914
0.471289
0.483164
0.486914
0.485039
0.483789
0.486289
0.488164
0.487539
0.484414
0.480039
0.477539
0.477539
0.476914
0.474414
0.470664
0.467539
0.460664
0.460039
0.453789
0.452539
0.451914
0.449414
0.447539
0.444414
0.441914
0.440664
0.441289
0.433789
0.431289
0.430664
0.428164
0.426914
0.436289
0.440664
0.441914
0.448164
0.449414
0.446875
0.448789
0.454375
0.454375
0.4525
0.453125
0.4575
0.464414
0.4625
0.466289
0.475
0.478789
0.474414
0.474414
0.472539
0.469414
0.465039
0.469414
0.474414
0.471914
0.473789
0.475664
0.473789
0.471289
0.470664
0.466289
0.463164
0.460664
0.457539
0.455039
0.451914
0.448164
0.445039
0.441914
0.440039
0.438164
0.439414
0.438789
0.439414
0.445664
0.445039
0.445039
0.442539
0.439414
0.435664
0.436914
0.433789
0.429414
0.426289
0.426289
0.419414
0.420039
0.416914
0.413789
0.412539
0.410039
0.410039
0.404414
0.402539
0.399414
0.397539
0.394414
0.393789
0.392539
0.390039
0.388164
0.38625
0.385664
0.389414
0.398164
0.396914
0.400625
0.408164
0.411289
0.409414
0.42
0.420625
0.427539
0.431914
0.431914
0.428789
0.425664
0.423164
0.423164
0.425664
0.425664
0.423789
0.422539
0.421914
0.420664
0.421289
0.418164
0.418789
0.415039
0.411914
0.406914
0.410664
0.409414
0.408789
0.408164
0.406914
0.406914
0.402539
0.396914
0.399414
0.398789
0.397539
0.398164
0.396289
0.396914
0.396914
0.395664
0.398789
0.398164
0.399414
0.398789
0.400039
0.398789
0.396914
0.396289
0.396289
0.395039
0.394414
0.393164
0.393164
0.388789
0.391914
0.385664
0.387539
0.388164
0.387539
0.386289
0.386289
0.384375
0.38375
0.385625
0.38125
0.384375
0.378789
0.377539
0.379375
0.380625
0.384375
0.38875
0.393164
0.395039
0.394414
0.393164
0.396914
0.392539
0.393164
0.392539
0.393789
0.391914
0.390039
0.389414
0.389414
0.390664
0.386914
0.387539
0.386914
0.386914
0.385039
0.386289
0.385039
0.383164
0.381914
0.383164
0.381289
0.380664
0.382539
0.379414
0.381289
0.378789
0.378164
0.378789
0.378789
0.378789
0.377539
0.376914
0.376289
0.376289
0.377539
0.376914
0.375039
0.376289
0.375664
0.376914
0.376289
0.376289
0.376289
0.377539
0.375664
0.371914
0.375039
0.374414
0.368789
0.374414
0.375625
0.376875
0.3825
0.388125
0.391875
0.394375
0.396875
0.411875
0.411289
0.409414
0.422539
0.428125
0.431875
0.43375
0.438789
0.445664
0.449414
0.451289
0.458789
0.466289
0.466914
0.463164
0.463164
0.463789
0.463789
0.463789
0.462539
0.461289
0.456914
0.455664
0.451289
0.452539
0.454414
0.451289
0.446914
0.443789
0.441914
0.438164
0.435039
0.431914
0.434414
0.430039
0.426914
0.425664
0.425039
0.424414
0.422539
0.419414
0.416914
0.415664
0.410039
0.401289
0.405664
0.403164
0.405664
0.398789
0.397539
0.395039
0.393164
0.391914
0.390039
0.388164
0.386289
0.383789
0.382539
0.381914
0.378789
0.379414
0.381289
0.379375
0.380039
0.380664
0.38
0.37625
0.374375
0.37375
0.370625
0.374414
0.375039
0.378164
0.37875
0.3775
0.376289
0.376875
0.371914
0.371914
0.372539
0.370039
0.370664
0.367539
0.366289
0.363164
0.363164
0.361914
0.360664
0.356914
0.363789
0.355664
0.354414
0.349414
0.349414
0.348789
0.346914
0.345664
0.343164
0.342539
0.339414
0.338164
0.337539
0.334414
0.334414
0.336289
0.337539
0.335039
0.335664
0.333164
0.332539
0.331289
0.331914
0.326914
0.330664
0.328164
0.326289
0.328164
0.328164
0.328164
0.328164
0.328789
0.330039
0.329414
0.330039
0.335664
0.341289
0.342539
0.346875
0.351289
0.351914
0.35125
0.350039
0.351289
0.348125
0.351289
0.348164
0.348789
0.351289
0.351875
0.353164
0.351914
0.350664
0.35
0.351914
0.349414
0.341914
0.346914
0.348164
0.351289
0.348789
0.348789
0.347539
0.346289
0.344414
0.345664
0.348789
0.352539
0.351914
0.354414
0.358164
0.356289
0.355039
0.360664
0.361289
0.360664
0.362539
0.365664
0.360039
0.360664
0.360039
0.360664
0.361289
0.361914
0.359414
0.357539
0.355039
0.353789
0.353164
0.347539
0.350664
0.345039
0.343789
0.340664
0.341914
0.341914
0.340664
0.340039
0.341289
0.340664
0.336289
0.338789
0.337539
0.344414
0.344414
0.350664
0.35875
0.360625
0.36
0.360039
0.360664
0.359375
0.36125
0.358164
0.359375
0.36125
0.361289
0.360664
0.35875
0.35875
0.3625
0.36875
0.368789
0.369414
0.375664
0.378164
0.376289
0.371914
0.371289
0.370664
0.368789
0.368789
0.372539
0.385664
0.386289
0.390039
0.405039
0.414414
0.417539
0.416289
0.415664
0.418164
0.425664
0.430664
0.431289
0.435039
0.446289
0.438164
0.436289
0.430039
0.433164
0.430039
0.427539
0.424414
0.421914
0.418789
0.414414
0.411914
0.410039
0.405664
0.403164
0.401914
0.401289
0.399414
0.398789
0.396289
0.392539
0.391289
0.390039
0.385664
0.385664
0.380039
0.380039
0.378789
0.37625
0.374375
0.374414
0.3725
0.371875
0.36875
0.365039
0.369375
0.373125
0.375
0.375
0.374375
0.375039
0.374375
0.375039
0.375664
0.371914
0.371289
0.369414
0.368789
0.367539
0.365039
0.363789
0.361914
0.361914
0.360039
0.361914
0.363164
0.368164
0.369414
0.377539
0.383789
0.386289
0.386289
0.386289
0.386914
0.387539
0.389414
0.388789
0.388789
0.388164
0.386914
0.386914
0.385039
0.383789
0.383164
0.381289
0.380039
0.378164
0.378164
0.371914
0.374414
0.374414
0.372539
0.376914
0.377539
0.377539
0.376914
0.377539
0.375664
0.376289
0.372539
0.371914
0.373789
0.374375
0.376289
0.380664
0.385
0.390039
0.398125
0.403164
0.403125
0.400625
0.403125
0.40625
0.40875
0.409375
0.406875
0.406875
0.4075
0.4075
0.408789
0.409414
0.407539
0.407539
0.405664
0.403164
0.403164
0.403164
0.401289
0.400039
0.400039
0.398164
0.398164
0.398789
0.397539
0.399414
0.397539
0.398789
0.396914
0.396914
0.395039
0.394414
0.393164
0.393164
0.393789
0.391289
0.388789
0.391914
0.390664
0.394414
0.390664
0.389414
0.388789
0.388789
0.386914
0.386914
0.385039
0.388789
0.384414
0.385664
0.379414
0.383164
0.383164
0.381914
0.382539
0.381914
0.383789
0.380664
0.381289
0.379375
0.377539
0.3775
0.378164
0.375625
0.3775
0.377539
0.37625
0.375
0.374375
0.379375
0.381875
0.385
0.386289
0.385039
0.384414
0.385625
0.386289
0.386914
0.386289
0.385039
0.385039
0.383789
0.381914
0.381914
0.379414
0.378789
0.378164
0.376914
0.376289
0.375039
0.375664
0.372539
0.371289
0.371914
0.370664
0.375039
0.370039
0.368789
0.365039
0.364414
0.361914
0.365039
0.362539
0.360664
0.361914
0.362539
0.365664
0.359414
0.356914
0.355664
0.355039
0.353789
0.352539
0.351289
0.351289
0.348789
0.348789
0.349414
0.350039
0.355039
0.356289
0.359414
0.366289
0.370039
0.371289
0.363164
0.368789
0.363789
0.365664
0.366914
0.365625
0.363164
0.363125
0.361875
0.360625
0.35875
0.360625
0.360625
0.365625
0.363789
0.360664
0.362539
0.361914
0.361289
0.359414
0.358789
0.356289
0.352539
0.355664
0.350664
0.348164
0.345039
0.340664
0.338789
0.338164
0.335664
0.333789
0.332539
0.330039
0.327539
0.325664
0.323789
0.322539
0.321289
0.320039
0.317539
0.313164
0.313789
0.311914
0.311289
0.313164
0.315039
0.318789
0.320039
0.320039
0.323789
0.323789
0.321914
0.320039
0.319414
0.319414
0.316914
0.316289
0.315664
0.311289
0.315039
0.310039
0.308789
0.307539
0.305039
0.300664
0.301914
0.296289
0.292539
0.293789
0.294375
0.286875
0.289375
0.2875
0.28625
0.284375
0.2825
0.282539
0.284375
0.281875
0.2875
0.286914
0.285039
0.285039
0.285039
0.281914
0.280664
0.278164
0.276914
0.275664
0.274414
0.270039
0.270039
0.266914
0.265039
0.265039
0.261914
0.259414
0.258164
0.256914
0.256914
0.253789
0.253164
0.253164
0.251289
0.248164
0.245664
0.244414
0.241289
0.241289
0.241914
0.239414
0.236914
0.233789
0.236289
0.234414
0.233164
0.231289
0.228789
0.227539
0.226289
0.224414
0.225664
0.221914
0.213789
0.219414
0.220039
0.217539
0.216289
0.214414
0.213789
0.213164
0.212539
0.213789
0.211289
0.211289
0.209414
0.215664
0.22
0.223125
0.229375
0.235664
0.237539
0.235625
0.23875
0.241289
0.235664
0.241289
0.241914
0.245625
0.24625
0.248164
0.252539
0.252539
0.250664
0.248789
0.249414
0.245039
0.245039
0.246289
0.245664
0.240664
0.241289
0.238789
0.238164
0.235664
0.235664
0.233789
0.228789
0.228789
0.225039
0.224414
0.223789
0.224414
0.223164
0.220664
0.219414
0.218164
0.219414
0.216914
0.215664
0.216289
0.221289
0.226289
0.227539
0.234414
0.240664
0.241914
0.240039
0.238789
0.238164
0.238789
0.233789
0.237539
0.237539
0.235039
0.235039
0.234414
0.233164
0.233789
0.236914
0.239414
0.23875
0.244375
0.24625
0.25
0.2475
0.245625
0.245
0.244375
0.242539
0.24625
0.24875
0.248164
0.245664
0.243125
0.244414
0.242539
0.245
0.243164
0.241914
0.240664
0.238789
0.240039
0.234414
0.235039
0.233789
0.230664
0.230664
0.231914
0.230664
0.230039
0.229414
0.226289
0.226914
0.226289
0.230039
0.231914
0.232539
0.236289
0.240664
0.241914
0.241914
0.241289
0.241914
0.242539
0.243789
0.241289
0.243789
0.243789
0.242539
0.239414
0.237539
0.235664
0.232539
0.232539
0.231914
0.231914
0.231289
0.234414
0.231289
0.231289
0.230664
0.230664
0.229414
0.228789
0.228789
0.228164
0.229414
0.227539
0.229414
0.226875
0.226875
0.2325
0.233789
0.2325
0.232539
0.23375
0.23875
0.242539
0.245
0.246289
0.241875
0.24125
0.244375
0.246914
0.246289
0.246289
0.245039
0.245039
0.244414
0.244414
0.238164
0.241914
0.242539
0.244414
0.244414
0.241914
0.242539
0.241914
0.241289
0.241289
0.241914
0.237539
0.240039
0.240664
0.248789
0.251914
0.255664
0.263164
0.267539
0.268164
0.270664
0.277539
0.279414
0.286289
0.281289
0.281289
0.280664
0.284414
0.285664
0.283789
0.283789
0.282539
0.285039
0.283789
0.283164
0.283789
0.281914
0.281914
0.284414
0.288164
0.288789
0.291289
0.295664
0.300039
0.30125
0.301875
0.2975
0.298164
0.299375
0.296875
0.298164
0.296914
0.301875
0.305625
0.311289
0.315039
0.313789
0.312539
0.311875
0.313789
0.311875
0.310039
0.308164
0.306914
0.306914
0.303789
0.306289
0.303164
0.298789
0.301914
0.299414
0.294414
0.298164
0.298164
0.295664
0.294414
0.295664
0.298164
0.294414
0.296289
0.295664
0.303789
0.311914
0.313164
0.325039
0.337539
0.346289
0.346914
0.347539
0.351289
0.353164
0.351914
0.351914
0.348789
0.350039
0.351914
0.357539
0.358789
0.361914
0.367539
0.372539
0.367539
0.368164
0.370664
0.368789
0.368164
0.369414
0.365664
0.364414
0.363164
0.361289
0.360039
0.356289
0.35375
0.351914
0.351914
0.35
0.348789
0.346914
0.351289
0.352539
0.35625
0.35625
0.3525
0.353125
0.353789
0.35
0.346289
0.348789
0.347539
0.345664
0.344414
0.343164
0.341914
0.340664
0.339414
0.337539
0.335039
0.333789
0.335664
0.333789
0.332539
0.331914
0.331289
0.330664
0.330039
0.325664
0.327539
0.323164
0.325664
0.324414
0.323789
0.324414
0.325039
0.325664
0.324414
0.325664
0.321289
0.323164
0.323789
0.322539
0.323164
0.323164
0.320039
0.320039
0.320664
0.321289
0.321914
0.320039
0.328164
0.321289
0.320664
0.322539
0.321914
0.320664
0.320664
0.319414
0.319414
0.321289
0.319414
0.320664
0.318789
0.318789
0.318125
0.319414
0.319414
0.325
0.329414
0.3325
0.332539
0.331875
0.333164
0.330625
0.333125
0.3325
0.331914
0.331914
0.330664
0.330664
0.330664
0.331289
0.330664
0.330039
0.330039
0.323164
0.328789
0.328164
0.326914
0.326289
0.324414
0.323789
0.321914
0.323164
0.320664
0.318789
0.320039
0.320664
0.318164
0.318789
0.319414
0.318789
0.320039
0.319414
0.323789
0.321914
0.325039
0.321289
0.320664
0.317539
0.318164
0.318789
0.316914
0.315664
0.314414
0.314414
0.313789
0.314414
0.312539
0.311289
0.310664
0.310664
0.310039
0.308789
0.307539
0.307539
0.305664
0.306289
0.3
0.305
0.304414
0.30125
0.303164
0.304375
0.3075
0.311875
0.3125
0.311875
0.311875
0.31
0.31125
0.3125
0.30875
0.309375
0.308164
0.307539
0.306914
0.310664
0.313164
0.316289
0.320039
0.317539
0.323789
0.321914
0.318789
0.322539
0.322539
0.322539
0.321289
0.319414
0.318789
0.315664
0.314414
0.312539
0.309414
0.307539
0.305039
0.304414
0.306289
0.310664
0.313164
0.315664
0.321289
0.322539
0.322539
0.315664
0.317539
0.314414
0.313164
0.311914
0.313164
0.321914
0.332539
0.335039
0.341914
0.352539
0.360039
0.356289
0.356914
0.358164
0.360664
0.358789
0.355039
0.351289
0.350664
0.34625
0.341875
0.343164
0.340664
0.33875
0.342539
0.341289
0.34375
0.34125
0.33875
0.336914
0.331875
0.333125
0.330039
0.328789
0.322539
0.321289
0.319414
0.317539
0.315039
0.311289
0.310664
0.310039
0.310664
0.305039
0.307539
0.302539
0.302539
0.300039
0.298789
0.296914
0.295039
0.293164
0.291914
0.290039
0.288164
0.287539
0.283789
0.280664
0.280039
0.278789
0.277539
0.275664
0.274414
0.275664
0.272539
0.265664
0.268789
0.266914
0.266289
0.265039
0.263789
0.261914
0.260664
0.259414
0.262539
0.259414
0.253789
0.256914
0.256289
0.250664
0.253164
0.252539
0.250664
0.250664
0.249414
0.249375
0.2475
0.2475
0.244375
0.245625
0.24625
0.250625
0.254414
0.2575
0.25625
0.255
0.25375
0.255039
0.25
0.254375
0.251914
0.251914
0.251914
0.252539
0.250664
0.248789
0.248164
0.247539
0.246914
0.244414
0.248789
0.244414
0.243164
0.237539
0.241289
0.239414
0.240039
0.238789
0.238789
0.238789
0.235664
0.230664
0.233164
0.231914
0.231289
0.231914
0.235664
0.233164
0.233164
0.232539
0.233789
0.232539
0.229414
0.228789
0.228789
0.227539
0.227539
0.226914
0.226289
0.225039
0.225039
0.225664
0.225039
0.224414
0.224414
0.220039
0.224414
0.223789
0.227539
0.226914
0.229414
0.231875
0.23125
0.2325
0.229375
0.233125
0.2325
0.236914
0.23875
0.24125
0.24375
0.243789
0.24375
0.24375
0.245039
0.242539
0.242539
0.238789
0.239414
0.243164
0.242539
0.241289
0.240039
0.239414
0.238789
0.238789
0.236914
0.236914
0.235664
0.235039
0.233164
0.233164
0.233164
0.230664
0.231289
0.230664
0.230039
0.230664
0.230039
0.225039
0.226914
0.223164
0.224414
0.223164
0.222539
0.223164
0.224414
0.224414
0.225039
0.223164
0.225039
0.221289
0.221289
0.218164
0.216289
0.215664
0.216289
0.216289
0.215664
0.215664
0.213164
0.214414
0.211914
0.212539
0.211914
0.210039
0.211289
0.209414
0.208789
0.2075
0.21
0.206875
0.20875
0.20625
0.211914
0.22
0.218125
0.218125
0.2175
0.216914
0.216875
0.2175
0.218164
0.218789
0.217539
0.216914
0.216914
0.214414
0.212539
0.213789
0.211914
0.210664
0.210039
0.211289
0.205039
0.209414
0.208164
0.208789
0.211289
0.210039
0.208164
0.207539
0.206914
0.205664
0.205664
0.201914
0.205039
0.200664
0.200664
0.200664
0.198789
0.198164
0.198164
0.198789
0.198789
0.198789
0.194414
0.191914
0.192539
0.191289
0.195039
0.189414
0.190039
0.189414
0.188789
0.187539
0.187539
0.186914
0.185039
0.184414
0.184414
0.182539
0.183789
0.181289
0.181914
0.181914
0.18125
0.179375
0.179375
0.180625
0.1775
0.1825
0.186914
0.190664
0.190039
0.188164
0.18625
0.185664
0.184414
0.185625
0.181289
0.181914
0.18125
0.180039
0.179414
0.178164
0.178164
0.176914
0.175664
0.173789
0.175664
0.172539
0.177539
0.171289
0.172539
0.174414
0.170039
0.169414
0.168164
0.166914
0.167539
0.168164
0.164414
0.163164
0.161914
0.160039
0.160039
0.160664
0.161289
0.160039
0.160664
0.160039
0.158789
0.157539
0.157539
0.153164
0.155664
0.152539
0.155039
0.152539
0.151914
0.150664
0.151289
0.150664
0.150039
0.149414
0.148164
0.150039
0.150664
0.146289
0.146289
0.145625
0.145
0.143789
0.145
0.145664
0.14375
0.14875
0.1475
0.156914
0.156875
0.156914
0.15625
0.155625
0.155664
0.15375
0.15625
0.154375
0.145625
0.151289
0.150039
0.158164
0.150664
0.150664
0.148789
0.148789
0.146289
0.146914
0.146914
0.147539
0.145664
0.143789
0.145039
0.141914
0.143164
0.140664
0.139414
0.138789
0.138164
0.137539
0.130039
0.132539
0.130664
0.132539
0.133164
0.133789
0.133164
0.133789
0.133789
0.133789
0.133789
0.128164
0.131289
0.128789
0.130664
0.126289
0.126914
0.126914
0.125664
0.126289
0.127539
0.126914
0.123789
0.131289
0.122539
0.120664
0.128164
0.121914
0.121289
0.121914
0.121289
0.120625
0.121289
0.120039
0.129375
0.130039
0.132539
0.13
0.132539
0.1325
0.13125
0.13125
0.13125
0.13
0.13125
0.131875
0.130625
0.130039
0.128164
0.126914
0.127539
0.125664
0.125664
0.125039
0.125664
0.125664
0.122539
0.120664
0.121289
0.118789
0.122539
0.119414
0.119414
0.119414
0.118789
0.117539
0.118789
0.115039
0.116289
0.113789
0.115664
0.110664
0.114414
0.114414
0.115664
0.115664
0.113789
0.114414
0.111289
0.113164
0.111289
0.110664
0.106289
0.109414
0.110664
0.108789
0.110039
0.108789
0.108164
0.108164
0.108789
0.106914
0.106289
0.105664
0.106289
0.105039
0.105039
0.105625
0.105
0.104414
0.10625
0.1125
0.114375
0.1175
0.116914
0.118125
0.119375
0.118125
0.11625
0.11625
0.11625
0.118125
0.11625
0.1175
0.116914
0.116289
0.111914
0.114414
0.113164
0.113164
0.112539
0.110664
0.112539
0.109414
0.105039
0.107539
0.110039
0.108789
0.109414
0.107539
0.108164
0.107539
0.107539
0.107539
0.105039
0.105664
0.105039
0.104414
0.105039
0.103789
0.104414
0.105664
0.105039
0.104414
0.103164
0.103789
0.098789
0.101914
0.097539
0.100039
0.101289
0.101289
0.101289
0.101289
0.101289
0.100664
0.101289
0.096914
0.096289
0.098789
0.099414
0.097539
0.100664
0.09875
0.098789
0.0975
0.09875
0.105664
0.1075
0.116914
0.115664
0.118789
0.12
0.11875
0.1175
0.1175
0.118125
0.119414
0.119414
0.118125
0.11625
0.115664
0.114414
0.115039
0.115664
0.115039
0.113789
0.113164
0.111914
0.111289
0.111289
0.112539
0.110664
0.111289
0.110664
0.107539
0.106914
0.106289
0.106289
0.106289
0.106289
0.105664
0.103789
0.102539
0.103789
0.101914
0.105039
0.104414
0.105664
0.106289
0.105664
0.103164
0.105664
0.102539
0.100039
0.105039
0.102539
0.102539
0.103789
0.103164
0.103789
0.102539
0.103164
0.104414
0.101914
0.097539
0.100664
0.101289
0.098164
0.100039
0.100625
0.099414
0.1
0.09875
0.105
0.109375
0.114414
0.115
0.115
0.115039
0.114414
0.113125
0.113125
0.113125
0.113789
0.11375
0.114414
0.113164
0.112539
0.112539
0.113164
0.111289
0.110664
0.110039
0.110664
0.110039
0.110039
0.110664
0.108164
0.107539
0.108789
0.106914
0.110039
0.107539
0.108164
0.108789
0.108164
0.106914
0.108164
0.105039
0.100039
0.106289
0.107539
0.111914
0.106914
0.106914
0.108789
0.107539
0.106289
0.106289
0.105664
0.105664
0.104414
0.104414
0.105039
0.103789
0.103789
