0.128164
0.128125
0.126875
0.126914
0.12625
0.124375
0.125
0.124414
0.123125
0.124375
0.123789
0.123125
0.123164
0.122539
0.121914
0.121289
0.120039
0.120039
0.117539
0.119414
0.120664
0.120664
0.119414
0.118789
0.117539
0.116914
0.118164
0.117539
0.118164
0.116914
0.117539
0.115039
0.111914
0.108789
0.114414
0.115039
0.114414
0.115664
0.115664
0.118789
0.117539
0.110039
0.116914
0.119414
0.123789
0.118789
0.117539
0.118164
0.117539
0.116914
0.118164
0.116914
0.116914
0.116289
0.116914
0.115664
0.116914
0.115039
0.115664
0.115625
0.115
0.12125
0.125625
0.124375
0.131914
0.132539
0.133125
0.13375
0.1325
0.133125
0.133789
0.134375
0.13375
0.135
0.133125
0.13625
0.141875
0.14125
0.14125
0.141914
0.141914
0.140664
0.139414
0.140039
0.139414
0.136914
0.141289
0.135664
0.133789
0.132539
0.133789
0.134414
0.133164
0.132539
0.133164
0.135039
0.134414
0.133164
0.132539
0.130664
0.131914
0.132539
0.131914
0.133164
0.133164
0.134414
0.134414
0.134414
0.136289
0.131914
0.136289
0.133789
0.136289
0.141289
0.141914
0.148789
0.154414
0.156289
0.158164
0.158789
0.160039
0.163789
0.160039
0.158789
0.159414
0.157539
0.157539
0.160039
0.164375
0.17
0.17
0.171914
0.17125
0.170625
0.171875
0.170625
0.171875
0.17375
0.179414
0.181875
0.183125
0.180625
0.18625
0.194414
0.205625
0.21875
0.224414
0.223164
0.226914
0.230664
0.230664
0.231289
0.231289
0.231289
0.231289
0.231289
0.229414
0.228164
0.225664
0.224414
0.225039
0.223164
0.223164
0.223789
0.218164
0.218789
0.218789
0.219414
0.216914
0.216914
0.216289
0.214414
0.215039
0.218789
0.225664
0.223789
0.231289
0.233164
0.238164
0.236289
0.236289
0.235039
0.235039
0.236914
0.241289
0.245039
0.243164
0.253164
0.250664
0.251914
0.253789
0.250664
0.250664
0.25
0.255664
0.256875
0.26
0.26
0.26
0.2575
0.255625
0.256289
0.256289
0.254375
0.25375
0.25875
0.270664
0.274375
0.2875
0.299375
0.311875
0.309375
0.31
0.311289
0.311289
0.314414
0.319414
0.320664
0.320039
0.324414
0.321914
0.323164
0.322539
0.321914
0.321914
0.321289
0.325039
0.330039
0.328789
0.330039
0.333164
0.328789
0.336289
0.326914
0.330039
0.343164
0.338789
0.350039
0.360664
0.363789
0.363164
0.365039
0.364414
0.371289
0.378164
0.373789
0.371289
0.371289
0.373164
0.377539
0.382539
0.384414
0.382539
0.383789
0.386289
0.384414
0.385039
0.381914
0.383164
0.382539
0.381914
0.385664
0.3875
0.390664
0.39375
0.395664
0.392539
0.39125
0.392539
0.39125
0.38875
0.38625
0.386875
0.384375
0.3825
0.385
0.383125
0.380625
0.3875
0.390039
0.390039
0.393164
0.393164
0.391289
0.390039
0.388789
0.391289
0.388789
0.390039
0.390039
0.395039
0.398789
0.398789
0.404414
0.411289
0.414414
0.415039
0.415039
0.415664
0.416289
0.415664
0.415664
0.418789
0.421914
0.421914
0.429414
0.439414
0.442539
0.450039
0.453789
0.451289
0.460664
0.465039
0.463164
0.465664
0.473164
0.484414
0.486289
0.493789
0.505664
0.512539
0.508789
0.510039
0.515039
0.520664
0.526914
0.526875
0.526914
0.530664
0.540625
0.555625
0.562539
0.56
0.566875
0.5675
0.57125
0.576875
0.573125
0.571914
0.56875
0.565625
0.564375
0.565625
0.563125
0.561875
0.56
0.557539
0.554414
0.554414
0.552539
0.550664
0.546914
0.546914
0.545039
0.543789
0.541914
0.541289
0.537539
0.540039
0.538789
0.539414
0.539414
0.538789
0.542539
0.554414
0.561289
0.562539
0.574414
0.586914
0.586914
0.594414
0.603164
0.605664
0.612539
0.620664
0.619414
0.625039
0.625664
0.628164
0.625664
0.625039
0.630039
0.631289
0.633789
0.636289
0.633789
0.632539
0.633164
0.630039
0.629414
0.628164
0.626914
0.623789
0.625664
0.628789
0.630664
0.634414
0.635
0.635039
0.640625
0.64375
0.643125
0.649375
0.649375
0.648125
0.65
0.64875
0.646875
0.645625
0.645625
0.654414
0.6575
0.6625
0.664414
0.671914
0.671914
0.669414
0.670039
0.671289
0.676914
0.676914
0.676289
0.672539
0.673164
0.681289
0.683164
0.687539
0.681914
0.681914
0.683789
0.690039
0.698164
0.700039
0.699414
0.705039
0.706914
0.706289
0.701289
0.705039
0.708164
0.716914
0.725664
0.725664
0.736289
0.748164
0.753789
0.749414
0.750039
0.756289
0.761914
0.761914
0.762539
0.766289
0.764414
0.760664
0.760039
0.751289
0.753789
0.750664
0.753789
0.751289
0.750039
0.755039
0.756914
0.753164
0.75125
0.7525
0.755625
0.759375
0.761875
0.760625
0.765625
0.764375
0.760039
0.756875
0.756875
0.773789
0.795664
0.7975
0.811875
0.836914
0.845039
0.846914
0.838164
0.836289
0.835664
0.835039
0.834414
0.832539
0.826914
0.822539
0.818789
0.818164
0.822539
0.822539
0.825039
0.830664
0.831289
0.826914
0.822539
0.819414
0.817539
0.816289
0.811914
0.811914
0.806914
0.805039
0.800664
0.798789
0.794414
0.790039
0.789414
0.788789
0.793164
0.791914
0.795664
0.801914
0.801289
0.806289
0.806914
0.807539
0.811289
0.819414
0.816289
0.813789
0.813164
0.807539
0.811914
0.816914
0.818789
0.822539
0.825
0.82375
0.831875
0.834375
0.836914
0.83125
0.828125
0.824375
0.828125
0.826914
0.8225
0.82125
0.823164
0.825039
0.829414
0.836914
0.831875
0.839414
0.840664
0.838164
0.834414
0.831289
0.828164
0.826914
0.827539
0.825664
0.823789
0.821914
0.819414
0.816914
0.811289
0.808164
0.806289
0.805664
0.809414
0.808164
0.809414
0.811289
0.811914
0.816289
0.810039
0.810664
0.809414
0.809414
0.809414
0.805039
0.801289
0.801289
0.796914
0.787539
0.791289
0.791289
0.793164
0.786914
0.786289
0.786289
0.785039
0.783164
0.783789
0.781914
0.781289
0.776914
0.777539
0.780039
0.786289
0.785039
0.789414
0.798164
0.8025
0.803164
0.805625
0.8025
0.807539
0.802539
0.801875
0.8025
0.80125
0.799414
0.801875
0.807539
0.806875
0.810664
0.806914
0.811289
0.806914
0.811289
0.806914
0.805664
0.803789
0.801289
0.803164
0.804414
0.805039
0.805039
0.806289
0.807539
0.806914
0.807539
0.812539
0.816289
0.815664
0.812539
0.811914
0.816289
0.821289
0.820664
0.823164
0.826914
0.828789
0.826914
0.822539
0.821914
0.821914
0.820039
0.816914
0.815039
0.812539
0.808164
0.807539
0.807539
0.801289
0.798789
0.798164
0.795664
0.793789
0.791289
0.789414
0.784414
0.781914
0.783789
0.790664
0.794375
0.795664
0.80125
0.805664
0.805664
0.802539
0.803164
0.800664
0.796914
0.79375
0.790664
0.790625
0.78625
0.783125
0.783164
0.785039
0.784414
0.786914
0.785039
0.786289
0.783164
0.782539
0.783164
0.784414
0.781914
0.776914
0.774414
0.772539
0.770664
0.768789
0.766289
0.760664
0.761289
0.757539
0.758164
0.754414
0.750664
0.748164
0.743789
0.740039
0.738164
0.734414
0.734414
0.733789
0.733164
0.729414
0.728164
0.723789
0.720039
0.716914
0.714414
0.711914
0.706289
0.707539
0.700039
0.696914
0.692539
0.690664
0.688789
0.685664
0.683164
0.680039
0.680039
0.676289
0.680664
0.673789
0.673164
0.683789
0.679414
0.675
0.675
0.674375
0.6725
0.673164
0.67
0.667539
0.661914
0.65875
0.658125
0.655039
0.65
0.648125
0.646914
0.645
0.643789
0.644414
0.638789
0.646289
0.643164
0.646914
0.651289
0.653789
0.653789
0.650664
0.650039
0.652539
0.656289
0.650039
0.655664
0.655039
0.655039
0.652539
0.656914
0.658789
0.662539
0.662539
0.660039
0.660039
0.660039
0.670039
0.671914
0.668789
0.665039
0.671914
0.676914
0.678789
0.674414
0.670664
0.666289
0.663164
0.662539
0.663164
0.661289
0.657539
0.657539
0.654414
0.650039
0.654414
0.665039
0.667539
0.673789
0.684414
0.683789
0.685625
0.686289
0.681289
0.680664
0.678125
0.67875
0.677539
0.67625
0.671289
0.665039
0.663125
0.658125
0.654375
0.6475
0.642539
0.639414
0.63625
0.631875
0.630625
0.636289
0.631914
0.636914
0.637539
0.637539
0.633164
0.627539
0.624414
0.622539
0.620664
0.615664
0.613789
0.606914
0.604414
0.600039
0.594414
0.591289
0.587539
0.588164
0.590039
0.589414
0.590039
0.595664
0.598789
0.597539
0.592539
0.593164
0.591914
0.590664
0.587539
0.583164
0.580039
0.581914
0.585039
0.583164
0.585039
0.590664
0.594414
0.590039
0.588789
0.584414
0.580664
0.578164
0.576914
0.575039
0.572539
0.568789
0.571289
0.571914
0.569414
0.56625
0.5675
0.573125
0.575039
0.575
0.573164
0.57125
0.567539
0.558789
0.561875
0.5575
0.554375
0.5525
0.55125
0.5475
0.54625
0.5425
0.540625
0.538164
0.536289
0.532539
0.530664
0.528789
0.526289
0.522539
0.521289
0.518164
0.515664
0.513789
0.513164
0.509414
0.516914
0.510664
0.515039
0.516289
0.514414
0.513164
0.508789
0.510039
0.514414
0.525039
0.521914
0.529414
0.542539
0.550664
0.552539
0.550039
0.547539
0.546914
0.547539
0.547539
0.546289
0.541914
0.545664
0.538164
0.536289
0.533164
0.537539
0.536914
0.535664
0.536289
0.535664
0.533789
0.531914
0.537539
0.538164
0.538789
0.534414
0.535664
0.534414
0.532539
0.530664
0.527539
0.525
0.52375
0.52125
0.51625
0.51375
0.51125
0.508125
0.50875
0.506914
0.505
0.503125
0.502539
0.50125
0.498789
0.496914
0.495664
0.491914
0.490039
0.489414
0.488789
0.487539
0.486289
0.483789
0.486289
0.481914
0.482539
0.481289
0.481914
0.483789
0.478789
0.476914
0.475039
0.473164
0.472539
0.473164
0.470039
0.471289
0.468789
0.468789
0.471914
0.467539
0.466289
0.463164
0.462539
0.461914
0.460664
0.458789
0.457539
0.455664
0.455664
0.455039
0.453789
0.455039
0.457539
0.456289
0.456289
0.458789
0.461914
0.462539
0.467539
0.467539
0.465664
0.468125
0.473164
0.479375
0.484375
0.48625
0.49125
0.4925
0.490625
0.493125
0.49125
0.489375
0.485625
0.4875
0.49375
0.4975
0.496289
0.498789
0.499414
0.497539
0.489414
0.500039
0.503789
0.500664
0.500664
0.500039
0.499414
0.500039
0.498789
0.497539
0.495664
0.493789
0.489414
0.488164
0.486914
0.481914
0.481289
0.478164
0.473789
0.471289
0.470039
0.468789
0.464414
0.466914
0.461914
0.461914
0.461289
0.461914
0.460664
0.458789
0.458789
0.458164
0.458164
0.451914
0.452539
0.449414
0.446914
0.448789
0.444414
0.443789
0.441289
0.440039
0.436914
0.443164
0.441914
0.443164
0.439414
0.442539
0.440625
0.440625
0.440625
0.439375
0.438789
0.43625
0.436875
0.433125
0.43
0.4275
0.421914
0.418789
0.42125
0.420039
0.419375
0.417539
0.41625
0.413789
0.413789
0.415039
0.410039
0.411289
0.406289
0.403164
0.402539
0.400664
0.400039
0.398789
0.398789
0.398164
0.396914
0.395664
0.393164
0.390039
0.388789
0.386914
0.385039
0.383789
0.383164
0.384414
0.385664
0.383164
0.379414
0.384414
0.382539
0.381914
0.380039
0.378164
0.380664
0.385664
0.385664
0.390664
0.392539
0.386289
0.395039
0.398789
0.401914
0.405039
0.406289
0.405664
0.404414
0.406289
0.412539
0.413789
0.416289
0.413125
0.4125
0.411875
0.410625
0.408125
0.40875
0.4075
0.405
0.40875
0.40875
0.40875
0.411914
0.41375
0.413164
0.4125
0.409414
0.4125
0.415039
0.413789
0.415664
0.418789
0.413789
0.413789
0.407539
0.404414
0.401914
0.402539
0.400039
0.400039
0.399414
0.397539
0.398789
0.393789
0.385039
0.388789
0.390039
0.386914
0.385039
0.382539
0.381289
0.379414
0.378164
0.380664
0.386914
0.388164
0.390664
0.400664
0.403164
0.401914
0.398789
0.398789
0.398164
0.398164
0.394414
0.393164
0.390664
0.388789
0.388164
0.381289
0.381289
0.376914
0.375664
0.374414
0.375664
0.377539
0.381914
0.376914
0.379414
0.378125
0.37625
0.37375
0.373125
0.373789
0.372539
0.37
0.370625
0.374414
0.3725
0.383789
0.381914
0.3825
0.381289
0.383164
0.386875
0.386875
0.381914
0.379414
0.379414
0.376914
0.373789
0.372539
0.368789
0.368164
0.371289
0.374414
0.373164
0.376914
0.380664
0.381914
0.382539
0.380664
0.377539
0.380039
0.376289
0.375664
0.374414
0.371914
0.371289
0.370039
0.368789
0.368164
0.366914
0.367539
0.364414
0.363789
0.359414
0.358789
0.356914
0.357539
0.355664
0.354414
0.354414
0.351914
0.355664
0.350664
0.350039
0.347539
0.348789
0.346289
0.345664
0.350039
0.353164
0.36
0.358125
0.35
0.355
0.355
0.354414
0.356875
0.35625
0.356914
0.355664
0.35375
0.3525
0.351875
0.350664
0.348125
0.346289
0.344375
0.345
0.345
0.345
0.343789
0.34375
0.345039
0.351289
0.352539
0.356289
0.366289
0.373164
0.378789
0.378789
0.376289
0.376914
0.377539
0.376914
0.378164
0.375039
0.378164
0.374414
0.373789
0.370039
0.368789
0.368164
0.367539
0.366289
0.366914
0.366289
0.363164
0.361914
0.362539
0.360664
0.354414
0.357539
0.356289
0.355039
0.353789
0.353789
0.353789
0.351289
0.351289
0.350664
0.351914
0.356289
0.359414
0.364414
0.366289
0.369414
0.376289
0.378164
0.37875
0.376914
0.380625
0.381914
0.381875
0.384414
0.385
0.38375
0.381914
0.380625
0.378164
0.3775
0.370625
0.368125
0.3675
0.379375
0.38625
0.385625
0.393125
0.399414
0.400039
0.397539
0.400039
0.401289
0.411914
0.405039
0.406289
0.412539
0.404414
0.406914
0.409414
0.409414
0.413789
0.415039
0.415664
0.417539
0.416914
0.413164
0.413164
0.412539
0.411289
0.411289
0.411289
0.411289
0.408164
0.407539
0.406914
0.401914
0.403789
0.396289
0.395664
0.394414
0.391289
0.390039
0.391289
0.390039
0.390664
0.390664
0.388789
0.387539
0.389414
0.386289
0.384414
0.387539
0.389414
0.392539
0.392539
0.393164
0.389375
0.392539
0.38875
0.388125
0.381289
0.385625
0.38375
0.381914
0.380039
0.38
0.38625
0.38375
0.383164
0.385625
0.391875
0.396875
0.396875
0.405625
0.41625
0.419414
0.417539
0.417539
0.419414
0.421914
0.421289
0.421914
0.424414
0.420664
0.418789
0.416914
0.414414
0.412539
0.408789
0.410039
0.403164
0.406914
0.406914
0.405664
0.407539
0.403789
0.403164
0.401289
0.398789
0.398164
0.398164
0.393789
0.394414
0.391289
0.389414
0.387539
0.385664
0.383164
0.383164
0.382539
0.381914
0.379414
0.376914
0.383164
0.378164
0.376289
0.371914
0.375039
0.380039
0.381914
0.382539
0.382539
0.383789
0.381875
0.3825
0.381914
0.382539
0.38375
0.385
0.385625
0.385625
0.38375
0.383125
0.38125
0.38125
0.37875
0.378125
0.378125
0.375625
0.37375
0.375664
0.375039
0.375039
0.375039
0.374414
0.375039
0.369414
0.369414
0.370664
0.370039
0.372539
0.373164
0.373164
0.371289
0.370664
0.369414
0.370039
0.365039
0.370039
0.365039
0.366289
0.363164
0.361289
0.360664
0.360039
0.360664
0.358789
0.360664
0.357539
0.361289
0.358789
0.354414
0.353789
0.355039
0.355664
0.355039
0.355039
0.355039
0.356289
0.358789
0.358164
0.358164
0.355039
0.355039
0.356914
0.363164
0.365664
0.370039
0.369375
0.370039
0.378125
0.383789
0.381914
0.386875
0.3925
0.395664
0.393125
0.390625
0.390625
0.389375
0.38875
0.386875
0.382539
0.37875
0.380625
0.378125
0.379375
0.376914
0.374414
0.374414
0.378164
0.380664
0.383789
0.386914
0.390039
0.390664
0.390664
0.388164
0.388164
0.386914
0.385664
0.383164
0.381289
0.378789
0.376914
0.375664
0.372539
0.371914
0.371289
0.366914
0.366289
0.365039
0.363164
0.361914
0.360664
0.360664
0.353789
0.357539
0.351289
0.350039
0.350039
0.349414
0.347539
0.346914
0.350039
0.354414
0.356914
0.357539
0.363164
0.361289
0.360039
0.366289
0.368164
0.370664
0.370664
0.368789
0.370039
0.370039
0.36625
0.373125
0.366875
0.36625
0.36875
0.36125
0.35875
0.35625
0.355
0.3525
0.350625
0.3475
0.344414
0.343164
0.341289
0.340039
0.34125
0.339414
0.339414
0.337539
0.337539
0.335039
0.334414
0.334414
0.332539
0.330039
0.330039
0.325664
0.324414
0.323789
0.321914
0.321289
0.320664
0.319414
0.317539
0.314414
0.313789
0.308164
0.310664
0.310664
0.312539
0.310664
0.309414
0.306289
0.310039
0.306914
0.301914
0.305039
0.304414
0.305039
0.303164
0.302539
0.301914
0.301289
0.301289
0.307539
0.310664
0.303164
0.315039
0.318789
0.323789
0.323789
0.326914
0.325039
0.326289
0.328125
0.329414
0.33
0.33
0.32625
0.3275
0.329414
0.329375
0.328125
0.326875
0.325
0.323164
0.322539
0.320625
0.31875
0.319414
0.316875
0.317539
0.314375
0.311914
0.310664
0.308789
0.307539
0.306914
0.305664
0.302539
0.298164
0.299414
0.298789
0.294414
0.298789
0.298789
0.298164
0.296914
0.295664
0.296289
0.292539
0.287539
0.288789
0.289414
0.285664
0.285039
0.283789
0.284414
0.283789
0.284414
0.283789
0.283789
0.282539
0.278164
0.277539
0.277539
0.275664
0.273789
0.273789
0.273789
0.273789
0.274414
0.275664
0.271289
0.275664
0.281289
0.288164
0.295664
0.305664
0.309414
0.307539
0.307539
0.30875
0.3125
0.306875
0.304375
0.3075
0.303164
0.301289
0.30375
0.301875
0.3
0.29875
0.2975
0.296289
0.2925
0.294375
0.290664
0.288164
0.295039
0.286914
0.286914
0.285039
0.282539
0.280039
0.280039
0.277539
0.274414
0.273789
0.271914
0.270664
0.270664
0.268789
0.266914
0.266289
0.265039
0.263164
0.262539
0.263164
0.259414
0.258164
0.258164
0.256289
0.257539
0.260664
0.266914
0.267539
0.274414
0.281289
0.281914
0.281914
0.277539
0.275664
0.276914
0.277539
0.277539
0.275664
0.275039
0.273164
0.273789
0.270664
0.274414
0.275039
0.271289
0.280039
0.278164
0.278164
0.275664
0.278125
0.275664
0.275664
0.27125
0.270625
0.270039
0.27
0.266875
0.265625
0.265039
0.261875
0.261289
0.25875
0.256289
0.25625
0.255
0.251914
0.252539
0.250625
0.250664
0.249414
0.248789
0.246289
0.246289
0.244414
0.245664
0.241289
0.243164
0.242539
0.241914
0.241914
0.239414
0.238789
0.237539
0.236914
0.236914
0.235664
0.233789
0.234414
0.231914
0.230039
0.230039
0.230664
0.230664
0.230039
0.228789
0.230039
0.230664
0.228164
0.223164
0.226914
0.226914
0.223789
0.225039
0.223164
0.223164
0.223164
0.223164
0.225664
0.223789
0.226289
0.234414
0.236914
0.245039
0.255664
0.260039
0.260039
0.259414
0.259375
0.260625
0.260625
0.255039
0.260664
0.258164
0.260664
0.265664
0.26625
0.268125
0.2725
0.274414
0.271875
0.2725
0.26875
0.270625
0.269375
0.270664
0.266289
0.266289
0.264414
0.263164
0.261289
0.260039
0.258789
0.255664
0.258789
0.251914
0.250664
0.249414
0.249414
0.248164
0.246289
0.245664
0.244414
0.244414
0.241289
0.239414
0.240664
0.237539
0.238164
0.240664
0.239414
0.238164
0.238164
0.237539
0.236914
0.235664
0.235664
0.232539
0.233789
0.229414
0.228164
0.227539
0.227539
0.225664
0.225664
0.226289
0.225664
0.225664
0.228789
0.233789
0.237539
0.235664
0.236914
0.235039
0.235664
0.234375
0.2325
0.233789
0.23125
0.226914
0.225039
0.226289
0.226289
0.226875
0.225039
0.225039
0.223125
0.2225
0.224375
0.221875
0.224375
0.221914
0.220625
0.219414
0.220039
0.220039
0.218164
0.218164
0.216914
0.215664
0.215664
0.215039
0.213164
0.215039
0.212539
0.210664
0.212539
0.211914
0.211289
0.210664
0.208789
0.209414
0.205039
0.206289
0.205039
0.203789
0.205664
0.206289
0.206289
0.206289
0.206914
0.207539
0.206914
0.203164
0.204414
0.202539
0.203789
0.202539
0.203164
0.203164
0.205039
0.205664
0.206914
0.207539
0.209414
0.219414
0.219414
0.217539
0.222539
0.218789
0.218789
0.219375
0.219414
0.219375
0.22
0.218789
0.221914
0.218789
0.2175
0.216875
0.21625
0.215625
0.214375
0.214375
0.213125
0.2125
0.213789
0.209375
0.213125
0.2125
0.22125
0.226914
0.230039
0.236914
0.241289
0.241914
0.240664
0.243164
0.240039
0.240664
0.240039
0.240664
0.241914
0.239414
0.237539
0.236914
0.237539
0.239414
0.241289
0.236914
0.244414
0.238164
0.238789
0.236914
0.237539
0.236914
0.235664
0.234414
0.233789
0.233164
0.229414
0.231289
0.226914
0.223164
0.220039
0.223789
0.220039
0.220039
0.219414
0.218789
0.216914
0.224414
0.227539
0.228164
0.229414
0.228164
0.226289
0.225664
0.224414
0.224414
0.224375
0.2225
0.2225
0.2225
0.2225
0.219375
0.21875
0.21625
0.218125
0.2225
0.221875
0.225
0.22875
0.235
0.2325
0.228125
0.23125
0.231875
0.225664
0.229414
0.229414
0.227539
0.226289
0.224414
0.226289
0.221914
0.223164
0.221914
0.221289
0.218789
0.218164
0.218164
0.214414
0.214414
0.213789
0.212539
0.210664
0.210664
0.208789
0.208164
0.207539
0.206914
0.206914
0.206914
0.206914
0.205664
0.203789
0.203789
0.198164
0.201289
0.200039
0.196914
0.198789
0.198789
0.198164
0.197539
0.197539
0.199414
0.204414
0.208164
0.210664
0.214414
0.211914
0.211289
0.213789
0.216289
0.215664
0.216289
0.216914
0.21875
0.2175
0.214375
0.21875
0.214375
0.22
0.214375
0.21375
0.213125
0.21125
0.21
0.210625
0.210039
0.209375
0.208789
0.206914
0.207539
0.206289
0.205039
0.204414
0.203164
0.203789
0.202539
0.203164
0.200039
0.201289
0.197539
0.199414
0.196914
0.198789
0.197539
0.197539
0.197539
0.196289
0.197539
0.192539
0.191914
0.194414
0.192539
0.196289
0.195039
0.195664
0.195039
0.195664
0.193164
0.195039
0.193164
0.189414
0.191289
0.193164
0.192539
0.190664
0.190664
0.191289
0.189414
0.194414
0.199414
0.203164
0.207539
0.206289
0.207539
0.205039
0.206914
0.206289
0.206875
0.206289
0.205625
0.205039
0.20625
0.206875
0.2025
0.2025
0.20125
0.201875
0.19875
0.198125
0.196875
0.19875
0.196914
0.197539
0.196875
0.196289
0.196875
0.196289
0.195664
0.193789
0.193789
0.193789
0.191914
0.191289
0.192539
0.190039
0.185039
0.186914
0.189414
0.191914
0.188789
0.187539
0.185664
0.185664
0.183789
0.185664
0.182539
0.180664
0.183164
0.184414
0.185664
0.183789
0.183164
0.184414
0.183164
0.181914
0.180664
0.179414
0.180664
0.178164
0.178164
0.176914
0.178164
0.176914
0.176289
0.176914
0.182539
0.185664
0.191289
0.187539
0.191289
0.190039
0.189414
0.190625
0.19
0.19
0.19
0.18875
0.189375
0.190625
0.188125
0.1925
0.184375
0.1875
0.186875
0.18375
0.18125
0.179375
0.18
0.18125
0.181875
0.178789
0.172539
0.177539
0.176914
0.178164
0.176289
0.175039
0.174414
0.173164
0.173789
0.173789
0.172539
0.171914
0.170664
0.170664
0.170039
0.170039
0.168789
0.168164
0.167539
0.166289
0.164414
0.163164
0.163789
0.163789
0.161914
0.163789
0.161914
0.163164
0.163164
0.161289
0.160039
0.159414
0.159414
0.155664
0.158789
0.158789
0.156289
0.153789
0.155664
0.154414
0.156289
0.161289
0.165664
0.170039
0.168789
0.165664
0.163164
0.166914
0.163125
0.166875
0.165625
0.163125
0.164375
0.16375
0.165625
0.163125
0.1625
0.160664
0.15875
0.154375
0.155664
0.155664
0.154414
0.154414
0.154375
0.1525
0.155039
0.156289
0.158789
0.165039
0.163789
0.170664
0.175664
0.176289
0.176289
0.178789
0.176914
0.177539
0.176289
0.176289
0.175664
0.176289
0.172539
0.172539
0.173789
0.175039
0.176289
0.178789
0.180664
0.186289
0.191914
0.195664
0.195664
0.194414
0.200664
0.206914
0.208164
0.207539
0.209414
0.212539
0.208789
0.203164
0.206289
0.205039
0.201914
0.203164
0.201914
0.206289
0.209414
0.212539
0.216914
0.216289
0.215664
0.212539
0.21125
0.210039
0.208789
0.205625
0.20375
0.201875
0.200625
0.200664
0.19875
0.1925
0.193125
0.195
0.19375
0.19
0.188125
0.185664
0.185039
0.183789
0.184375
0.184375
0.180039
0.184414
0.180664
0.179414
0.178789
0.178789
0.184414
0.188164
0.190039
0.195664
0.199414
0.200039
0.198789
0.200664
0.200039
0.201289
0.211289
0.216289
0.218164
0.221914
0.225664
0.225039
0.223164
0.221914
0.221914
0.221914
0.221914
0.223164
0.222539
0.221289
0.218789
0.216914
0.214414
0.213164
0.213789
0.208789
0.209414
0.209414
0.208164
0.206914
0.211289
0.213789
0.218164
0.218789
0.218789
0.215039
0.218164
0.218164
0.218164
0.216875
0.215664
0.215625
0.215664
0.21625
0.216875
0.218789
0.218125
0.2225
0.219375
0.220625
0.218125
0.220039
0.219414
0.223164
0.229414
0.235625
0.239375
0.244375
0.249375
0.249414
0.246289
0.245664
0.248164
0.248789
0.248789
0.248164
0.248164
0.248789
0.255664
0.259414
0.261914
0.271914
0.271289
0.272539
0.271914
0.272539
0.272539
0.272539
0.271914
0.271289
0.270664
0.268789
0.270664
0.272539
0.269414
0.268164
0.267539
0.265039
0.263789
0.263789
0.263789
0.261289
0.261289
0.260039
0.258164
0.260664
0.259414
0.266914
0.268789
0.273164
0.275039
0.277539
0.274414
0.267539
0.273164
0.275664
0.28125
0.285
0.289414
0.2975
0.303164
0.3025
0.303164
0.303164
0.304414
0.305664
0.303789
0.303125
0.300625
0.3
0.300625
0.299375
0.30125
0.3025
0.304414
0.300664
0.304414
0.305039
0.306914
0.308164
0.310664
0.316289
0.319414
0.319414
0.318789
0.320039
0.316289
0.322539
0.321914
0.324414
0.320039
0.325664
0.331914
0.333164
0.337539
0.343789
0.348164
0.345664
0.353164
0.345664
0.345039
0.343164
0.345664
0.345039
0.341914
0.340039
0.340039
0.339414
0.337539
0.337539
0.335664
0.335664
0.336289
0.341914
0.347539
0.351914
0.359414
0.365664
0.368789
0.366914
0.367539
0.365625
0.368125
0.36875
0.370039
0.368789
0.367539
0.367539
0.368164
0.369375
0.37
0.365664
0.36375
0.369375
0.365625
0.36625
0.365625
0.365
0.365
0.363125
0.36125
0.363164
0.360664
0.364414
0.359414
0.358789
0.357539
0.355664
0.355039
0.354414
0.355664
0.360664
0.366914
0.366289
0.373789
0.376914
0.376914
0.376289
0.376914
0.380664
0.379414
0.379414
0.378789
0.379414
0.381289
0.380664
0.378789
0.380039
0.376914
0.378789
0.378164
0.378789
0.376289
0.375039
0.374414
0.374414
0.371289
0.371289
0.371289
0.370039
0.375664
0.378789
0.382539
0.381914
0.386289
0.391914
0.393789
0.396914
0.405
0.402539
0.402539
0.398164
0.398164
0.398164
0.398125
0.398789
0.3975
0.399375
0.395625
0.388125
0.390625
0.389375
0.393125
0.386875
0.385
0.385625
0.385664
0.384375
0.383789
0.382539
0.383164
0.382539
0.381289
0.382539
0.380664
0.379414
0.380039
0.378789
0.377539
0.376914
0.376289
0.370039
0.373164
0.368789
0.370039
0.370664
0.368164
0.368789
0.366914
0.365039
0.363789
0.365039
0.360664
0.359414
0.363164
0.363789
0.363164
0.363164
0.362539
0.360664
0.360664
0.360039
0.360664
0.358164
0.353164
0.355664
0.357539
0.366289
0.368164
0.371289
0.371914
0.371914
0.371289
0.372539
0.371289
0.370664
0.368164
0.365664
0.365625
0.364414
0.364414
0.365039
0.364414
0.3625
0.360625
0.360625
0.360625
0.3575
0.358125
0.35375
0.351875
0.35375
0.352539
0.35125
0.350039
0.350039
0.350039
0.348164
0.344414
0.345039
0.342539
0.341914
0.341289
0.340664
0.340039
0.338164
0.336914
0.338789
0.336289
0.333164
0.333789
0.334414
0.338164
0.332539
0.331289
0.330664
0.328789
0.327539
0.330039
0.325664
0.325664
0.325039
0.324414
0.330039
0.323164
0.322539
0.320039
0.318789
0.318164
0.318164
0.315039
0.315039
0.313164
0.316289
0.318789
0.323164
0.325039
0.322539
0.322539
0.323164
0.323164
0.323789
0.320664
0.317539
0.316914
0.315625
0.31625
0.315625
0.313164
0.3125
0.311914
0.31
0.308125
0.305
0.305
0.3025
0.2975
0.298164
0.29875
0.296875
0.295664
0.295039
0.293164
0.293789
0.289414
0.282539
0.286289
0.285039
0.280664
0.281289
0.280039
0.280039
0.278164
0.276914
0.276914
0.274414
0.273164
0.271289
0.270039
0.270039
0.267539
0.264414
0.263789
0.261289
0.260664
0.260039
0.261914
0.256289
0.260664
0.255039
0.256914
0.256289
0.254414
0.253164
0.251914
0.250039
0.248164
0.248164
0.243164
0.245664
0.253164
0.249414
0.256289
0.255039
0.253789
0.254414
0.252539
0.253164
0.252539
0.249414
0.255039
0.246289
0.248125
0.24875
0.24125
0.239375
0.23875
0.237539
0.23625
0.234375
0.231875
0.228125
0.226914
0.223789
0.223789
0.225
0.222539
0.221914
0.220625
0.218789
0.217539
0.218164
0.216289
0.214414
0.216289
0.213164
0.211914
0.211289
0.208789
0.207539
0.207539
0.207539
0.206289
0.204414
0.203164
0.200664
0.201914
0.198164
0.196914
0.195039
0.195039
0.193789
0.192539
0.194414
0.191289
0.187539
0.190664
0.191289
0.186914
0.186289
0.185664
0.183164
0.181914
0.178789
0.179414
0.178164
0.170664
0.182539
0.188164
0.196914
0.190039
0.188789
0.188164
0.187539
0.186289
0.184414
0.183164
0.183125
0.181875
0.18125
0.180039
0.1775
0.178125
0.176875
0.175
0.17375
0.17125
0.17125
0.165625
0.165039
0.16375
0.16375
0.163125
0.163125
0.16125
0.160039
0.158789
0.159414
0.159414
0.155039
0.156289
0.153164
0.150039
0.150039
0.150039
0.149414
0.147539
0.147539
0.148164
0.147539
0.144414
0.140039
0.143164
0.142539
0.141289
0.140664
0.140039
0.139414
0.139414
0.139414
0.140039
0.138164
0.138164
0.136914
0.136289
0.133789
0.134414
0.134414
0.132539
0.131914
0.131914
0.131914
0.131914
0.130664
0.136914
0.143164
0.144414
0.143789
0.145664
0.144414
0.143164
0.143789
0.140664
0.141875
0.135664
0.134375
0.138164
0.135664
0.13625
0.135664
0.135664
0.135
0.13375
0.13375
0.1325
0.128789
0.135
0.125625
0.126914
0.125039
0.126875
0.12625
0.125
0.124375
0.125625
0.125664
0.122539
0.121289
0.120039
0.118789
0.116289
0.120039
0.118789
0.118789
0.118164
0.116289
0.116289
0.116914
0.118164
0.115039
0.118164
0.113789
0.114414
0.113789
0.114414
0.115039
0.116289
0.116914
0.117539
0.118164
0.117539
0.119414
0.118789
0.116914
0.114414
0.113789
0.115664
0.113164
0.113164
0.113789
0.118164
0.126914
0.128789
0.128789
0.126914
0.130039
0.130664
0.132539
0.132539
0.131289
0.132539
0.13
0.12875
0.130625
0.130625
0.129375
0.130625
0.13125
0.129375
0.128125
0.1275
0.12625
0.125
0.123164
0.12125
0.121875
0.121875
0.121875
0.120625
0.12125
0.12
0.120039
0.119414
0.120039
0.114414
0.116914
0.115664
0.116289
0.116914
0.116914
0.116914
0.116289
0.116289
0.116289
0.116914
0.113164
0.117539
0.113789
0.115039
0.107539
0.111289
0.111289
0.111289
0.113164
0.113789
0.115039
0.114414
0.121289
0.116289
0.113789
0.111914
0.115039
0.115039
0.113789
0.113789
0.111914
0.114414
0.120664
0.125664
0.127539
0.128789
0.127539
0.129414
0.129414
0.128789
0.128789
0.12875
0.128789
0.12875
0.125
