0.116914
0.116289
0.118164
0.114375
0.115039
0.114375
0.11375
0.11375
0.113789
0.113125
0.113125
0.11375
0.109375
0.110625
0.108164
0.10875
0.1075
0.108164
0.108789
0.109375
0.108125
0.108789
0.108789
0.109414
0.108789
0.108164
0.106914
0.104414
0.105039
0.105039
0.103789
0.104414
0.105039
0.101914
0.098789
0.102539
0.100664
0.103789
0.101914
0.101914
0.100664
0.099414
0.098164
0.100664
0.100039
0.093164
0.098164
0.101289
0.104414
0.100039
0.099414
0.098789
0.098164
0.098164
0.098789
0.098164
0.098789
0.096914
0.097539
0.098789
0.098164
0.105039
0.107539
0.111289
0.113164
0.112539
0.113789
0.109414
0.114414
0.1125
0.113125
0.113125
0.1125
0.111875
0.1125
0.113125
0.1125
0.113125
0.109375
0.113164
0.106875
0.106914
0.104414
0.105039
0.105664
0.105039
0.104375
0.106289
0.105664
0.103789
0.100039
0.103789
0.103164
0.103164
0.101914
0.101914
0.102539
0.102539
0.101914
0.102539
0.100664
0.100039
0.100039
0.098164
0.099414
0.101289
0.098789
0.098789
0.098164
0.096914
0.097539
0.098789
0.100664
0.098164
0.100039
0.101289
0.100039
0.099414
0.098164
0.097539
0.096914
0.096914
0.097539
0.095664
0.096289
0.092539
0.096914
0.098164
0.104414
0.108789
0.113789
0.113789
0.112539
0.115664
0.113789
0.110664
0.110039
0.11125
0.1125
0.11375
0.11375
0.11375
0.11375
0.1125
0.1125
0.110664
0.110625
0.108789
0.106914
0.105625
0.10625
0.108789
0.1075
0.1075
0.107539
0.107539
0.106914
0.108789
0.105039
0.106914
0.103789
0.103789
0.103164
0.103164
0.103789
0.103164
0.103164
0.103789
0.102539
0.103789
0.105039
0.105039
0.100664
0.101289
0.100039
0.099414
0.099414
0.100664
0.101289
0.100664
0.103164
0.100664
0.103164
0.101289
0.101289
0.099414
0.099414
0.098789
0.097539
0.099414
0.096914
0.101289
0.097539
0.095664
0.098164
0.105664
0.110664
0.112539
0.112539
0.112539
0.113789
0.113164
0.113789
0.113164
0.113164
0.113789
0.113164
0.110625
0.111875
0.111875
0.110625
0.109375
0.109375
0.103125
0.105039
0.101289
0.101914
0.105
0.104375
0.105039
0.105039
0.104414
0.103789
0.105664
0.101914
0.106289
0.101914
0.101914
0.101914
0.101914
0.100039
0.100664
0.101289
0.101914
0.102539
0.100039
0.101289
0.100039
0.098164
0.096914
0.100039
0.100664
0.098164
0.097539
0.098164
0.100039
0.099414
0.099414
0.100664
0.100039
0.097539
0.100039
0.100039
0.098789
0.098789
0.098164
0.097539
0.098164
0.100039
0.096289
0.095039
0.104414
0.108164
0.113164
0.114414
0.115039
0.115039
0.115039
0.117539
0.115039
0.118125
0.116914
0.118125
0.115625
0.114375
0.115625
0.115039
0.115039
0.1125
0.11375
0.110625
0.1125
0.110664
0.111875
0.10875
0.11375
0.11375
0.115
0.115039
0.113789
0.115664
0.112539
0.116289
0.116914
0.118164
0.126289
0.130039
0.138164
0.144414
0.148789
0.150664
0.149414
0.150039
0.154414
0.159414
0.165039
0.161289
0.166914
0.169414
0.170039
0.168789
0.168789
0.166914
0.168164
0.166289
0.168164
0.176914
0.181914
0.178164
0.180664
0.182539
0.183164
0.181914
0.182539
0.183164
0.183789
0.186914
0.193789
0.198164
0.210039
0.218164
0.218164
0.216289
0.213789
0.211914
0.212539
0.208789
0.201914
0.208164
0.205625
0.204414
0.205625
0.205039
0.203789
0.2025
0.199375
0.198164
0.19625
0.199375
0.19875
0.198164
0.201875
0.2025
0.201875
0.203164
0.207539
0.211289
0.212539
0.213789
0.209414
0.215664
0.215039
0.227539
0.239414
0.242539
0.241289
0.243164
0.244414
0.246914
0.249414
0.243164
0.244414
0.245039
0.253164
0.256914
0.259414
0.260039
0.268164
0.278164
0.281289
0.280039
0.277539
0.286289
0.276289
0.272539
0.274414
0.273789
0.276914
0.278789
0.278789
0.281914
0.285039
0.283164
0.281914
0.286289
0.285664
0.286289
0.290039
0.288789
0.287539
0.289414
0.290664
0.293164
0.296289
0.300039
0.299375
0.3
0.298789
0.3025
0.3025
0.308125
0.31875
0.325
0.32625
0.32625
0.3275
0.3325
0.335625
0.335
0.336875
0.334414
0.333789
0.333164
0.330664
0.330039
0.333789
0.333164
0.333164
0.332539
0.334414
0.333789
0.338789
0.340664
0.340664
0.345664
0.347539
0.350664
0.348164
0.355039
0.356914
0.356289
0.357539
0.357539
0.363789
0.363164
0.368789
0.372539
0.371914
0.373789
0.375664
0.376289
0.376289
0.379414
0.392539
0.398789
0.406914
0.420039
0.427539
0.427539
0.428789
0.430664
0.448789
0.448789
0.454414
0.456914
0.454414
0.453164
0.454414
0.456289
0.456289
0.455664
0.451914
0.456914
0.455664
0.456289
0.453164
0.460625
0.46375
0.465
0.47125
0.474414
0.475625
0.471875
0.46375
0.466875
0.4675
0.470664
0.467539
0.466914
0.467539
0.466289
0.465664
0.465664
0.465039
0.463789
0.462539
0.461289
0.460664
0.460664
0.461289
0.461289
0.460039
0.461289
0.461914
0.463164
0.460039
0.463164
0.463164
0.467539
0.467539
0.473164
0.477539
0.481289
0.491289
0.495664
0.506914
0.513789
0.519414
0.521289
0.518164
0.518164
0.520664
0.523164
0.526289
0.527539
0.525039
0.525664
0.525664
0.528164
0.530039
0.531914
0.530664
0.531914
0.530664
0.530039
0.530039
0.530039
0.531914
0.530039
0.528789
0.529414
0.528789
0.528789
0.53
0.530625
0.53
0.529375
0.535
0.548164
0.555625
0.560625
0.563164
0.572539
0.585
0.597539
0.605039
0.604414
0.606289
0.610664
0.613164
0.616914
0.618164
0.621914
0.631914
0.642539
0.645039
0.655039
0.668164
0.671289
0.669414
0.668789
0.670039
0.667539
0.661914
0.665664
0.665664
0.669414
0.661289
0.658164
0.657539
0.655664
0.653164
0.653164
0.650664
0.644414
0.649414
0.651914
0.653789
0.648164
0.646914
0.644414
0.641914
0.640664
0.648164
0.650664
0.652539
0.653164
0.653164
0.658164
0.658789
0.657539
0.655039
0.653164
0.652539
0.652539
0.651914
0.646914
0.645625
0.641875
0.641914
0.645
0.643789
0.643125
0.640625
0.639375
0.639414
0.638789
0.634414
0.634414
0.633789
0.638789
0.642539
0.643789
0.649414
0.653164
0.653789
0.651914
0.653164
0.650664
0.645664
0.652539
0.661289
0.666289
0.667539
0.670664
0.673164
0.674414
0.674414
0.683164
0.688789
0.688789
0.694414
0.696289
0.700664
0.705664
0.704414
0.702539
0.700039
0.696914
0.698164
0.700664
0.703789
0.703789
0.699414
0.703164
0.700039
0.696289
0.694414
0.692539
0.691914
0.692539
0.694414
0.696289
0.707539
0.708164
0.705664
0.703164
0.701289
0.701914
0.701289
0.700039
0.698164
0.696914
0.693789
0.698164
0.690625
0.692539
0.695664
0.686914
0.684414
0.683789
0.681289
0.68
0.678164
0.672539
0.668789
0.668164
0.668789
0.675039
0.678789
0.679414
0.682539
0.682539
0.684414
0.683789
0.688164
0.693789
0.690039
0.690664
0.685664
0.686289
0.685664
0.684414
0.683789
0.686289
0.691289
0.690039
0.693789
0.698164
0.696289
0.693789
0.692539
0.690039
0.688789
0.688164
0.686289
0.685039
0.686914
0.682539
0.686914
0.695664
0.697539
0.705664
0.718164
0.719414
0.719414
0.717539
0.715039
0.716914
0.716289
0.711914
0.727539
0.725039
0.730664
0.730664
0.732539
0.730039
0.731289
0.728789
0.726289
0.725039
0.724414
0.720664
0.720625
0.722539
0.725664
0.723789
0.722539
0.721914
0.718125
0.713789
0.710664
0.702539
0.703164
0.704414
0.701914
0.698164
0.694414
0.691289
0.688789
0.686289
0.685664
0.686289
0.685664
0.694414
0.693789
0.691289
0.688789
0.688164
0.686289
0.685039
0.683164
0.680664
0.678789
0.673789
0.672539
0.678164
0.680664
0.676914
0.685039
0.688164
0.686289
0.686914
0.683789
0.684414
0.683789
0.680039
0.676289
0.674414
0.671289
0.670039
0.666914
0.666914
0.668164
0.675664
0.677539
0.684414
0.685039
0.684414
0.683789
0.681914
0.682539
0.681914
0.683789
0.681914
0.682539
0.682539
0.681914
0.674414
0.67
0.673789
0.671289
0.667539
0.66625
0.664414
0.662539
0.657539
0.655
0.652539
0.647539
0.653164
0.646914
0.646914
0.646289
0.648789
0.648164
0.645664
0.645039
0.643789
0.643789
0.639414
0.638164
0.636289
0.632539
0.630664
0.629414
0.627539
0.625664
0.626289
0.624414
0.623164
0.623164
0.623164
0.618164
0.618164
0.612539
0.612539
0.611289
0.609414
0.608789
0.607539
0.607539
0.607539
0.603789
0.598789
0.596914
0.593164
0.593164
0.591289
0.589414
0.586914
0.593789
0.594414
0.595039
0.591914
0.594414
0.596289
0.601289
0.603789
0.602539
0.601289
0.601289
0.601914
0.601289
0.602539
0.598164
0.594414
0.596289
0.595664
0.596914
0.594414
0.591914
0.589375
0.587539
0.583789
0.581875
0.580625
0.582539
0.58
0.579414
0.582539
0.583789
0.582539
0.580664
0.579414
0.582539
0.588789
0.591289
0.583789
0.586914
0.585664
0.586914
0.585664
0.584414
0.581289
0.579414
0.579414
0.576914
0.575664
0.570039
0.569414
0.564414
0.566289
0.570664
0.572539
0.573164
0.578789
0.583789
0.586289
0.583789
0.577539
0.582539
0.573789
0.571914
0.571914
0.569414
0.569414
0.575039
0.582539
0.583789
0.592539
0.598789
0.601289
0.597539
0.593789
0.592539
0.591289
0.589414
0.588164
0.585664
0.582539
0.579414
0.576914
0.573164
0.572539
0.570039
0.568789
0.579414
0.586914
0.59
0.600625
0.60375
0.603125
0.604375
0.603164
0.602539
0.603789
0.610664
0.618164
0.614414
0.615039
0.611914
0.608164
0.602539
0.600039
0.596289
0.601289
0.593164
0.590039
0.591914
0.582539
0.580664
0.578789
0.575664
0.573164
0.571289
0.565039
0.561914
0.556914
0.551289
0.548789
0.546914
0.545039
0.540664
0.538789
0.535664
0.533164
0.529414
0.526914
0.526914
0.531914
0.531289
0.538789
0.546289
0.546289
0.546289
0.548164
0.546289
0.545039
0.543789
0.538789
0.535664
0.535664
0.533164
0.531914
0.528789
0.525664
0.522539
0.518164
0.518789
0.515664
0.51125
0.511914
0.50875
0.501875
0.504375
0.503125
0.50125
0.4975
0.495625
0.49625
0.493164
0.490664
0.490664
0.490664
0.484414
0.485664
0.483789
0.482539
0.480664
0.478164
0.478789
0.488164
0.502539
0.504414
0.518164
0.531914
0.535039
0.533164
0.532539
0.534414
0.536289
0.538789
0.543789
0.535664
0.541289
0.540039
0.540664
0.542539
0.540664
0.545664
0.550664
0.551289
0.555664
0.560664
0.554414
0.550664
0.555039
0.561289
0.563164
0.564414
0.561914
0.568789
0.573164
0.572539
0.571914
0.569414
0.576289
0.569414
0.565039
0.566914
0.560039
0.556914
0.555039
0.555664
0.555039
0.552539
0.55
0.549375
0.54625
0.5425
0.539375
0.536875
0.533125
0.529375
0.52625
0.521875
0.52
0.519414
0.523789
0.528789
0.526914
0.535039
0.539414
0.540039
0.536289
0.535039
0.534414
0.533164
0.533164
0.528789
0.525664
0.525039
0.521289
0.520664
0.520039
0.516914
0.515664
0.512539
0.509414
0.509414
0.505664
0.501289
0.501914
0.500039
0.496914
0.498789
0.496914
0.496914
0.495664
0.494414
0.493789
0.488789
0.481914
0.485664
0.485664
0.485039
0.483164
0.488789
0.491289
0.494414
0.494414
0.493164
0.493164
0.493164
0.491289
0.490039
0.488789
0.486914
0.485039
0.483789
0.482539
0.48125
0.48
0.47875
0.478164
0.478125
0.472539
0.47375
0.475039
0.4725
0.47125
0.469375
0.468789
0.468125
0.468789
0.466289
0.463164
0.465039
0.463164
0.464414
0.464414
0.467539
0.471289
0.470039
0.472539
0.476289
0.474414
0.473789
0.482539
0.485039
0.483789
0.483164
0.482539
0.484414
0.485039
0.484414
0.486289
0.490664
0.499414
0.501289
0.503164
0.513789
0.521914
0.527539
0.526914
0.525664
0.527539
0.529414
0.535039
0.535664
0.539414
0.544414
0.550664
0.551914
0.551289
0.551914
0.551289
0.548789
0.548164
0.548164
0.541914
0.538164
0.540039
0.533789
0.531914
0.531289
0.530039
0.528789
0.528789
0.528164
0.525039
0.521914
0.522539
0.518164
0.514375
0.516914
0.509414
0.51
0.506289
0.504414
0.504414
0.504414
0.501914
0.498164
0.496289
0.494414
0.493164
0.491914
0.489414
0.487539
0.485039
0.483164
0.483789
0.483164
0.484414
0.481289
0.480039
0.479414
0.475664
0.475664
0.473789
0.473164
0.470039
0.470039
0.468789
0.466289
0.465664
0.463164
0.460039
0.461289
0.460039
0.459414
0.458164
0.456289
0.453164
0.453164
0.450039
0.451289
0.446914
0.446289
0.450039
0.453164
0.454414
0.453789
0.453164
0.451289
0.450664
0.447539
0.446289
0.444414
0.444414
0.438789
0.438789
0.438789
0.437539
0.438164
0.43625
0.435664
0.435
0.434375
0.431289
0.431289
0.428125
0.427539
0.425039
0.424375
0.425664
0.425
0.426289
0.428164
0.425664
0.428164
0.433164
0.433789
0.433789
0.436289
0.436289
0.434414
0.433164
0.431914
0.432539
0.430039
0.431289
0.430664
0.429414
0.427539
0.435039
0.435664
0.440664
0.443789
0.445039
0.444414
0.438789
0.433789
0.438164
0.438164
0.441289
0.436289
0.435039
0.435039
0.433164
0.429414
0.426289
0.423789
0.421914
0.419414
0.416914
0.418789
0.420664
0.419414
0.418789
0.419414
0.425664
0.428164
0.427539
0.420664
0.426289
0.423789
0.422539
0.421914
0.419414
0.418164
0.415625
0.41375
0.411914
0.411875
0.405039
0.40375
0.40125
0.4
0.395
0.394375
0.391914
0.388789
0.388164
0.388125
0.386914
0.382539
0.386914
0.381914
0.380664
0.387539
0.383789
0.385039
0.385664
0.387539
0.386289
0.386914
0.385664
0.386289
0.385039
0.383164
0.381289
0.380039
0.380664
0.379414
0.378789
0.378789
0.374414
0.373164
0.372539
0.368164
0.370664
0.367539
0.365664
0.363789
0.362539
0.361289
0.358789
0.357539
0.357539
0.356914
0.351914
0.355039
0.356914
0.361914
0.362539
0.360039
0.361289
0.369414
0.381289
0.387539
0.397539
0.406914
0.414414
0.414414
0.411289
0.416289
0.416289
0.415664
0.41375
0.412539
0.4125
0.406875
0.405625
0.400039
0.398164
0.393164
0.390625
0.388789
0.384375
0.3825
0.380664
0.378789
0.375664
0.374414
0.369414
0.368789
0.366289
0.364414
0.361914
0.359414
0.357539
0.355039
0.352539
0.351914
0.345664
0.348164
0.349414
0.349414
0.348164
0.346289
0.348164
0.355039
0.355664
0.360039
0.365664
0.366289
0.368164
0.364414
0.363789
0.364414
0.364414
0.363789
0.361914
0.360039
0.358789
0.358789
0.353789
0.358164
0.355664
0.353789
0.357539
0.360664
0.360664
0.361914
0.363164
0.363789
0.366289
0.365039
0.370039
0.370039
0.371289
0.374414
0.373789
0.371289
0.370625
0.370664
0.370625
0.370664
0.37
0.363164
0.365039
0.358125
0.360039
0.365039
0.375
0.376875
0.385
0.399375
0.406875
0.410039
0.404414
0.405664
0.408164
0.408164
0.406289
0.408789
0.406289
0.403164
0.403164
0.401914
0.401289
0.397539
0.402539
0.392539
0.390664
0.392539
0.385664
0.383164
0.381289
0.378789
0.376289
0.375039
0.371914
0.371289
0.370039
0.366289
0.363789
0.366914
0.366289
0.366289
0.371289
0.373789
0.376289
0.383164
0.388164
0.386914
0.390664
0.391914
0.389414
0.390664
0.391289
0.391289
0.392539
0.392539
0.390664
0.390664
0.390039
0.389414
0.3925
0.391289
0.388789
0.388164
0.386914
0.386289
0.384414
0.386289
0.381914
0.378164
0.37875
0.378125
0.374375
0.3725
0.370625
0.370625
0.371875
0.37125
0.372539
0.370039
0.371914
0.369414
0.373164
0.373164
0.375664
0.380664
0.383789
0.385664
0.384414
0.385664
0.385039
0.387539
0.385039
0.383789
0.384414
0.381914
0.383164
0.388164
0.393164
0.393164
0.397539
0.403164
0.399414
0.410039
0.411914
0.416289
0.426289
0.432539
0.430664
0.428789
0.429414
0.430039
0.431289
0.433789
0.432539
0.440039
0.438164
0.438789
0.435664
0.434414
0.433164
0.433789
0.436914
0.441289
0.438789
0.440039
0.448164
0.443789
0.445039
0.443164
0.441289
0.441289
0.441875
0.440625
0.440625
0.438125
0.435625
0.43375
0.4325
0.430625
0.4275
0.425664
0.425625
0.422539
0.42125
0.420664
0.420664
0.421289
0.430039
0.427539
0.434414
0.441914
0.445039
0.444414
0.443164
0.441914
0.441914
0.443164
0.438789
0.438164
0.438789
0.436289
0.435664
0.433789
0.433164
0.431914
0.430039
0.428164
0.429414
0.426289
0.425039
0.423789
0.425039
0.425039
0.426914
0.426289
0.424414
0.424414
0.423789
0.426914
0.430664
0.432539
0.435664
0.439414
0.439414
0.438164
0.438164
0.440039
0.445039
0.445664
0.448164
0.453164
0.456289
0.451289
0.455039
0.45375
0.45125
0.451914
0.449375
0.4475
0.4475
0.446875
0.444375
0.443125
0.44125
0.440625
0.438125
0.435625
0.435
0.43625
0.435664
0.433789
0.4325
0.439414
0.447539
0.444414
0.456914
0.466289
0.465664
0.468789
0.466289
0.466914
0.468164
0.466289
0.468789
0.465039
0.462539
0.463789
0.462539
0.459414
0.456914
0.455039
0.452539
0.450039
0.448164
0.448789
0.448164
0.449414
0.447539
0.446914
0.446914
0.445664
0.443789
0.440039
0.438164
0.436914
0.434414
0.440664
0.438789
0.446914
0.445664
0.441914
0.443164
0.443164
0.441914
0.440039
0.438789
0.437539
0.437539
0.432539
0.435039
0.433164
0.431914
0.428789
0.426875
0.425625
0.42625
0.425625
0.424375
0.423125
0.419375
0.41125
0.415
0.41125
0.417539
0.41125
0.410664
0.41
0.408789
0.407539
0.408164
0.406914
0.405664
0.403789
0.402539
0.401289
0.398789
0.398164
0.398164
0.398164
0.397539
0.397539
0.395664
0.394414
0.395039
0.390664
0.391914
0.389414
0.388789
0.387539
0.385664
0.384414
0.384414
0.384414
0.381914
0.384414
0.381914
0.380039
0.383164
0.382539
0.385039
0.386289
0.388164
0.388164
0.392539
0.399414
0.397539
0.396914
0.400039
0.403164
0.403164
0.401289
0.400664
0.400664
0.398789
0.400039
0.396914
0.399414
0.398164
0.396875
0.398164
0.395625
0.394375
0.393125
0.391875
0.39
0.387539
0.38625
0.386875
0.38125
0.3825
0.376875
0.376875
0.37625
0.375039
0.373164
0.372539
0.370664
0.370664
0.368789
0.368164
0.366289
0.364414
0.361914
0.360039
0.358789
0.358164
0.355664
0.353789
0.353789
0.349414
0.347539
0.348164
0.346914
0.343789
0.344414
0.343789
0.340664
0.338789
0.336289
0.338164
0.334414
0.327539
0.332539
0.331914
0.327539
0.332539
0.329414
0.327539
0.328164
0.337539
0.341914
0.348164
0.355664
0.356914
0.356914
0.356289
0.355664
0.354414
0.355039
0.355039
0.355664
0.356914
0.361289
0.357539
0.361875
0.369375
0.373125
0.3725
0.37
0.368789
0.368125
0.366914
0.365039
0.363125
0.358164
0.360039
0.353164
0.350039
0.345039
0.345664
0.344414
0.344375
0.342539
0.343164
0.343164
0.340039
0.335039
0.336289
0.333789
0.335664
0.331289
0.329414
0.327539
0.326289
0.325039
0.322539
0.321289
0.319414
0.315664
0.316289
0.318789
0.321289
0.321914
0.325039
0.325664
0.325664
0.323789
0.323164
0.325039
0.323164
0.325039
0.323789
0.320664
0.318164
0.316914
0.316289
0.319414
0.322539
0.326289
0.320664
0.323164
0.320664
0.320664
0.316914
0.314414
0.313164
0.311289
0.308789
0.306914
0.306914
0.302539
0.304414
0.299414
0.297539
0.301289
0.296289
0.29625
0.298125
0.300039
0.299414
0.29875
0.294375
0.292539
0.291289
0.286875
0.285039
0.2875
0.286914
0.28375
0.283164
0.281914
0.280039
0.278789
0.277539
0.273164
0.275664
0.269414
0.269414
0.268789
0.266914
0.266289
0.265664
0.264414
0.263789
0.261914
0.260664
0.263164
0.261914
0.260039
0.257539
0.256289
0.254414
0.253789
0.254414
0.254414
0.252539
0.256289
0.251289
0.248164
0.251914
0.248164
0.247539
0.249414
0.252539
0.255039
0.260039
0.258164
0.251914
0.256914
0.255664
0.264414
0.256289
0.255039
0.255039
0.253789
0.252539
0.252539
0.251289
0.252539
0.250625
0.249414
0.248164
0.247539
0.248164
0.247539
0.24625
0.245625
0.245039
0.245625
0.237539
0.241875
0.2375
0.23875
0.24125
0.240625
0.240039
0.241289
0.240039
0.240664
0.241914
0.237539
0.240664
0.237539
0.238789
0.237539
0.236914
0.236289
0.235664
0.235664
0.236289
0.235664
0.232539
0.237539
0.231914
0.230664
0.228164
0.228789
0.228164
0.226914
0.227539
0.227539
0.228164
0.227539
0.230039
0.228789
0.230664
0.233789
0.227539
0.226289
0.231914
0.234414
0.238789
0.239414
0.238789
0.240039
0.238164
0.240039
0.238789
0.238789
0.238789
0.236914
0.236289
0.234414
0.233789
0.235039
0.230664
0.229375
0.226289
0.231875
0.231289
0.230039
0.23
0.228125
0.226289
0.22375
0.225039
0.221914
0.224375
0.21875
0.220625
0.21625
0.218125
0.2175
0.217539
0.217539
0.216289
0.218164
0.214414
0.215039
0.212539
0.210039
0.210039
0.210664
0.210664
0.208789
0.210039
0.208789
0.208789
0.208789
0.208789
0.207539
0.207539
0.203789
0.204414
0.203789
0.204414
0.205039
0.203789
0.203164
0.204414
0.201289
0.202539
0.204414
0.200664
0.199414
0.198789
0.204414
0.207539
0.210664
0.213164
0.211914
0.210039
0.215039
0.213164
0.211289
0.206289
0.206914
0.206289
0.205664
0.203789
0.203789
0.205039
0.201289
0.195664
0.199375
0.198164
0.198164
0.198125
0.196914
0.197539
0.195625
0.194375
0.193164
0.191875
0.191875
0.189375
0.18875
0.189375
0.188125
0.186875
0.187539
0.186914
0.188164
0.189414
0.188789
0.181914
0.185039
0.181914
0.181289
0.182539
0.183164
0.181914
0.182539
0.180664
0.179414
0.180664
0.175664
0.173789
0.176289
0.175039
0.175039
0.172539
0.172539
0.171289
0.171289
0.172539
0.173789
0.171289
0.169414
0.170039
0.171914
0.165039
0.169414
0.171914
0.177539
0.180039
0.180039
0.180039
0.179414
0.180664
0.180039
0.177539
0.176289
0.175664
0.175664
0.174414
0.173789
0.173164
0.171914
0.171914
0.172539
0.168789
0.168164
0.165664
0.166289
0.165664
0.165
0.16375
0.163125
0.1625
0.161875
0.159414
0.156875
0.158125
0.156289
0.160625
0.159375
0.159414
0.159414
0.158789
0.156914
0.157539
0.155039
0.153789
0.152539
0.153789
0.150664
0.152539
0.150664
0.150664
0.150039
0.148789
0.151289
0.148789
0.148789
0.148164
0.146914
0.145664
0.144414
0.144414
0.143164
0.142539
0.143164
0.143164
0.142539
0.143164
0.141289
0.138164
0.138164
0.145039
0.147539
0.151289
0.152539
0.151914
0.151289
0.151914
0.150039
0.148789
0.148164
0.147539
0.148164
0.150039
0.146914
0.146289
0.145039
0.144414
0.144375
0.141875
0.1425
0.140625
0.138789
0.145
0.139375
0.1375
0.136875
0.135625
0.135
0.135
0.131875
0.125039
0.129414
0.13125
0.133789
0.129414
0.128789
0.129414
0.128789
0.128164
0.128164
0.126914
0.126289
0.124414
0.124414
0.125039
0.124414
0.123789
0.123789
0.123164
0.122539
0.121914
0.123164
0.119414
0.123789
0.117539
0.120039
0.118789
0.119414
0.119414
0.119414
0.119414
0.119414
0.121289
0.116289
0.121289
0.115664
0.121289
0.125664
0.131289
0.136289
0.137539
0.135664
0.137539
0.138789
0.136914
0.144414
0.138164
0.140039
0.136914
0.139414
0.139414
0.138164
0.138164
0.136914
0.137539
0.135664
0.133125
0.133125
0.13125
0.131875
0.133125
0.13125
0.130039
0.129414
0.128125
0.126875
0.12625
0.12625
0.124414
0.1275
0.125664
0.123164
0.124414
0.123164
0.123789
0.123164
0.121289
0.123164
0.122539
0.121914
0.120664
0.120039
0.121289
0.120664
0.120664
0.120664
0.121914
0.120039
0.120664
0.119414
0.115664
0.118164
0.118789
0.114414
0.116289
0.117539
0.116914
0.117539
0.116289
0.118164
0.116289
0.111289
0.115664
0.115664
0.117539
0.125039
0.127539
0.128164
0.128164
0.127539
0.128164
0.128164
0.129414
0.127539
0.127539
0.127539
0.126289
0.125039
0.125664
0.123789
0.124414
0.12375
0.123125
0.12125
0.121914
0.120039
0.1225
0.121875
0.121875
0.120625
0.119414
0.119375
0.118125
0.1175
0.115
0.117539
0.11625
0.114414
0.115625
0.115664
0.114414
0.115664
0.115664
0.113789
0.114414
0.111289
0.105039
0.111289
0.113164
0.108789
0.113789
0.111914
0.111289
0.111289
0.111289
0.111914
0.110664
0.111289
0.110039
0.108789
0.108164
0.108789
0.109414
0.111289
0.110664
0.110664
0.111914
0.112539
0.110039
0.109414
0.114414
0.118789
0.124414
0.126289
0.125039
0.125664
0.126914
0.125664
0.126289
0.122539
0.121914
0.125039
0.121914
0.123789
0.123164
0.123789
0.122539
0.122539
0.1225
0.123125
0.120625
0.126875
0.12
0.12125
0.12
0.12
0.119375
0.118789
0.118125
0.116875
0.117539
0.115625
0.114414
0.115039
0.11375
0.115
0.116914
0.115664
0.115039
0.113789
0.114414
0.113789
0.113164
0.115039
0.110664
0.114414
0.110039
0.111289
0.111914
0.111289
0.111289
0.111914
0.110664
0.112539
0.111914
0.110664
0.109414
0.109414
0.110039
0.108789
0.109414
0.108789
0.108164
0.110664
0.112539
0.110664
0.113789
0.111914
0.117539
0.122539
0.125039
0.123789
0.124414
0.123789
0.123789
0.126914
0.123789
0.120039
0.121914
0.122539
0.118789
0.121289
0.120664
0.120039
0.120039
0.12
0.12
0.118789
0.119375
0.1175
0.119414
0.118789
0.116289
0.117539
0.116875
0.115664
0.114375
0.112539
0.113125
0.10875
0.111914
0.1125
0.110625
0.111875
0.111914
0.111289
0.110039
0.110039
