0.113164
0.114414
0.112539
0.113164
0.111914
0.110664
0.111289
0.110664
0.110664
0.110039
0.108164
0.110039
0.110039
0.106289
0.110039
0.105039
0.106289
0.106914
0.106875
0.106914
0.106875
0.10625
0.1075
0.1075
0.108125
0.108125
0.10875
0.103125
0.103125
0.1025
0.1
0.1025
0.104375
0.105664
0.103789
0.105625
0.104414
0.106289
0.103789
0.103789
0.104414
0.103789
0.102539
0.102539
0.105039
0.102539
0.105039
0.103164
0.100039
0.106914
0.105039
0.109414
0.114414
0.118164
0.118164
0.118164
0.117539
0.120664
0.116289
0.116914
0.117539
0.118164
0.117539
0.117539
0.118164
0.116914
0.115039
0.115039
0.108789
0.111914
0.111914
0.110664
0.110664
0.111289
0.110664
0.109414
0.110664
0.109414
0.111289
0.106914
0.111289
0.108164
0.108789
0.102539
0.107539
0.106875
0.106875
0.106875
0.109375
0.109375
0.1075
0.1075
0.106875
0.105625
0.10875
0.105625
0.105
0.10375
0.104375
0.105664
0.1075
0.106914
0.105039
0.104414
0.104414
0.104414
0.104414
0.102539
0.102539
0.102539
0.102539
0.101914
0.102539
0.104414
0.101914
0.102539
0.098789
0.106289
0.109414
0.115039
0.116289
0.115039
0.115664
0.117539
0.115664
0.118789
0.118164
0.118789
0.116289
0.116289
0.116914
0.117539
0.116289
0.113789
0.115664
0.112539
0.115039
0.110664
0.112539
0.109414
0.111289
0.111289
0.111289
0.110664
0.110039
0.112539
0.109414
0.111914
0.110664
0.108164
0.109414
0.109375
0.110039
0.108125
0.10875
0.10875
0.109414
0.110625
0.110625
0.106875
0.108125
0.104414
0.105625
0.104414
0.104414
0.104414
0.105
0.104414
0.105039
0.103164
0.102539
0.106914
0.106914
0.105664
0.104414
0.103164
0.102539
0.103164
0.104414
0.103789
0.102539
0.100664
0.105664
0.101914
0.106289
0.111914
0.115664
0.116289
0.115664
0.114414
0.116914
0.115039
0.108789
0.116289
0.113164
0.116914
0.116289
0.116914
0.116289
0.115039
0.113164
0.113164
0.112539
0.113164
0.110664
0.110039
0.110664
0.110039
0.109414
0.110664
0.110664
0.110039
0.110039
0.110664
0.104414
0.107539
0.105664
0.106914
0.109375
0.10875
0.108125
0.108125
0.1075
0.108125
0.110625
0.104375
0.1075
0.10625
0.1075
0.105664
0.10375
0.103164
0.102539
0.104414
0.105625
0.105625
0.102539
0.112539
0.103789
0.101914
0.098789
0.102539
0.102539
0.101914
0.102539
0.104414
0.105039
0.103164
0.105039
0.103164
0.105039
0.108164
0.113789
0.116289
0.115664
0.116914
0.116914
0.117539
0.117539
0.119414
0.115664
0.116914
0.116914
0.116289
0.116914
0.116914
0.115039
0.116914
0.123164
0.129414
0.131914
0.141289
0.148164
0.146289
0.148789
0.150664
0.152539
0.155039
0.159414
0.156914
0.163164
0.165664
0.170039
0.184414
0.190664
0.20375
0.215039
0.221875
0.220625
0.22125
0.223164
0.226914
0.225
0.228125
0.225
0.22
0.215664
0.214414
0.211875
0.209375
0.207539
0.206914
0.205039
0.203164
0.201914
0.198164
0.197539
0.194414
0.193164
0.191914
0.192539
0.191289
0.191289
0.190039
0.190664
0.190039
0.196289
0.201914
0.205039
0.211914
0.216289
0.220039
0.222539
0.220664
0.223164
0.223164
0.225039
0.227539
0.225039
0.224414
0.220664
0.221289
0.222539
0.225039
0.224414
0.221914
0.223789
0.220039
0.216289
0.220664
0.224414
0.226289
0.231914
0.230039
0.230664
0.230664
0.230664
0.230664
0.230664
0.235664
0.245664
0.255664
0.260664
0.265625
0.28625
0.307539
0.31375
0.314414
0.318164
0.327539
0.32625
0.328125
0.322539
0.323164
0.321289
0.323125
0.328125
0.328125
0.326289
0.328125
0.333164
0.326289
0.326289
0.326289
0.325664
0.325039
0.321289
0.318789
0.319414
0.316914
0.319414
0.328164
0.328789
0.323789
0.330039
0.345664
0.347539
0.355664
0.353789
0.354414
0.360039
0.365039
0.370039
0.369414
0.368789
0.370664
0.371914
0.372539
0.380039
0.380039
0.377539
0.376914
0.378789
0.384414
0.391914
0.393164
0.394414
0.401289
0.400039
0.403789
0.404414
0.408789
0.411914
0.410664
0.410039
0.411289
0.411289
0.412539
0.411289
0.410664
0.409414
0.408164
0.408789
0.414414
0.417539
0.417539
0.423164
0.4225
0.419375
0.423125
0.426289
0.428125
0.425625
0.4275
0.426289
0.427539
0.4275
0.429414
0.426289
0.422539
0.427539
0.430039
0.437539
0.441289
0.440664
0.448164
0.452539
0.454414
0.464414
0.469414
0.472539
0.476289
0.490664
0.495039
0.493789
0.493789
0.493164
0.490664
0.490039
0.491914
0.494414
0.493789
0.494414
0.493789
0.495039
0.496289
0.495039
0.492539
0.491289
0.489414
0.490039
0.490039
0.490664
0.500039
0.503789
0.501914
0.502539
0.506289
0.514414
0.523789
0.526914
0.529414
0.536289
0.536289
0.528164
0.536289
0.543789
0.545664
0.554414
0.556914
0.560664
0.563164
0.566289
0.569375
0.569375
0.57125
0.57
0.574375
0.575625
0.575625
0.577539
0.578789
0.578789
0.578789
0.579414
0.581289
0.582539
0.591914
0.593164
0.596289
0.593789
0.596289
0.600664
0.602539
0.603789
0.601914
0.603789
0.601914
0.608164
0.613164
0.615664
0.615039
0.618789
0.625039
0.625039
0.628164
0.635039
0.638164
0.634414
0.640039
0.631914
0.633789
0.633164
0.634414
0.640039
0.641914
0.641289
0.641289
0.643164
0.643164
0.651289
0.660664
0.660039
0.661914
0.662539
0.663164
0.668164
0.677539
0.682539
0.681914
0.682539
0.686289
0.688789
0.691914
0.693789
0.6975
0.697539
0.695664
0.695039
0.696289
0.696914
0.696914
0.698164
0.701289
0.698789
0.695664
0.691875
0.690039
0.688789
0.688164
0.688164
0.690664
0.695039
0.693789
0.701914
0.705664
0.705039
0.703789
0.703789
0.701289
0.700039
0.700664
0.704414
0.711914
0.710039
0.713789
0.728789
0.730039
0.726914
0.730664
0.730039
0.727539
0.725039
0.722539
0.720039
0.722539
0.728164
0.726914
0.731914
0.731914
0.729414
0.725664
0.723164
0.720664
0.718164
0.715039
0.713789
0.708164
0.710664
0.710664
0.708164
0.706914
0.703789
0.701914
0.706914
0.712539
0.712539
0.713789
0.710039
0.713789
0.716914
0.724414
0.730664
0.736289
0.735664
0.737539
0.745039
0.75625
0.764375
0.765039
0.759375
0.77
0.78
0.783164
0.786289
0.783164
0.783164
0.784414
0.791914
0.798789
0.796914
0.800664
0.805039
0.805664
0.801289
0.799414
0.796914
0.796289
0.792539
0.789414
0.788164
0.789414
0.788164
0.787539
0.786289
0.781914
0.778164
0.773789
0.770039
0.766914
0.764414
0.760664
0.758164
0.750664
0.746914
0.747539
0.743789
0.742539
0.739414
0.735664
0.732539
0.729414
0.727539
0.728164
0.724414
0.733164
0.725039
0.725664
0.729414
0.721914
0.721289
0.718789
0.716914
0.714414
0.713789
0.709414
0.707539
0.708789
0.706914
0.705664
0.707539
0.707539
0.706875
0.705625
0.704414
0.70125
0.700625
0.699375
0.693125
0.694414
0.689375
0.695039
0.698164
0.696914
0.700664
0.703789
0.703789
0.701914
0.701289
0.698789
0.706289
0.710664
0.708789
0.713164
0.717539
0.718789
0.716289
0.720039
0.722539
0.719414
0.721914
0.718164
0.716289
0.715039
0.714414
0.713789
0.715664
0.716914
0.713789
0.720664
0.725039
0.723164
0.727539
0.734414
0.739414
0.732539
0.733164
0.730664
0.732539
0.732539
0.728789
0.728164
0.730664
0.738164
0.746914
0.748164
0.752539
0.762539
0.768164
0.765039
0.761914
0.761289
0.761914
0.755664
0.756875
0.753789
0.750039
0.752539
0.75125
0.749414
0.744414
0.741914
0.737539
0.73625
0.72875
0.7275
0.721289
0.720039
0.721914
0.729414
0.728789
0.733789
0.743789
0.750664
0.751289
0.744414
0.750039
0.742539
0.740664
0.734414
0.735039
0.731289
0.725664
0.723164
0.725039
0.725039
0.725039
0.721289
0.716289
0.711914
0.709414
0.705664
0.703164
0.700039
0.699414
0.696914
0.695039
0.693789
0.688789
0.688789
0.683789
0.682539
0.678164
0.675664
0.675039
0.678164
0.679414
0.681289
0.687539
0.685039
0.683789
0.683164
0.681914
0.686914
0.688164
0.686914
0.687539
0.690664
0.688789
0.688164
0.684414
0.689414
0.681914
0.684414
0.684414
0.689414
0.689375
0.693789
0.697539
0.696875
0.695664
0.690039
0.689414
0.686914
0.683789
0.681289
0.681914
0.681289
0.675039
0.672539
0.670039
0.666914
0.665039
0.665039
0.660039
0.657539
0.654414
0.651289
0.649414
0.646289
0.647539
0.650039
0.653789
0.657539
0.656914
0.652539
0.660664
0.663164
0.661914
0.659414
0.659414
0.663164
0.671289
0.681914
0.686914
0.683164
0.683789
0.690664
0.681289
0.680039
0.677539
0.675664
0.674414
0.671914
0.668789
0.670039
0.665664
0.665039
0.663789
0.665039
0.661289
0.658789
0.659414
0.665039
0.665664
0.670039
0.678164
0.681289
0.681914
0.677539
0.675039
0.675664
0.675039
0.673789
0.671289
0.668125
0.665039
0.666914
0.669375
0.6625
0.670664
0.670664
0.670664
0.678789
0.681914
0.682539
0.690664
0.697539
0.696289
0.694414
0.690039
0.690664
0.693789
0.691289
0.686289
0.681289
0.678789
0.680664
0.680039
0.682539
0.680039
0.675039
0.678164
0.671289
0.667539
0.668789
0.660039
0.656289
0.654414
0.650664
0.651289
0.650039
0.647539
0.645664
0.645039
0.643164
0.639414
0.638789
0.635664
0.637539
0.643789
0.643164
0.646914
0.651914
0.652539
0.650664
0.647539
0.648164
0.643789
0.641289
0.638789
0.636914
0.635039
0.633164
0.631914
0.626914
0.623164
0.621914
0.617539
0.620664
0.616914
0.614414
0.611914
0.611914
0.61
0.611289
0.609414
0.606289
0.604414
0.605664
0.607539
0.603164
0.601289
0.600039
0.597539
0.598789
0.600039
0.595664
0.589414
0.590664
0.590039
0.591914
0.586289
0.583789
0.588789
0.591289
0.594414
0.594414
0.593164
0.591914
0.589414
0.590039
0.590664
0.588164
0.586289
0.584414
0.581914
0.581289
0.580664
0.578789
0.576914
0.575664
0.570664
0.566914
0.566289
0.565039
0.562539
0.560039
0.559414
0.558164
0.556914
0.554414
0.550664
0.555664
0.558789
0.558789
0.559414
0.560664
0.564414
0.570039
0.572539
0.571914
0.571289
0.570664
0.571875
0.571289
0.568789
0.568164
0.565664
0.565039
0.563164
0.56
0.558164
0.555
0.55375
0.55125
0.548789
0.549375
0.545664
0.543789
0.542539
0.541914
0.544414
0.548789
0.549414
0.548164
0.556914
0.558789
0.561914
0.558164
0.557539
0.561914
0.561914
0.561914
0.565664
0.570039
0.564414
0.564414
0.568789
0.566914
0.565664
0.564414
0.564414
0.563789
0.562539
0.562539
0.561289
0.557539
0.556289
0.550664
0.546914
0.548164
0.543164
0.541914
0.540039
0.536914
0.534414
0.533789
0.530664
0.526914
0.523789
0.520664
0.519414
0.520039
0.518164
0.518164
0.517539
0.516289
0.515039
0.518164
0.52125
0.520039
0.524414
0.529414
0.525664
0.525
0.52125
0.51875
0.515625
0.51375
0.511875
0.508164
0.507539
0.503789
0.500664
0.499414
0.498164
0.495664
0.493164
0.490664
0.486914
0.486914
0.481914
0.480039
0.476914
0.470664
0.472539
0.475039
0.476289
0.479414
0.478789
0.476289
0.476289
0.472539
0.470039
0.468164
0.466914
0.461289
0.459414
0.458164
0.456914
0.455664
0.453164
0.452539
0.451289
0.450039
0.448164
0.450039
0.449414
0.452539
0.454414
0.452539
0.452539
0.450664
0.448789
0.449414
0.448164
0.455664
0.461289
0.460039
0.463789
0.465039
0.465664
0.463164
0.460664
0.460039
0.458789
0.455039
0.451914
0.45125
0.449414
0.450664
0.455
0.45375
0.45375
0.453125
0.455
0.455
0.45625
0.456289
0.465039
0.464414
0.466289
0.464414
0.463164
0.462539
0.460664
0.456914
0.453789
0.449414
0.446914
0.441914
0.438789
0.436289
0.441289
0.441914
0.443789
0.441914
0.440039
0.438164
0.436289
0.429414
0.434414
0.428789
0.425664
0.423164
0.420039
0.419414
0.416289
0.414414
0.413164
0.413164
0.406914
0.407539
0.405664
0.403164
0.398789
0.398789
0.396914
0.395664
0.393789
0.392539
0.391289
0.387539
0.387539
0.383164
0.380664
0.377539
0.376914
0.375664
0.373164
0.371289
0.370039
0.370625
0.366914
0.364375
0.363125
0.361875
0.361875
0.36
0.359375
0.357539
0.355664
0.35375
0.35125
0.34875
0.351289
0.346289
0.348789
0.345664
0.344414
0.342539
0.341914
0.340039
0.339414
0.337539
0.337539
0.335039
0.332539
0.338164
0.335039
0.338789
0.344414
0.345664
0.348789
0.350039
0.351914
0.358789
0.358789
0.353164
0.351289
0.351289
0.351914
0.359414
0.360664
0.359414
0.360039
0.360664
0.364414
0.360039
0.363164
0.360039
0.359414
0.357539
0.359414
0.358789
0.355664
0.359414
0.370039
0.380039
0.384414
0.397539
0.406289
0.410664
0.406289
0.406289
0.406289
0.405039
0.401914
0.400664
0.398789
0.40125
0.401289
0.402539
0.408164
0.411875
0.4075
0.401875
0.401289
0.39875
0.398164
0.396875
0.396875
0.393789
0.400664
0.396914
0.397539
0.401289
0.404414
0.402539
0.399414
0.398164
0.396914
0.396289
0.392539
0.398164
0.388164
0.391289
0.391914
0.395664
0.395039
0.393164
0.391289
0.389414
0.388164
0.386289
0.385664
0.380664
0.377539
0.376914
0.375664
0.373789
0.371914
0.370039
0.368789
0.370039
0.368164
0.360664
0.363164
0.358789
0.358789
0.357539
0.358164
0.358789
0.357539
0.357539
0.355664
0.356289
0.351289
0.352539
0.351289
0.351289
0.350039
0.348789
0.348164
0.347539
0.348164
0.34875
0.350664
0.346875
0.353164
0.3475
0.345625
0.35125
0.343125
0.343125
0.340625
0.338164
0.3375
0.3375
0.335039
0.335664
0.334414
0.331289
0.328164
0.331289
0.331289
0.328789
0.328164
0.327539
0.325664
0.325039
0.326289
0.322539
0.328789
0.330664
0.335664
0.336289
0.335664
0.335664
0.335664
0.337539
0.339414
0.338164
0.337539
0.336914
0.339414
0.339414
0.339414
0.340039
0.339414
0.338789
0.337539
0.338789
0.335039
0.331914
0.333789
0.335039
0.329414
0.333789
0.333164
0.331914
0.331289
0.330664
0.335039
0.332539
0.335039
0.333164
0.335039
0.341289
0.343164
0.349414
0.356289
0.359414
0.358789
0.35875
0.35875
0.360039
0.359375
0.36
0.36
0.358125
0.357539
0.35625
0.356914
0.355039
0.3525
0.353164
0.34875
0.35125
0.351914
0.351289
0.353164
0.353164
0.356289
0.358164
0.358789
0.364414
0.369414
0.366914
0.370039
0.376289
0.386289
0.390039
0.391289
0.392539
0.398789
0.400664
0.398789
0.400039
0.396914
0.391914
0.395664
0.391289
0.397539
0.390664
0.390664
0.390664
0.394414
0.394414
0.393164
0.391289
0.391289
0.387539
0.385039
0.383164
0.380664
0.378164
0.375039
0.374414
0.373164
0.371289
0.369414
0.365039
0.365664
0.360039
0.361914
0.358789
0.359414
0.356289
0.355039
0.353125
0.3525
0.351875
0.3475
0.346289
0.348125
0.343164
0.343789
0.3425
0.34
0.338164
0.337539
0.336289
0.338125
0.337539
0.33875
0.336914
0.335664
0.337539
0.334414
0.333164
0.333789
0.333164
0.331289
0.331914
0.328789
0.332539
0.336289
0.341914
0.338164
0.340664
0.341289
0.342539
0.341914
0.341289
0.339414
0.340039
0.339414
0.333789
0.335664
0.333789
0.335664
0.339414
0.341914
0.346914
0.353164
0.356289
0.355039
0.353789
0.353789
0.353164
0.352539
0.351914
0.349414
0.349414
0.348164
0.346289
0.345039
0.345039
0.341289
0.336914
0.339414
0.338164
0.340664
0.336289
0.335039
0.333789
0.332539
0.330625
0.333164
0.33125
0.331289
0.331875
0.338125
0.336289
0.339414
0.341875
0.345
0.351875
0.354375
0.35625
0.355
0.35625
0.356914
0.357539
0.358789
0.362539
0.368789
0.375039
0.375664
0.383164
0.395039
0.401289
0.400664
0.402539
0.396914
0.396914
0.398164
0.398789
0.400664
0.396914
0.395039
0.393164
0.391914
0.386914
0.386289
0.385039
0.381289
0.375664
0.375664
0.375039
0.373164
0.376289
0.378164
0.378164
0.378789
0.375664
0.381914
0.379414
0.379414
0.377539
0.375664
0.375039
0.372539
0.370039
0.368164
0.366289
0.370664
0.375039
0.375664
0.380664
0.386289
0.386914
0.385039
0.383789
0.383164
0.3825
0.3825
0.381289
0.37875
0.374414
0.375
0.369375
0.36875
0.368125
0.365
0.365664
0.365039
0.366914
0.366914
0.374414
0.372539
0.377539
0.384414
0.385664
0.383164
0.382539
0.380039
0.378789
0.383164
0.386289
0.383789
0.383789
0.386289
0.383164
0.384414
0.383164
0.380664
0.379414
0.376914
0.375664
0.373164
0.373789
0.371289
0.370664
0.366914
0.367539
0.366914
0.367539
0.367539
0.366289
0.364414
0.364414
0.365039
0.359414
0.361914
0.358789
0.359414
0.360039
0.360039
0.359414
0.358789
0.358164
0.357539
0.356289
0.356289
0.355664
0.353789
0.350664
0.351289
0.353164
0.353164
0.353789
0.354414
0.3575
0.358125
0.364375
0.369375
0.374375
0.38375
0.38625
0.385
0.383125
0.383125
0.385664
0.389414
0.388789
0.380039
0.386289
0.386914
0.388164
0.383164
0.380664
0.378164
0.378164
0.377539
0.381914
0.384414
0.390039
0.389414
0.387539
0.388164
0.386914
0.385664
0.383789
0.381914
0.381914
0.380039
0.378789
0.372539
0.374414
0.373164
0.373789
0.374414
0.371914
0.371289
0.371914
0.370039
0.369414
0.368164
0.363789
0.367539
0.363789
0.361289
0.361914
0.360039
0.359414
0.358789
0.358164
0.358789
0.358164
0.355039
0.349414
0.353789
0.351914
0.350039
0.351289
0.351289
0.350664
0.349414
0.349375
0.349375
0.348125
0.348164
0.345625
0.345625
0.3425
0.34375
0.341875
0.341875
0.340625
0.341875
0.340625
0.341875
0.341914
0.339414
0.341289
0.338164
0.339414
0.337539
0.337539
0.336289
0.336289
0.343164
0.346289
0.344414
0.351289
0.354414
0.356914
0.361914
0.363164
0.363789
0.362539
0.363789
0.364414
0.365664
0.363164
0.367539
0.365039
0.363164
0.360039
0.361289
0.360664
0.360039
0.358164
0.355664
0.356289
0.352539
0.351289
0.350664
0.347539
0.347539
0.348789
0.351914
0.350039
0.348789
0.350664
0.349414
0.348164
0.348164
0.345664
0.346289
0.341914
0.343164
0.341289
0.339414
0.339414
0.3375
0.337539
0.3375
0.336875
0.335625
0.335625
0.335625
0.33125
0.33125
0.330039
0.3325
0.335039
0.335625
0.335039
0.333164
0.336914
0.331289
0.330664
0.328164
0.328789
0.326289
0.323789
0.325039
0.327539
0.334414
0.335039
0.328789
0.335664
0.331914
0.333164
0.333164
0.331289
0.330664
0.329414
0.326914
0.325039
0.322539
0.322539
0.320039
0.320039
0.317539
0.316914
0.316914
0.315664
0.313164
0.310664
0.309414
0.309414
0.301289
0.303164
0.299414
0.299414
0.300039
0.300664
0.297539
0.296914
0.295664
0.293164
0.293789
0.288789
0.292539
0.288164
0.289414
0.283164
0.285039
0.283789
0.2825
0.28125
0.283125
0.2825
0.279375
0.281875
0.275664
0.274414
0.268125
0.27125
0.26875
0.268164
0.267539
0.26625
0.266289
0.264414
0.263789
0.263164
0.263164
0.259414
0.260664
0.260664
0.259414
0.261914
0.264414
0.269414
0.272539
0.271914
0.270039
0.272539
0.271289
0.270039
0.268789
0.267539
0.266289
0.264414
0.261914
0.261289
0.257539
0.256289
0.259414
0.254414
0.256289
0.255039
0.255039
0.253164
0.250039
0.247539
0.248789
0.244414
0.250039
0.247539
0.256289
0.258164
0.261914
0.268789
0.271289
0.269414
0.269414
0.268164
0.264414
0.264414
0.263789
0.259414
0.26
0.260039
0.260039
0.25625
0.255664
0.254375
0.253164
0.251289
0.25
0.245625
0.24625
0.240039
0.239414
0.239375
0.2375
0.238164
0.2375
0.235664
0.234414
0.231914
0.231289
0.230664
0.240664
0.242539
0.243789
0.248789
0.251914
0.254414
0.262539
0.267539
0.265039
0.267539
0.266289
0.266289
0.268789
0.266289
0.264414
0.261914
0.260664
0.260039
0.260664
0.256914
0.250039
0.253789
0.253164
0.258789
0.251289
0.249414
0.247539
0.244414
0.241914
0.241289
0.238789
0.238164
0.235664
0.233789
0.232539
0.231289
0.228789
0.228164
0.225664
0.225039
0.225039
0.225664
0.220039
0.223164
0.219414
0.219414
0.22
0.219375
0.218164
0.2175
0.216875
0.215625
0.21625
0.21125
0.208125
0.20875
0.208125
0.206875
0.205039
0.205039
0.205664
0.207539
0.207539
0.208164
0.205039
0.206914
0.203164
0.204414
0.204414
0.201289
0.202539
0.206914
0.211914
0.215039
0.215039
0.215664
0.216289
0.215664
0.213164
0.212539
0.211914
0.211914
0.211914
0.211289
0.209414
0.209414
0.209414
0.211914
0.211914
0.210664
0.208789
0.209414
0.210039
0.208164
0.206914
0.206914
0.206914
0.207539
0.205039
0.201289
0.203164
0.202539
0.202539
0.201914
0.203164
0.203164
0.201289
0.199414
0.201914
0.199414
0.200664
0.198789
0.199414
0.203164
0.198164
0.196875
0.196289
0.196875
0.196875
0.198789
0.195664
0.198164
0.197539
0.196289
0.20125
0.198125
0.199375
0.1975
0.199414
0.199414
0.199414
0.199414
0.199414
0.198164
0.196289
0.196914
0.196289
0.199414
0.203789
0.209414
0.211914
0.211289
0.212539
0.213164
0.210039
0.211289
0.210664
0.211914
0.217539
0.220039
0.221914
0.226914
0.231289
0.235039
0.233789
0.234414
0.235664
0.236914
0.235664
0.236914
0.234414
0.233789
0.231914
0.230664
0.232539
0.229414
0.224414
0.227539
0.229414
0.223164
0.225039
0.223789
0.223164
0.223164
0.221914
0.221289
0.219414
0.220039
0.219414
0.218164
0.2175
0.216289
0.215664
0.215039
0.214375
0.214375
0.213125
0.212539
0.2075
0.210664
0.203789
0.204375
0.204375
0.205664
0.206875
0.20625
0.205
0.205039
0.20625
0.201289
0.205039
0.201289
0.200039
0.200664
0.207539
0.210664
0.215664
0.216289
0.216289
0.217539
0.215039
0.222539
0.216289
0.215664
0.221289
0.214414
0.213789
0.213164
0.211914
0.210664
0.212539
0.210039
0.209414
0.208789
0.208164
0.208164
0.210664
0.208164
0.206289
0.204414
0.203789
0.203164
0.203164
0.204414
0.200664
0.202539
0.201289
0.199414
0.198789
0.199414
0.198789
0.198164
0.197539
0.198164
0.196914
0.196289
0.195
0.1925
0.195664
0.194414
0.195039
0.195664
0.195039
0.193125
0.194375
0.19125
0.185
0.190039
0.189375
0.186875
0.188125
0.188125
0.188125
0.1875
0.188125
0.189414
0.185664
0.180039
0.186289
0.185664
0.191289
0.192539
0.197539
0.200664
0.201289
0.200664
0.200039
0.201289
0.201289
0.200039
0.200664
0.200039
0.198789
0.197539
0.196289
0.195664
0.195039
0.195664
0.195039
0.192539
0.193164
0.189414
0.193164
0.193164
0.191914
0.189414
0.189414
0.189414
0.189414
0.188789
0.186289
0.187539
0.185664
0.183789
0.183789
0.185039
0.183164
0.183164
0.181914
0.181914
0.183164
0.179414
0.173125
0.178164
0.180039
0.1775
0.178789
0.177539
0.178789
0.178125
0.177539
0.178164
0.175625
0.175
0.171875
0.1725
0.17125
0.171914
0.17125
0.170625
0.171289
0.170664
0.169414
0.170664
0.167539
0.167539
0.167539
0.169414
0.173164
0.178164
0.180664
0.180039
0.180039
0.180039
0.180664
0.175664
0.175664
0.178164
0.175039
0.175039
0.176289
0.174414
0.172539
0.172539
0.172539
0.172539
0.169414
0.176914
0.170664
0.170039
0.166914
0.167539
0.167539
0.166289
0.164414
0.164414
0.165039
0.162539
0.160664
0.160664
0.160664
0.160039
0.160039
0.160039
0.158789
0.156914
0.158789
0.156914
0.156914
0.158789
0.155
0.156914
0.155
0.153125
0.152539
0.152539
0.151875
0.15125
0.15
0.149375
0.14875
0.148789
0.144375
0.145
0.145625
0.145
0.144414
0.143164
0.143789
0.142539
0.143164
0.140039
0.144414
0.141914
0.143789
0.145039
0.151289
0.151914
0.151914
0.152539
0.151914
0.155039
0.151914
0.147539
0.148789
0.148789
0.146914
0.147539
0.145664
0.145039
0.144414
0.143164
0.143164
0.143164
0.143789
0.143164
0.142539
0.142539
0.141289
0.139414
0.138789
0.138164
0.137539
0.135664
0.136289
0.131914
0.135039
0.134414
0.133789
0.134414
0.133164
0.132539
0.132539
0.131914
0.131289
0.131914
0.129414
0.131914
0.12875
0.128164
0.123125
0.126875
0.126875
0.126875
0.125
0.125625
0.125039
0.121875
0.1225
0.120625
0.120625
0.114375
0.120039
0.120664
0.120664
0.119414
0.119414
0.120039
0.120664
0.121289
0.119414
0.124414
0.128789
0.133164
0.133789
0.133789
0.133164
0.133789
0.133789
0.133789
0.128789
0.133164
0.131914
0.130039
0.128789
0.126914
0.126289
0.125664
0.125664
0.124414
0.125664
0.121289
0.121289
0.123164
0.121289
0.121914
0.120664
0.120039
0.118789
0.118164
0.116914
0.118164
0.115664
0.122539
0.115664
0.115664
0.121289
0.114414
0.113789
0.112539
0.112539
0.111914
0.113164
0.110664
0.11125
0.11125
0.1075
0.108125
0.109375
0.11
0.11
0.108125
0.1075
0.10625
0.10625
0.106875
0.103125
0.108164
0.10375
0.104414
0.104414
0.105664
0.104414
0.104414
0.105664
0.106914
0.105039
0.105664
0.111289
0.117539
0.120039
0.120039
0.118164
0.118789
0.118789
0.118164
0.120039
0.118789
0.116289
0.115039
0.115039
0.112539
0.115664
0.115664
0.115039
0.115664
0.115664
0.116914
0.114414
0.115039
0.114414
0.115039
0.110039
0.111289
0.110664
0.110039
0.109414
0.109414
0.108789
0.108164
0.109414
0.107539
0.107539
0.108164
0.106289
0.105664
0.105664
0.105664
0.105039
0.104414
0.107539
0.099414
0.10125
0.103125
0.100039
0.104375
0.103125
0.10375
0.103125
0.1025
0.101875
0.101914
0.098125
0.09875
0.09875
0.100039
0.1
0.100039
0.101914
0.101914
0.101289
0.101914
0.101289
0.098789
0.111289
0.108789
0.113164
0.110664
0.114414
0.114414
0.114414
0.115039
0.116289
0.117539
0.115039
0.115664
0.113789
0.111289
0.112539
0.111914
0.110664
0.110664
0.110664
0.110664
0.111289
0.111289
0.110039
0.111914
0.109414
0.110664
0.108789
0.108789
0.107539
0.107539
0.106289
0.106289
0.107539
0.103789
0.103164
0.103789
0.103789
0.103164
0.104414
0.105039
0.103789
0.103164
0.103164
0.104414
0.101914
0.108125
0.101875
0.101875
0.105
0.103125
0.103164
0.1025
0.101875
0.10125
0.103125
0.100039
0.102539
0.099375
0.09875
0.101914
0.100039
0.098789
0.100039
0.099414
0.098789
0.098789
0.100039
0.106289
0.108789
0.113789
0.113164
0.113789
0.113164
0.113789
0.114414
0.114414
0.115664
0.115664
0.116914
0.116289
0.113164
0.115039
0.114414
0.110664
0.111914
0.112539
0.112539
0.111914
0.113164
0.111914
0.107539
0.112539
0.110039
0.110039
0.110039
0.108164
0.108164
0.108164
0.106289
0.108789
0.105664
0.107539
0.106289
0.106914
0.105039
0.105039
0.103789
0.104414
0.104414
0.105039
0.105
0.105
0.105039
0.10375
0.103789
0.105
0.103164
0.103789
0.104375
0.10375
0.101875
0.100625
0.10125
0.094414
0.099414
0.096875
0.098125
0.099375
0.100664
0.100664
0.101289
0.100664
0.100039
0.105664
0.107539
0.111289
0.118164
0.117539
0.119414
0.120664
0.121914
0.118789
0.120039
0.120664
0.120664
0.118164
0.118789
0.120664
0.116914
0.114414
0.115664
0.115664
0.115664
0.115664
0.116289
0.116914
0.116289
0.117539
0.115664
0.113789
0.113164
0.113164
0.112539
0.112539
0.111289
0.111289
0.110664
0.111289
0.111914
0.111914
0.110664
0.111289
0.108789
0.108789
0.108164
0.106914
0.107539
0.107539
0.108125
0.104414
0.104414
0.104375
0.1025
0.105664
0.105625
0.105
0.104414
0.103789
0.101875
0.10375
0.100625
0.096289
0.101875
0.10375
0.101875
0.103125
0.103789
0.103164
0.103164
0.103164
0.110039
0.111914
0.113789
0.116289
0.118164
0.115664
0.118164
0.120039
0.118789
0.118164
0.116914
0.116289
0.116914
0.117539
0.114414
0.115664
0.113789
0.112539
0.113164
0.113789
0.113164
0.113789
0.113164
0.115039
0.115664
0.117539
0.116914
0.116289
0.112539
0.111914
0.111914
0.110664
0.111289
0.110039
0.111914
0.110039
0.105664
0.110039
0.108789
0.103789
0.110039
0.110039
0.108789
0.109414
0.106875
0.110625
0.106914
0.1025
0.106289
0.109375
0.108125
0.108125
0.1075
0.107539
0.10875
0.105625
0.105625
0.103125
0.105
0.10375
0.104414
0.103164
0.105625
0.105039
0.104414
0.104414
0.105039
0.110664
0.115664
0.114414
0.121289
0.119414
0.118789
0.120039
0.119414
0.121289
0.121289
0.120039
0.120039
0.120664
0.116914
0.119414
0.118789
0.115664
0.116289
0.114414
0.115664
0.115039
0.115039
0.116289
0.116914
0.115039
0.111914
0.111914
0.111289
0.118789
0.111914
0.110664
0.109414
0.110039
0.109414
0.110039
0.109414
0.108164
0.107539
0.106914
0.108164
0.108789
0.106914
0.108164
0.106914
0.106914
0.1075
0.108125
0.110039
