0.264414
0.261914
0.261289
0.264414
0.263789
0.265039
0.261914
0.261289
0.256914
0.255664
0.253789
0.251289
0.250664
0.250039
0.245664
0.250664
0.245664
0.243789
0.250664
0.255664
0.262539
0.270664
0.285625
0.295664
0.299414
0.2975
0.295
0.295625
0.296875
0.2975
0.295625
0.294375
0.293125
0.291914
0.290664
0.290625
0.290039
0.290039
0.287539
0.286914
0.285039
0.280664
0.279414
0.278164
0.276914
0.275664
0.275039
0.275039
0.271914
0.273789
0.273164
0.270664
0.273789
0.276914
0.279414
0.283164
0.283164
0.281914
0.291914
0.291914
0.292539
0.303789
0.309414
0.307539
0.309414
0.313789
0.314414
0.313789
0.311914
0.317539
0.325039
0.320039
0.331914
0.339414
0.349414
0.343789
0.345039
0.343789
0.345664
0.352539
0.357539
0.358164
0.359414
0.356289
0.356914
0.356914
0.363164
0.371914
0.370664
0.371914
0.37125
0.369375
0.37125
0.370039
0.375
0.38375
0.385039
0.3875
0.393125
0.393125
0.39375
0.395664
0.395039
0.395664
0.395664
0.394414
0.395664
0.392539
0.395664
0.395039
0.397539
0.400664
0.406289
0.408789
0.414414
0.420039
0.416289
0.425039
0.433789
0.435039
0.436289
0.438164
0.439414
0.441289
0.446289
0.451914
0.453789
0.451289
0.449414
0.454414
0.460039
0.462539
0.466914
0.467539
0.470664
0.474414
0.476914
0.476914
0.471289
0.484414
0.488164
0.489414
0.494414
0.495664
0.496289
0.497539
0.495664
0.495039
0.495039
0.488789
0.491289
0.496289
0.493789
0.491289
0.491289
0.490664
0.488164
0.487539
0.49
0.49
0.48875
0.48875
0.485
0.483164
0.488164
0.48375
0.483789
0.482539
0.486289
0.486914
0.487539
0.486914
0.485039
0.486914
0.488789
0.490039
0.490039
0.488789
0.490039
0.491289
0.492539
0.493164
0.493164
0.493789
0.490664
0.494414
0.491914
0.492539
0.492539
0.491914
0.495039
0.496289
0.500664
0.507539
0.506914
0.511914
0.513789
0.519414
0.523164
0.523789
0.530039
0.544414
0.553164
0.555039
0.556289
0.555039
0.555664
0.555039
0.553789
0.555664
0.561289
0.565664
0.575664
0.586289
0.586914
0.597539
0.597539
0.596914
0.599414
0.598789
0.612539
0.628164
0.631289
0.631289
0.637539
0.644375
0.645039
0.643164
0.642539
0.635664
0.636289
0.636289
0.636914
0.633789
0.630664
0.631289
0.628164
0.625664
0.625664
0.620039
0.620039
0.619414
0.616289
0.614414
0.613164
0.610664
0.608164
0.608164
0.610664
0.612539
0.610039
0.614414
0.610664
0.613164
0.608789
0.613789
0.619414
0.618164
0.618789
0.616289
0.616289
0.614414
0.619414
0.617539
0.615039
0.615039
0.617539
0.622539
0.624414
0.626289
0.630664
0.627539
0.627539
0.629414
0.625664
0.626914
0.633164
0.633789
0.633164
0.631914
0.639414
0.646914
0.646289
0.650039
0.651289
0.657539
0.658789
0.668164
0.668789
0.671914
0.680039
0.681914
0.680664
0.677539
0.676914
0.671914
0.673164
0.671914
0.669414
0.664414
0.661914
0.660039
0.655664
0.653789
0.651914
0.650039
0.645664
0.650039
0.642539
0.642539
0.646914
0.641289
0.641914
0.640039
0.644414
0.659414
0.664414
0.678789
0.697539
0.707539
0.705664
0.704414
0.708789
0.714414
0.718164
0.716289
0.712539
0.710039
0.711289
0.710664
0.706914
0.706914
0.703789
0.700664
0.698164
0.693789
0.696289
0.695664
0.695039
0.692539
0.695039
0.695664
0.692539
0.695664
0.693789
0.698164
0.697539
0.698164
0.695664
0.692539
0.691289
0.686289
0.680664
0.687539
0.685039
0.686289
0.685039
0.683164
0.680664
0.680039
0.677539
0.677539
0.671914
0.670664
0.665664
0.661875
0.655039
0.654414
0.652539
0.650664
0.650039
0.646914
0.645664
0.643164
0.644414
0.650664
0.660664
0.661289
0.673164
0.681914
0.683789
0.681914
0.680664
0.680664
0.681289
0.676289
0.678164
0.678164
0.674414
0.673164
0.671289
0.668164
0.664414
0.663789
0.661289
0.661914
0.658164
0.658789
0.666914
0.667539
0.669414
0.673164
0.671914
0.675039
0.680664
0.686914
0.692539
0.690664
0.690664
0.689414
0.688164
0.689414
0.689414
0.689414
0.692539
0.690664
0.687539
0.686914
0.690664
0.691289
0.696289
0.699414
0.701289
0.700664
0.698164
0.698789
0.705039
0.706914
0.704414
0.701914
0.695039
0.696875
0.695664
0.697539
0.698164
0.708164
0.716914
0.720664
0.731289
0.735664
0.736289
0.730664
0.730039
0.728789
0.725039
0.721289
0.718789
0.716914
0.715664
0.713164
0.709414
0.709414
0.705039
0.707539
0.699414
0.696289
0.701914
0.693164
0.690039
0.686289
0.682539
0.680664
0.680039
0.675664
0.675039
0.673789
0.672539
0.673789
0.670039
0.668164
0.670664
0.673164
0.674414
0.672539
0.671289
0.670039
0.666914
0.667539
0.663789
0.662539
0.661914
0.663789
0.668164
0.667539
0.673164
0.678164
0.676289
0.678789
0.676914
0.679414
0.680664
0.681289
0.679414
0.677539
0.675664
0.672539
0.671914
0.669414
0.663789
0.665
0.661289
0.661289
0.658164
0.656914
0.660039
0.665664
0.663164
0.668164
0.669414
0.671914
0.668789
0.666914
0.660664
0.663789
0.668164
0.666914
0.668164
0.669414
0.668164
0.665664
0.666289
0.668789
0.670664
0.668789
0.668789
0.669414
0.668164
0.665039
0.662539
0.660039
0.660664
0.653164
0.656914
0.653789
0.650664
0.651289
0.652539
0.651289
0.653789
0.653164
0.649414
0.649414
0.646914
0.645039
0.644414
0.640664
0.640664
0.641289
0.638789
0.636289
0.633789
0.631914
0.630039
0.625039
0.618789
0.621914
0.619414
0.620664
0.620039
0.617539
0.616914
0.616289
0.613164
0.61
0.60875
0.60625
0.601875
0.600664
0.598789
0.596914
0.595039
0.594414
0.591289
0.591914
0.592539
0.593789
0.590664
0.593164
0.590039
0.595664
0.600664
0.605664
0.607539
0.606914
0.605664
0.606289
0.608789
0.603789
0.604414
0.606914
0.603789
0.602539
0.601914
0.598789
0.596914
0.598789
0.605664
0.610664
0.613164
0.616289
0.621914
0.620039
0.622539
0.632539
0.630664
0.632539
0.635664
0.634414
0.634414
0.630039
0.628789
0.624414
0.621914
0.615664
0.615039
0.613789
0.611914
0.606914
0.604414
0.600039
0.598164
0.596289
0.589414
0.588789
0.583164
0.580039
0.58
0.579414
0.582539
0.581875
0.58625
0.590625
0.590664
0.593164
0.598164
0.596875
0.600625
0.605039
0.603789
0.601914
0.603164
0.611914
0.618164
0.615039
0.617539
0.623789
0.620664
0.616289
0.618789
0.620039
0.620664
0.620664
0.616289
0.615664
0.610664
0.605039
0.605664
0.606289
0.600039
0.598789
0.595039
0.589414
0.588789
0.586914
0.582539
0.579414
0.577539
0.572539
0.572539
0.566289
0.570039
0.572539
0.573164
0.569414
0.568789
0.564414
0.561914
0.555039
0.556289
0.550664
0.547539
0.546914
0.544414
0.540664
0.536914
0.534414
0.532539
0.531914
0.527539
0.528164
0.525039
0.524414
0.523789
0.521289
0.518789
0.51875
0.515664
0.5125
0.511289
0.5075
0.499375
0.504375
0.501289
0.505039
0.501289
0.499414
0.497539
0.495039
0.493789
0.496289
0.498164
0.496289
0.498164
0.502539
0.503164
0.501289
0.500664
0.500039
0.498789
0.499414
0.497539
0.496289
0.494414
0.492539
0.496914
0.504414
0.502539
0.507539
0.510039
0.511289
0.512539
0.510664
0.513164
0.520039
0.528789
0.529414
0.526914
0.535664
0.551289
0.562539
0.562539
0.562539
0.562539
0.569414
0.568164
0.567539
0.563789
0.561914
0.558789
0.559414
0.556289
0.551914
0.547539
0.544414
0.545039
0.540664
0.539414
0.538789
0.536875
0.53375
0.533125
0.531875
0.53
0.528125
0.52625
0.52375
0.52625
0.5225
0.518125
0.518164
0.511289
0.513125
0.512539
0.515664
0.528164
0.530039
0.538164
0.549414
0.550664
0.548789
0.548789
0.550039
0.545039
0.541289
0.540664
0.543164
0.549414
0.556914
0.557539
0.555664
0.562539
0.557539
0.556289
0.546289
0.548789
0.544414
0.541289
0.539414
0.536914
0.536289
0.532539
0.533789
0.529414
0.535664
0.531289
0.536289
0.536289
0.534414
0.530664
0.528164
0.526914
0.525039
0.524414
0.521289
0.518164
0.517539
0.514414
0.513789
0.511914
0.512539
0.510039
0.508164
0.506289
0.498164
0.500664
0.495625
0.495
0.494414
0.494375
0.4925
0.491875
0.488789
0.485625
0.485039
0.479414
0.483164
0.478789
0.478164
0.475664
0.475039
0.474414
0.471914
0.473164
0.473789
0.471914
0.467539
0.468789
0.465664
0.462539
0.470664
0.463789
0.462539
0.461289
0.460039
0.460039
0.462539
0.459414
0.456914
0.456289
0.456289
0.454414
0.453789
0.453164
0.451289
0.451289
0.452539
0.450664
0.451914
0.453789
0.453164
0.455664
0.460039
0.461914
0.461289
0.460664
0.460039
0.460664
0.460039
0.461289
0.458789
0.460039
0.458164
0.462539
0.465039
0.465039
0.468789
0.469414
0.471289
0.467539
0.472539
0.471289
0.475039
0.471914
0.473789
0.470664
0.474375
0.473789
0.471914
0.470664
0.469414
0.471875
0.46875
0.468789
0.467539
0.468164
0.467539
0.471289
0.478164
0.478164
0.481289
0.493789
0.504414
0.508164
0.507539
0.505664
0.513789
0.521289
0.522539
0.524414
0.522539
0.524414
0.528789
0.529414
0.527539
0.521289
0.520039
0.521914
0.521289
0.516914
0.513789
0.513164
0.510039
0.507539
0.506914
0.505039
0.501289
0.504414
0.503164
0.505664
0.503789
0.501289
0.498789
0.496914
0.493789
0.491289
0.490039
0.485664
0.475039
0.480664
0.476914
0.478789
0.474414
0.475664
0.471289
0.473164
0.474414
0.473789
0.470664
0.471914
0.470664
0.47
0.468164
0.467539
0.464375
0.461914
0.458789
0.45625
0.454375
0.453164
0.444414
0.445625
0.4425
0.445039
0.445664
0.443789
0.442539
0.441914
0.440664
0.437539
0.438164
0.431289
0.430664
0.429414
0.430039
0.425664
0.425664
0.424414
0.421289
0.420664
0.420664
0.418789
0.412539
0.419414
0.411289
0.409414
0.413164
0.406289
0.404414
0.404414
0.402539
0.401289
0.402539
0.401914
0.413789
0.415039
0.413789
0.416289
0.419414
0.426914
0.433164
0.434414
0.431289
0.431289
0.433164
0.435039
0.432539
0.432539
0.430039
0.427539
0.426289
0.425039
0.424414
0.420664
0.420039
0.41875
0.415664
0.41375
0.411914
0.406914
0.410039
0.408789
0.407539
0.405664
0.401875
0.398164
0.399414
0.398125
0.401914
0.400625
0.408125
0.408164
0.413164
0.410039
0.411289
0.411289
0.412539
0.413789
0.409414
0.409414
0.405664
0.403789
0.400039
0.399414
0.399414
0.396914
0.395664
0.393789
0.391914
0.391289
0.390039
0.386914
0.385039
0.382539
0.381289
0.380039
0.380664
0.378789
0.377539
0.377539
0.378789
0.381914
0.386914
0.386289
0.384414
0.384414
0.385039
0.384414
0.382539
0.380039
0.379414
0.378164
0.378164
0.388164
0.390039
0.393164
0.396289
0.398164
0.397539
0.397539
0.394414
0.393164
0.393789
0.389414
0.387539
0.388789
0.389375
0.38625
0.385039
0.383164
0.3825
0.386289
0.383125
0.378789
0.37625
0.375
0.375
0.37375
0.373789
0.370664
0.369414
0.368789
0.365664
0.363164
0.361914
0.360039
0.353789
0.356914
0.351289
0.353164
0.351914
0.350664
0.349414
0.348164
0.346914
0.343789
0.343789
0.338789
0.337539
0.337539
0.335039
0.333789
0.333164
0.333164
0.333164
0.333789
0.331914
0.338164
0.338789
0.342539
0.338789
0.340664
0.343789
0.342539
0.341289
0.339414
0.337539
0.336914
0.336289
0.333789
0.332539
0.330664
0.327539
0.328164
0.327539
0.325664
0.323789
0.327539
0.334414
0.335625
0.3375
0.348164
0.34875
0.353164
0.348789
0.346914
0.345664
0.343125
0.345
0.34625
0.34875
0.350625
0.350039
0.351875
0.353789
0.351914
0.353164
0.351914
0.351289
0.349414
0.346289
0.343164
0.343164
0.339414
0.333164
0.336289
0.334414
0.329414
0.334414
0.334414
0.333789
0.331289
0.329414
0.331289
0.331289
0.328789
0.334414
0.340039
0.338789
0.343789
0.341289
0.341914
0.341914
0.341914
0.348789
0.350039
0.353789
0.350039
0.347539
0.346289
0.345664
0.343789
0.341914
0.338789
0.337539
0.335664
0.335039
0.330664
0.328789
0.327539
0.327539
0.324414
0.325664
0.324414
0.326289
0.328789
0.3325
0.336289
0.336289
0.336914
0.336914
0.333125
0.333125
0.33125
0.33
0.328789
0.32875
0.325664
0.325039
0.3225
0.316289
0.323789
0.323789
0.330039
0.325664
0.322539
0.322539
0.320039
0.318164
0.317539
0.315664
0.314414
0.313164
0.313164
0.315664
0.313164
0.313164
0.315664
0.318164
0.318789
0.316289
0.316914
0.314414
0.316289
0.317539
0.323789
0.336289
0.340039
0.353164
0.366914
0.373789
0.373164
0.375664
0.369414
0.370664
0.373164
0.372539
0.371289
0.370039
0.370039
0.369414
0.366914
0.366289
0.364414
0.360664
0.366914
0.356914
0.351914
0.356914
0.350039
0.348789
0.348789
0.353789
0.353164
0.357539
0.36
0.361875
0.361289
0.35875
0.356914
0.355664
0.354375
0.3525
0.35
0.349414
0.345
0.345
0.345664
0.341914
0.343789
0.340664
0.336914
0.336289
0.334414
0.333164
0.330664
0.330039
0.330039
0.330039
0.330664
0.327539
0.328164
0.326914
0.325039
0.324414
0.326289
0.330039
0.331914
0.335039
0.337539
0.345664
0.344414
0.343789
0.342539
0.343164
0.344414
0.343789
0.348789
0.351914
0.358164
0.355664
0.345664
0.350664
0.351289
0.354414
0.349414
0.346289
0.345664
0.346914
0.346914
0.346914
0.346289
0.346289
0.344414
0.348164
0.351914
0.353789
0.356914
0.365039
0.367539
0.366914
0.366289
0.366914
0.361914
0.3675
0.365625
0.365
0.365039
0.361875
0.360625
0.359414
0.358164
0.356875
0.35875
0.356289
0.360039
0.355039
0.353789
0.354414
0.355039
0.352539
0.351289
0.350039
0.350039
0.350039
0.347539
0.343789
0.345664
0.347539
0.345039
0.343164
0.341914
0.343164
0.341289
0.341289
0.340664
0.338164
0.337539
0.336914
0.333789
0.334414
0.333789
0.334414
0.333164
0.338789
0.343164
0.347539
0.346914
0.343789
0.345664
0.345039
0.344414
0.343789
0.343164
0.345039
0.344414
0.345039
0.343789
0.344414
0.337539
0.336914
0.336289
0.341289
0.338164
0.338164
0.337539
0.337539
0.338164
0.33625
0.33625
0.335
0.341875
0.335664
0.334375
0.339375
0.333125
0.331875
0.330664
0.331914
0.331289
0.334414
0.334375
0.334414
0.333164
0.330664
0.331289
0.333164
0.333789
0.332539
0.330664
0.329414
0.327539
0.327539
0.328789
0.325039
0.327539
0.323164
0.325039
0.324414
0.321289
0.322539
0.321914
0.320664
0.321289
0.320039
0.315664
0.313789
0.316914
0.316289
0.315664
0.317539
0.322539
0.328164
0.330039
0.331914
0.328164
0.330664
0.329414
0.328789
0.326914
0.328164
0.326914
0.325664
0.324414
0.323789
0.325664
0.323164
0.320664
0.320039
0.318164
0.318164
0.318789
0.316289
0.316914
0.315664
0.314375
0.313789
0.310664
0.314414
0.31125
0.310625
0.310039
0.30875
0.307539
0.305664
0.303789
0.3025
0.300664
0.301875
0.296289
0.298164
0.296914
0.295039
0.296289
0.296289
0.296914
0.301289
0.303789
0.305039
0.310664
0.310664
0.316289
0.311914
0.311914
0.310664
0.311289
0.309414
0.311289
0.308164
0.307539
0.307539
0.301914
0.306289
0.297539
0.298164
0.296289
0.295664
0.299414
0.303789
0.308789
0.310664
0.307539
0.303164
0.303164
0.300039
0.300664
0.303789
0.308789
0.308789
0.312539
0.316289
0.317539
0.315664
0.315039
0.311914
0.313164
0.310664
0.308789
0.305664
0.305039
0.301914
0.3
0.299414
0.299375
0.299375
0.294414
0.296289
0.302539
0.302539
0.307539
0.314414
0.314414
0.310625
0.30875
0.305039
0.307539
0.305039
0.316289
0.315039
0.315664
0.313164
0.320664
0.325664
0.326289
0.323164
0.322539
0.324414
0.322539
0.323164
0.319414
0.316289
0.315664
0.313789
0.311289
0.306914
0.304414
0.303164
0.300664
0.296914
0.294414
0.292539
0.290664
0.289414
0.289414
0.293164
0.296914
0.303789
0.302539
0.300664
0.300039
0.300664
0.298164
0.298164
0.298789
0.297539
0.295664
0.294414
0.301289
0.302539
0.308789
0.318164
0.316914
0.313789
0.315039
0.312539
0.316914
0.313789
0.314414
0.312539
0.310664
0.307539
0.308164
0.305039
0.303789
0.300625
0.300664
0.293164
0.293789
0.291875
0.28875
0.288164
0.290664
0.2875
0.288125
0.288789
0.287539
0.285664
0.285039
0.282539
0.281289
0.280039
0.278164
0.276289
0.275039
0.276289
0.268789
0.273789
0.269414
0.269414
0.270039
0.270039
0.269414
0.270039
0.269414
0.266289
0.267539
0.263164
0.261914
0.265664
0.261289
0.264414
0.270039
0.275664
0.278164
0.278789
0.276914
0.279414
0.275664
0.281289
0.276914
0.275039
0.268164
0.271289
0.270664
0.270039
0.270039
0.268789
0.268789
0.267539
0.266289
0.265664
0.264414
0.265664
0.265664
0.266914
0.265039
0.263164
0.263789
0.263789
0.265664
0.266914
0.265664
0.265039
0.264414
0.26125
0.260625
0.26
0.25875
0.26
0.260625
0.264375
0.260664
0.258789
0.260664
0.257539
0.263164
0.260664
0.260664
0.260664
0.258789
0.257539
0.260039
0.257539
0.255039
0.258164
0.256914
0.256289
0.258164
0.256289
0.256914
0.256914
0.256289
0.256289
0.254414
0.248789
0.253789
0.255039
0.261914
0.263789
0.268164
0.271289
0.271289
0.269414
0.269414
0.269414
0.276289
0.280039
0.283164
0.291914
0.298164
0.300039
0.298789
0.299414
0.301289
0.301914
0.301914
0.300039
0.300664
0.298789
0.299414
0.293789
0.295664
0.293164
0.292539
0.291914
0.2925
0.2925
0.29125
0.28625
0.288125
0.285039
0.2875
0.284414
0.283789
0.281914
0.281914
0.28125
0.283789
0.279414
0.273789
0.277539
0.278164
0.276914
0.275039
0.273164
0.273789
0.273164
0.271914
0.271914
0.270664
0.271289
0.268789
0.268164
0.268164
0.267539
0.265664
0.265664
0.265039
0.263789
0.262539
0.261289
0.256289
0.259414
0.260664
0.266289
0.271914
0.275039
0.276914
0.276289
0.275039
0.273789
0.275039
0.269414
0.270039
0.271289
0.266914
0.269414
0.268789
0.268164
0.267539
0.266914
0.266914
0.266289
0.262539
0.262539
0.259414
0.258164
0.258164
0.257539
0.257539
0.256289
0.254414
0.255
0.255
0.253125
0.251875
0.249375
0.248125
0.246875
0.2475
0.246875
0.244414
0.244414
0.24375
0.244375
0.243164
0.243789
0.242539
0.240664
0.241914
0.238164
0.238164
0.236914
0.236289
0.236289
0.235039
0.235664
0.233164
0.234414
0.230664
0.228789
0.230664
0.229414
0.228789
0.229414
0.228789
0.225039
0.225664
0.224414
0.227539
0.226914
0.230039
0.235039
0.240664
0.241914
0.240664
0.239414
0.240039
0.240664
0.235664
0.236914
0.234414
0.234414
0.228789
0.230039
0.231289
0.228789
0.228789
0.227539
0.225664
0.225664
0.224414
0.221914
0.220664
0.217539
0.218164
0.218789
0.215664
0.215
0.215
0.215625
0.21375
0.21125
0.211875
0.215
0.217539
0.215625
0.215664
0.220664
0.229414
0.233789
0.234414
0.233789
0.231914
0.232539
0.231289
0.228789
0.229414
0.228164
0.228164
0.225664
0.225039
0.223164
0.224414
0.221914
0.215039
0.217539
0.219414
0.212539
0.213789
0.211289
0.211289
0.210039
0.207539
0.205664
0.204414
0.203789
0.206914
0.211289
0.215664
0.216914
0.216914
0.215664
0.213164
0.213164
0.213789
0.213789
0.208164
0.213164
0.210039
0.209414
0.208789
0.208164
0.208164
0.205039
0.203789
0.202539
0.203164
0.197539
0.198164
0.196914
0.198164
0.188789
0.193164
0.1925
0.19125
0.1925
0.1925
0.190625
0.18875
0.187539
0.185625
0.184375
0.183125
0.181875
0.18125
0.180664
0.180039
0.178789
0.181289
0.178789
0.176289
0.176289
0.173789
0.173789
0.174414
0.172539
0.171289
0.170039
0.171289
0.168789
0.169414
0.169414
0.165039
0.168789
0.165664
0.164414
0.163789
0.165664
0.164414
0.161914
0.162539
0.161914
0.161914
0.167539
0.170664
0.179414
0.178164
0.178164
0.175039
0.174414
0.173789
0.171914
0.173789
0.170664
0.166289
0.165664
0.165664
0.169414
0.169414
0.168789
0.168164
0.167539
0.166289
0.168164
0.163164
0.165664
