0.189375
0.190039
0.190039
0.190625
0.193789
0.191914
0.198164
0.198164
0.197539
0.198164
0.196914
0.195664
0.194414
0.194414
0.195039
0.197539
0.198164
0.201289
0.206289
0.212539
0.215664
0.226289
0.235039
0.236914
0.240664
0.240664
0.245664
0.249414
0.255039
0.268789
0.269414
0.267539
0.268164
0.271289
0.281289
0.291914
0.293164
0.290664
0.289414
0.285664
0.287539
0.296289
0.301914
0.300664
0.300039
0.313164
0.320664
0.325664
0.340039
0.348789
0.348789
0.346289
0.351289
0.346289
0.348164
0.345039
0.342539
0.342539
0.34
0.34125
0.338125
0.334375
0.331875
0.3275
0.325
0.321914
0.318125
0.315664
0.314414
0.313164
0.314414
0.318164
0.321289
0.320039
0.329414
0.327539
0.331289
0.335664
0.335664
0.338789
0.344414
0.345039
0.343789
0.344414
0.342539
0.342539
0.347539
0.350039
0.354414
0.353789
0.355039
0.356914
0.357539
0.356289
0.356914
0.355039
0.355664
0.355039
0.358164
0.368164
0.371289
0.370664
0.371914
0.370664
0.370664
0.374414
0.375039
0.371914
0.380664
0.383789
0.384414
0.383164
0.383164
0.381914
0.381914
0.381289
0.380039
0.380664
0.384414
0.385
0.388164
0.387539
0.3875
0.386289
0.38875
0.395625
0.39875
0.405039
0.406914
0.410664
0.421289
0.42625
0.43125
0.45
0.466289
0.474414
0.473789
0.477539
0.482539
0.490039
0.488789
0.485039
0.488164
0.491289
0.489414
0.493789
0.494414
0.495664
0.495039
0.493789
0.495664
0.500664
0.513789
0.517539
0.533164
0.544414
0.547539
0.547539
0.549414
0.546914
0.546914
0.546289
0.543789
0.543789
0.542539
0.543789
0.551914
0.557539
0.555039
0.556289
0.561289
0.565664
0.565664
0.564414
0.564414
0.574414
0.574414
0.578164
0.577539
0.575664
0.576289
0.574414
0.573789
0.572539
0.571914
0.569414
0.576289
0.580664
0.578789
0.584414
0.586289
0.589414
0.590039
0.589414
0.590664
0.596289
0.602539
0.59875
0.610664
0.615
0.621914
0.614414
0.616289
0.623164
0.628789
0.628789
0.633164
0.631914
0.631914
0.630664
0.636914
0.639414
0.640039
0.643164
0.646289
0.656289
0.660039
0.659414
0.663789
0.666289
0.666289
0.670039
0.678164
0.678164
0.677539
0.677539
0.673789
0.673789
0.671914
0.671914
0.666289
0.668164
0.666914
0.668164
0.675039
0.674414
0.671289
0.672539
0.676289
0.674414
0.678164
0.676914
0.680039
0.683164
0.685664
0.689414
0.690664
0.693789
0.694414
0.693789
0.691914
0.690664
0.687539
0.688164
0.690039
0.694414
0.693789
0.698789
0.703164
0.704414
0.703789
0.70375
0.703164
0.708125
0.712539
0.709414
0.719375
0.719375
0.720625
0.719414
0.720664
0.724414
0.728789
0.730039
0.731289
0.733164
0.734414
0.737539
0.741914
0.741289
0.740039
0.741289
0.741914
0.751914
0.760664
0.764414
0.761914
0.760039
0.761289
0.760664
0.758789
0.759414
0.756289
0.753164
0.750664
0.751289
0.757539
0.758789
0.751914
0.757539
0.760664
0.756289
0.758789
0.759414
0.765039
0.767539
0.765039
0.763789
0.770664
0.770039
0.765664
0.761914
0.762539
0.761914
0.761289
0.761289
0.760039
0.757539
0.755039
0.754414
0.747539
0.750664
0.749414
0.751289
0.750625
0.751914
0.757539
0.756914
0.759375
0.763164
0.765
0.761289
0.7625
0.758125
0.756914
0.754414
0.755664
0.757539
0.756289
0.755039
0.756289
0.757539
0.754414
0.748789
0.750664
0.750664
0.753164
0.749414
0.746914
0.744414
0.743164
0.741289
0.740039
0.738789
0.739414
0.738789
0.737539
0.737539
0.738789
0.736289
0.733789
0.732539
0.731289
0.730664
0.729414
0.730664
0.726289
0.726289
0.724414
0.721914
0.721289
0.726289
0.728789
0.728789
0.730664
0.732539
0.734414
0.738164
0.740039
0.746289
0.743789
0.745039
0.747539
0.749414
0.745664
0.742539
0.745664
0.749414
0.758789
0.753789
0.756289
0.758789
0.756289
0.763164
0.771914
0.773789
0.771875
0.77125
0.768789
0.770039
0.772539
0.773789
0.771914
0.776914
0.780664
0.778789
0.775664
0.771289
0.767539
0.765039
0.763789
0.758164
0.758789
0.755664
0.758789
0.758789
0.756914
0.759414
0.763164
0.766914
0.765664
0.761289
0.760039
0.758789
0.757539
0.753164
0.750664
0.746289
0.743789
0.740039
0.738164
0.735664
0.731914
0.731914
0.725039
0.725039
0.723789
0.719414
0.714414
0.712539
0.710664
0.710664
0.713164
0.710664
0.705664
0.707539
0.703789
0.714414
0.713789
0.710664
0.708789
0.706289
0.712539
0.721914
0.724414
0.722539
0.720664
0.723164
0.730039
0.728789
0.731914
0.736289
0.736289
0.731289
0.727539
0.727539
0.719414
0.720039
0.715039
0.713164
0.712539
0.710039
0.705039
0.701289
0.697539
0.692539
0.690664
0.683164
0.683164
0.680664
0.685039
0.683164
0.686289
0.690664
0.692539
0.691289
0.689414
0.689414
0.685039
0.691914
0.688164
0.686914
0.686289
0.690039
0.691289
0.687539
0.686289
0.686914
0.686914
0.681914
0.681914
0.678164
0.673789
0.672539
0.665664
0.661914
0.658789
0.655664
0.658789
0.657539
0.658789
0.656914
0.651289
0.651289
0.648164
0.644414
0.642539
0.639414
0.635664
0.631914
0.629414
0.627539
0.622539
0.624414
0.629414
0.626289
0.6275
0.631914
0.63125
0.630664
0.632539
0.633125
0.63375
0.634375
0.639375
0.633164
0.638789
0.643789
0.648164
0.650664
0.659414
0.663164
0.661914
0.661289
0.656289
0.656914
0.655039
0.652539
0.650664
0.648789
0.646289
0.640664
0.638164
0.634414
0.630664
0.626914
0.625664
0.620664
0.618789
0.613164
0.612539
0.609414
0.606289
0.603789
0.601289
0.598164
0.598164
0.591914
0.591289
0.585664
0.590039
0.585039
0.583789
0.583164
0.582539
0.583789
0.588164
0.590039
0.586289
0.586914
0.586289
0.582539
0.578789
0.578789
0.578164
0.580039
0.585664
0.583789
0.590664
0.590039
0.584414
0.591914
0.589414
0.591289
0.593789
0.596289
0.595664
0.598164
0.6025
0.60125
0.6025
0.6075
0.606289
0.604414
0.605039
0.603164
0.604414
0.603789
0.602539
0.600664
0.601914
0.601289
0.594414
0.599414
0.595039
0.595664
0.593789
0.593164
0.592539
0.591914
0.587539
0.586289
0.586289
0.579414
0.578164
0.577539
0.575039
0.573789
0.570039
0.566289
0.564414
0.563164
0.561289
0.560039
0.556914
0.557539
0.553789
0.552539
0.547539
0.550039
0.556289
0.561914
0.569414
0.584414
0.592539
0.590664
0.591914
0.590664
0.590664
0.590039
0.590664
0.588164
0.585664
0.582539
0.580039
0.576914
0.574414
0.572539
0.569375
0.565625
0.562539
0.560625
0.56
0.558789
0.556914
0.555039
0.559375
0.562539
0.560664
0.563125
0.567539
0.567539
0.568789
0.565039
0.565039
0.563789
0.563789
0.560039
0.559414
0.555664
0.552539
0.548164
0.548789
0.543164
0.541914
0.539414
0.537539
0.534414
0.532539
0.532539
0.528164
0.527539
0.525039
0.523789
0.521914
0.521914
0.521289
0.518164
0.518164
0.518164
0.515039
0.514414
0.514414
0.513164
0.509414
0.505664
0.504414
0.502539
0.508164
0.508789
0.509414
0.510664
0.511914
0.515664
0.518789
0.520664
0.518789
0.520039
0.519414
0.518164
0.519414
0.524414
0.525664
0.528789
0.530664
0.533164
0.526914
0.526289
0.52625
0.521875
0.520039
0.516875
0.515664
0.514414
0.513789
0.50875
0.501289
0.505664
0.506289
0.50875
0.503164
0.501289
0.499414
0.498164
0.496289
0.497539
0.500039
0.501914
0.501914
0.506289
0.508164
0.508789
0.513789
0.511289
0.517539
0.520664
0.519414
0.517539
0.513164
0.521914
0.521914
0.523789
0.523164
0.525664
0.523789
0.522539
0.521289
0.518789
0.518789
0.511289
0.513789
0.509414
0.505664
0.506914
0.511289
0.520039
0.521914
0.528789
0.536914
0.538789
0.533789
0.536914
0.536289
0.540664
0.534414
0.539414
0.541289
0.540039
0.536914
0.535039
0.535664
0.531914
0.5275
0.525
0.521875
0.520664
0.518789
0.515
0.510664
0.508125
0.503164
0.499414
0.49625
0.495039
0.490625
0.492539
0.488789
0.485625
0.485664
0.483164
0.481289
0.478164
0.476914
0.474414
0.471914
0.469414
0.466289
0.463164
0.463789
0.460664
0.460039
0.459414
0.456289
0.454414
0.456289
0.458164
0.460039
0.463789
0.469414
0.473789
0.475039
0.473164
0.473789
0.474414
0.474414
0.477539
0.474414
0.466289
0.470664
0.466914
0.460664
0.469414
0.471914
0.473789
0.472539
0.469414
0.469414
0.468164
0.468164
0.465039
0.464414
0.462539
0.460664
0.457539
0.455664
0.453164
0.451289
0.448789
0.44875
0.443164
0.442539
0.438164
0.43875
0.4375
0.437539
0.435
0.4325
0.431289
0.429375
0.428789
0.426875
0.430039
0.43125
0.43
0.430664
0.429414
0.428164
0.428164
0.426914
0.426289
0.426289
0.423164
0.415039
0.420039
0.418789
0.414414
0.415664
0.415664
0.414414
0.412539
0.411289
0.412539
0.409414
0.410664
0.412539
0.413164
0.413789
0.414414
0.420039
0.427539
0.430664
0.429414
0.429414
0.433164
0.438789
0.445039
0.445039
0.447539
0.446289
0.452539
0.457539
0.455039
0.455039
0.454414
0.456914
0.450039
0.448164
0.448789
0.445039
0.445664
0.443789
0.440664
0.438164
0.436914
0.435664
0.434414
0.430039
0.434414
0.425039
0.425
0.422539
0.421289
0.418125
0.41625
0.41375
0.410625
0.41
0.404375
0.404375
0.40375
0.401875
0.401914
0.401914
0.400039
0.398164
0.396914
0.395664
0.393789
0.393164
0.393789
0.390664
0.393164
0.389414
0.393164
0.401914
0.403789
0.415664
0.426914
0.431914
0.431289
0.433789
0.433789
0.433789
0.434414
0.434414
0.431914
0.430664
0.429414
0.430039
0.429414
0.428164
0.425039
0.425039
0.421289
0.420664
0.421914
0.425039
0.426914
0.425664
0.423164
0.421289
0.423789
0.422539
0.418164
0.416914
0.418789
0.415039
0.420664
0.423164
0.422539
0.427539
0.429414
0.42875
0.426289
0.426289
0.423125
0.423789
0.423164
0.420039
0.418789
0.418125
0.41625
0.4125
0.413125
0.41625
0.411914
0.418789
0.425625
0.425625
0.425039
0.422539
0.420039
0.418164
0.416289
0.416289
0.415039
0.411289
0.413789
0.411289
0.415039
0.414414
0.415039
0.418164
0.418789
0.417539
0.416289
0.415039
0.411289
0.413164
0.410664
0.406914
0.406289
0.402539
0.401914
0.400664
0.401289
0.401289
0.401914
0.400039
0.403164
0.404414
0.404414
0.407539
0.420039
0.425664
0.424414
0.424414
0.424414
0.425039
0.425039
0.421289
0.421914
0.419414
0.416914
0.414414
0.411289
0.409414
0.406289
0.405039
0.402539
0.402539
0.395664
0.39375
0.394375
0.390664
0.3925
0.38875
0.386875
0.38375
0.381875
0.37875
0.379375
0.37625
0.384375
0.373789
0.375664
0.370039
0.370664
0.369414
0.368164
0.366289
0.365664
0.365664
0.362539
0.361289
0.361289
0.359414
0.360039
0.360039
0.364414
0.370039
0.371289
0.376289
0.383164
0.388164
0.388164
0.383789
0.386914
0.381289
0.383789
0.383789
0.385039
0.384414
0.385039
0.383164
0.383789
0.380039
0.376914
0.383789
0.386914
0.388789
0.388164
0.386289
0.385664
0.385039
0.383164
0.383789
0.380039
0.376914
0.375664
0.376289
0.375664
0.375039
0.373164
0.371914
0.371914
0.368164
0.370664
0.36625
0.365664
0.365
0.365
0.3625
0.360625
0.35875
0.358125
0.3575
0.35625
0.354414
0.353125
0.354414
0.351914
0.351289
0.351289
0.349414
0.349414
0.349414
0.348789
0.347539
0.346289
0.346289
0.339414
0.342539
0.341914
0.339414
0.341289
0.341289
0.340039
0.338789
0.338789
0.338164
0.340039
0.335039
0.333164
0.333789
0.333789
0.330664
0.331289
0.331914
0.331914
0.331914
0.331914
0.332539
0.328164
0.333789
0.336289
0.341914
0.347539
0.346914
0.345664
0.348789
0.355664
0.356914
0.360039
0.362539
0.366914
0.364414
0.366289
0.376289
0.385039
0.388164
0.394414
0.403164
0.406875
0.405
0.405
0.405
0.4075
0.40625
0.405625
0.4025
0.40125
0.39875
0.395
0.391875
0.389414
0.388789
0.384375
0.380664
0.380664
0.377539
0.378164
0.375664
0.376289
0.370664
0.368789
0.365039
0.364414
0.361914
0.365664
0.357539
0.359414
0.360664
0.355664
0.353164
0.352539
0.350664
0.349414
0.350039
0.345664
0.345039
0.343164
0.338789
0.335664
0.337539
0.336289
0.336914
0.335664
0.337539
0.335664
0.335039
0.338789
0.338789
0.342539
0.343789
0.341914
0.341289
0.340664
0.340039
0.339414
0.338164
0.337539
0.337539
0.334414
0.331914
0.331289
0.328789
0.326914
0.326914
0.325039
0.324375
0.322539
0.32375
0.320625
0.318164
0.32
0.317539
0.312539
0.31625
0.314375
0.313125
0.310664
0.308789
0.311914
0.308164
0.30625
0.305664
0.306289
0.303164
0.304414
0.303164
0.304414
0.305039
0.303164
0.303789
0.302539
0.303164
0.303164
0.301289
0.300664
0.297539
0.297539
0.296289
0.295664
0.293164
0.291914
0.292539
0.285039
0.291289
0.286914
0.289414
0.292539
0.292539
0.292539
0.291289
0.290664
0.290039
0.291914
0.295039
0.296914
0.301914
0.303789
0.305664
0.305039
0.305039
0.304414
0.303789
0.305664
0.311914
0.313789
0.317539
0.319414
0.319414
0.324414
0.319414
0.319414
0.318164
0.317539
0.3175
0.3175
0.318125
0.31625
0.314375
0.311875
0.309414
0.308125
0.305625
0.303164
0.300664
0.299375
0.300039
0.299414
0.300039
0.298164
0.298164
0.296914
0.293789
0.296914
0.296289
0.295664
0.301289
0.311289
0.315664
0.315039
0.321914
0.329414
0.332539
0.336289
0.335039
0.336289
0.335039
0.333164
0.330664
0.333164
0.335664
0.337539
0.343164
0.343164
0.344414
0.347539
0.351914
0.353164
0.351914
0.348789
0.350039
0.351289
0.348164
0.350039
0.355039
0.363164
0.358164
0.362539
0.364414
0.363164
0.361914
0.358164
0.358164
0.358164
0.353789
0.355039
0.352539
0.349414
0.349414
0.346914
0.343125
0.341875
0.338164
0.339375
0.337539
0.3375
0.33625
0.334375
0.33
0.3275
0.32625
0.325039
0.325625
0.32875
0.330664
0.327539
0.323164
0.324414
0.321289
0.323164
0.320664
0.320039
0.317539
0.316289
0.314414
0.315664
0.312539
0.305039
0.309414
0.308789
0.304414
0.305664
0.303164
0.303164
0.301914
0.300664
0.300039
0.297539
0.298164
0.294414
0.295039
0.294414
0.295664
0.294414
0.293789
0.294414
0.293164
0.296289
0.299414
0.298164
0.306289
0.305039
0.303789
0.303164
0.303789
0.305039
0.305664
0.304414
0.303164
0.303789
0.298789
0.300664
0.303164
0.301914
0.298789
0.298789
0.298164
0.2975
0.296289
0.296914
0.298125
0.296875
0.29625
0.295039
0.293125
0.299414
0.291914
0.291289
0.29
0.289375
0.29
0.291289
0.290039
0.289414
0.288789
0.288164
0.288789
0.288789
0.288164
0.288789
0.287539
0.286914
0.287539
0.287539
0.289414
0.286289
0.286914
0.287539
0.286289
0.285664
0.285039
0.284414
0.284414
0.284414
0.285664
0.283164
0.284414
0.283789
0.286914
0.285039
0.285664
0.285664
0.286289
0.285664
0.290039
0.295039
0.296914
0.296289
0.297539
0.297539
0.298164
0.300039
0.298789
0.298789
0.297539
0.296914
0.298164
0.296289
0.297539
0.295664
0.293164
0.294414
0.293789
0.291289
0.291289
0.291289
0.290625
0.290039
0.291289
0.290039
0.287539
0.288164
0.285
0.285
0.28375
0.2825
0.282539
0.283164
0.281875
0.281875
0.280039
0.281289
0.281914
0.281289
0.278164
0.277539
0.276289
0.275664
0.275039
0.274414
0.275039
0.273789
0.276289
0.273164
0.272539
0.269414
0.271289
0.270664
0.270664
0.270664
0.270039
0.269414
0.265664
0.266914
0.265039
0.263164
0.260664
0.265664
0.265039
0.263789
0.264414
0.268164
0.272539
0.274414
0.275039
0.271289
0.270039
0.271289
0.271914
0.270039
0.268164
0.268789
0.267539
0.265664
0.265664
0.258164
0.261914
0.261289
0.258789
0.257539
0.256914
0.256289
0.255664
0.25375
0.253164
0.253789
0.248125
0.249375
0.248164
0.248789
0.24375
0.2425
0.240625
0.239375
0.240625
0.240625
0.240039
0.237539
0.240664
0.235664
0.232539
0.238789
0.232539
0.231289
0.229414
0.228164
0.226914
0.226914
0.225039
0.223164
0.222539
