0.294414
0.296914
0.300039
0.299414
0.297539
0.290664
0.294414
0.290664
0.291289
0.291914
0.291289
0.288164
0.286914
0.286914
0.284414
0.285664
0.279414
0.281914
0.281289
0.282539
0.281289
0.278789
0.276289
0.276914
0.278164
0.277539
0.277539
0.273164
0.282539
0.276289
0.278164
0.284414
0.288164
0.290039
0.287539
0.288164
0.288789
0.291289
0.291289
0.298789
0.306289
0.315039
0.3175
0.325039
0.335
0.34875
0.3525
0.351875
0.354375
0.360625
0.364375
0.36
0.361289
0.36625
0.374375
0.378125
0.386875
0.396289
0.401914
0.400664
0.404414
0.412539
0.419414
0.423789
0.426914
0.428164
0.428789
0.435039
0.437539
0.435664
0.431914
0.435664
0.435039
0.436289
0.444414
0.454414
0.454414
0.454414
0.456289
0.459414
0.461289
0.458789
0.458789
0.454414
0.454414
0.451289
0.448164
0.446289
0.445039
0.445039
0.442539
0.442539
0.438789
0.438164
0.436914
0.438164
0.438164
0.438164
0.440039
0.441289
0.441289
0.440039
0.438164
0.437539
0.437539
0.443164
0.445664
0.449414
0.452539
0.454414
0.466289
0.471914
0.47625
0.479375
0.481875
0.48375
0.485625
0.487539
0.491875
0.490039
0.488164
0.49
0.494414
0.495039
0.496289
0.501289
0.501289
0.503789
0.501289
0.494414
0.500664
0.498789
0.497539
0.501914
0.508164
0.513164
0.518164
0.525664
0.528789
0.530664
0.531914
0.530664
0.529414
0.529414
0.533164
0.536289
0.536289
0.545039
0.552539
0.553789
0.561289
0.566289
0.575664
0.571914
0.573789
0.577539
0.585664
0.599414
0.603164
0.603164
0.609414
0.619414
0.620664
0.621914
0.623164
0.623789
0.626289
0.626289
0.626289
0.625039
0.624414
0.621914
0.622539
0.618789
0.615039
0.618164
0.615664
0.616289
0.625039
0.633789
0.640664
0.64
0.636914
0.63625
0.633789
0.635
0.635039
0.631914
0.628164
0.632539
0.638164
0.640664
0.638789
0.640039
0.644414
0.648164
0.649414
0.645664
0.648164
0.645664
0.646289
0.646914
0.653789
0.655039
0.662539
0.671914
0.672539
0.672539
0.669414
0.667539
0.666289
0.669414
0.666914
0.665664
0.662539
0.661289
0.666914
0.675039
0.673164
0.673789
0.678164
0.680664
0.681914
0.685039
0.686289
0.685664
0.684414
0.686289
0.686914
0.683789
0.680664
0.680664
0.679414
0.675039
0.676289
0.674414
0.671914
0.670664
0.668789
0.670664
0.673789
0.674414
0.674414
0.677539
0.680039
0.68875
0.691914
0.690664
0.690039
0.69125
0.690039
0.690664
0.688164
0.685625
0.682539
0.680664
0.680664
0.682539
0.684414
0.686289
0.688164
0.693164
0.695039
0.702539
0.719414
0.726289
0.725039
0.728164
0.738789
0.737539
0.737539
0.736914
0.733789
0.732539
0.728789
0.721914
0.725664
0.725664
0.725039
0.725039
0.721914
0.719414
0.719414
0.718789
0.718789
0.715664
0.714414
0.711914
0.711289
0.708164
0.704414
0.701914
0.700664
0.697539
0.693789
0.691914
0.692539
0.690664
0.691289
0.684414
0.688789
0.688164
0.690039
0.688789
0.686289
0.685039
0.685664
0.686289
0.681289
0.683164
0.687539
0.685
0.689414
0.688789
0.687539
0.686289
0.683789
0.682539
0.680039
0.676289
0.679414
0.671289
0.673164
0.675664
0.675664
0.676914
0.676914
0.675664
0.675664
0.678789
0.681289
0.680664
0.683789
0.682539
0.682539
0.686914
0.691289
0.695039
0.696914
0.697539
0.701289
0.705664
0.705039
0.705664
0.712539
0.707539
0.707539
0.710039
0.708789
0.706289
0.703789
0.703164
0.703164
0.703164
0.702539
0.697539
0.696914
0.691289
0.689414
0.687539
0.684414
0.680664
0.676914
0.675664
0.670664
0.668164
0.669414
0.678164
0.685664
0.685039
0.692539
0.698789
0.709414
0.716289
0.720039
0.715039
0.711914
0.723789
0.720664
0.715039
0.715664
0.712539
0.708789
0.706914
0.705
0.701914
0.696875
0.69375
0.691875
0.691914
0.690039
0.687539
0.691914
0.695039
0.694414
0.695039
0.701289
0.706289
0.701289
0.698789
0.696289
0.694414
0.695039
0.690664
0.685664
0.681289
0.680039
0.678164
0.679414
0.676289
0.677539
0.676914
0.673789
0.676289
0.673789
0.672539
0.675664
0.676289
0.674414
0.672539
0.668164
0.660664
0.666289
0.668789
0.669414
0.669414
0.672539
0.672539
0.670664
0.671914
0.672539
0.669414
0.670039
0.670039
0.668164
0.664414
0.662539
0.658164
0.656289
0.653789
0.651289
0.649414
0.646289
0.643789
0.644414
0.648164
0.647539
0.645039
0.643789
0.640664
0.638125
0.635625
0.633125
0.630664
0.623125
0.620625
0.620664
0.617539
0.616914
0.614414
0.610664
0.608789
0.606289
0.603789
0.602539
0.596914
0.602539
0.593164
0.591289
0.592539
0.590039
0.600039
0.603164
0.608164
0.617539
0.622539
0.616914
0.613789
0.616289
0.618789
0.617539
0.622539
0.627539
0.628789
0.625664
0.625664
0.628164
0.635039
0.640664
0.636914
0.640039
0.637539
0.637539
0.640664
0.644414
0.647539
0.657539
0.664414
0.665039
0.661914
0.661289
0.666289
0.668789
0.665039
0.661289
0.659414
0.655039
0.650039
0.646914
0.644414
0.644414
0.648164
0.64625
0.642539
0.641289
0.638164
0.634414
0.63125
0.626875
0.621875
0.620625
0.614414
0.606289
0.605664
0.603164
0.606914
0.599414
0.597539
0.594414
0.591914
0.590664
0.588789
0.588789
0.587539
0.584414
0.583164
0.581914
0.580039
0.582539
0.585039
0.583164
0.586289
0.588164
0.588164
0.585039
0.588789
0.588789
0.591289
0.594414
0.591289
0.589414
0.588789
0.588789
0.588164
0.589414
0.585664
0.588789
0.583164
0.583164
0.578789
0.576914
0.576289
0.575039
0.573164
0.572539
0.571289
0.570664
0.583164
0.578789
0.577539
0.586914
0.588789
0.592539
0.591914
0.588789
0.588789
0.590664
0.603164
0.605039
0.608125
0.616289
0.622539
0.6225
0.621289
0.622539
0.620664
0.616875
0.61375
0.61125
0.60625
0.61
0.615664
0.616289
0.618789
0.621914
0.625039
0.623164
0.623164
0.619414
0.618789
0.613164
0.609414
0.608164
0.605039
0.605664
0.602539
0.605039
0.608789
0.608164
0.610039
0.616289
0.615664
0.620039
0.611289
0.609414
0.605039
0.605039
0.603789
0.605664
0.602539
0.600664
0.600664
0.598164
0.598164
0.594414
0.590039
0.586289
0.587539
0.585664
0.580664
0.581289
0.578789
0.576289
0.574414
0.573789
0.569414
0.568164
0.565039
0.563164
0.560664
0.557539
0.556289
0.554414
0.555664
0.560039
0.558789
0.556914
0.55625
0.56375
0.56875
0.56625
0.5625
0.56125
0.55875
0.556914
0.555039
0.551289
0.54875
0.549414
0.548789
0.555664
0.562539
0.563164
0.566289
0.573164
0.574414
0.575664
0.571289
0.569414
0.568789
0.568789
0.565664
0.563789
0.561914
0.559414
0.557539
0.555664
0.553164
0.550664
0.550039
0.546289
0.542539
0.541289
0.538789
0.538789
0.538789
0.538164
0.536914
0.535664
0.535664
0.528789
0.530039
0.526289
0.524414
0.525664
0.523789
0.522539
0.520664
0.520039
0.517539
0.518164
0.512539
0.509414
0.512539
0.511914
0.513789
0.515039
0.515039
0.514414
0.512539
0.520039
0.521289
0.521289
0.526289
0.51875
0.52
0.523125
0.51625
0.513125
0.511289
0.508125
0.50625
0.503789
0.500664
0.499375
0.498164
0.497539
0.495039
0.492539
0.492539
0.490039
0.488164
0.485664
0.483789
0.482539
0.480039
0.479414
0.476914
0.476914
0.472539
0.472539
0.470664
0.468789
0.470039
0.472539
0.478164
0.475664
0.480039
0.485039
0.483789
0.485039
0.490664
0.498164
0.498164
0.498789
0.495664
0.498164
0.493789
0.498164
0.503164
0.506289
0.505664
0.505664
0.511289
0.519414
0.518789
0.519414
0.525039
0.523164
0.518164
0.518164
0.517539
0.510664
0.511289
0.509414
0.507539
0.506289
0.509375
0.511914
0.515
0.514375
0.510625
0.50875
0.505625
0.501914
0.496875
0.493125
0.49
0.485625
0.48125
0.478125
0.476289
0.473125
0.469375
0.468164
0.464414
0.463789
0.461289
0.458164
0.456289
0.453164
0.453789
0.450039
0.445039
0.446914
0.443164
0.441914
0.440664
0.440039
0.436914
0.436289
0.432539
0.433164
0.430039
0.425039
0.424414
0.423164
0.421289
0.418789
0.416914
0.415039
0.414414
0.413164
0.410664
0.408789
0.407539
0.403789
0.401914
0.401914
0.398164
0.396289
0.395039
0.392539
0.391914
0.393164
0.392539
0.386914
0.394414
0.394414
0.388164
0.388164
0.387539
0.386289
0.388789
0.391914
0.395664
0.398125
0.3925
0.390625
0.393125
0.39
0.388164
0.388164
0.3875
0.386289
0.383789
0.383164
0.383789
0.380625
0.385039
0.380664
0.37875
0.376289
0.375664
0.375039
0.372539
0.370039
0.368164
0.366914
0.364414
0.361289
0.360039
0.358789
0.358164
0.362539
0.366914
0.366289
0.371289
0.377539
0.381914
0.384414
0.382539
0.378789
0.378789
0.380039
0.378789
0.380039
0.379414
0.377539
0.378164
0.377539
0.380664
0.383164
0.383789
0.385664
0.386914
0.386289
0.385039
0.388164
0.394414
0.394414
0.397539
0.405664
0.406914
0.406289
0.404414
0.403164
0.403789
0.402539
0.402539
0.406914
0.408164
0.4075
0.406875
0.402539
0.4
0.399414
0.400664
0.392539
0.393125
0.390039
0.386289
0.383789
0.380625
0.380039
0.380664
0.383789
0.38375
0.384414
0.392539
0.396914
0.398164
0.396914
0.395664
0.394414
0.393164
0.391914
0.388789
0.386914
0.386289
0.383789
0.379414
0.378789
0.378789
0.375039
0.374414
0.373164
0.371289
0.366914
0.363164
0.361914
0.358164
0.357539
0.358164
0.357539
0.363789
0.367539
0.371289
0.381289
0.381914
0.373164
0.379414
0.380039
0.385664
0.377539
0.375039
0.375039
0.373789
0.372539
0.373164
0.371914
0.370039
0.367539
0.368164
0.365664
0.363164
0.363164
0.366914
0.368789
0.371914
0.373789
0.372539
0.365625
0.37375
0.371875
0.368164
0.36625
0.363789
0.361914
0.36
0.358125
0.355625
0.35625
0.351875
0.3525
0.353125
0.348789
0.346914
0.346289
0.346289
0.345039
0.344414
0.345039
0.346914
0.345664
0.349414
0.349414
0.347539
0.346914
0.356914
0.361289
0.362539
0.366289
0.366914
0.369414
0.366914
0.366289
0.363789
0.365039
0.370664
0.372539
0.373164
0.372539
0.375039
0.382539
0.388789
0.388789
0.395039
0.393164
0.394414
0.391914
0.388164
0.388789
0.389414
0.388789
0.387539
0.386289
0.388164
0.391289
0.392539
0.390039
0.401914
0.402539
0.405664
0.407539
0.408789
0.409414
0.405664
0.4075
0.406914
0.403789
0.401875
0.401914
0.403789
0.4
0.396289
0.395
0.394375
0.3925
0.39375
0.389375
0.39125
0.387539
0.387539
0.383789
0.383164
0.382539
0.380664
0.378789
0.377539
0.375664
0.375664
0.375039
0.371914
0.373164
0.370664
0.371914
0.370664
0.370664
0.369414
0.368789
0.368789
0.368789
0.364414
0.367539
0.371289
0.370039
0.368164
0.368789
0.370039
0.370039
0.370664
0.370039
0.369414
0.366289
0.370664
0.365664
0.366289
0.361914
0.363164
0.362539
0.361289
0.362539
0.361914
0.362539
0.358789
0.365664
0.358164
0.355664
0.355039
0.361914
0.364414
0.369414
0.371289
0.369414
0.369414
0.370625
0.371914
0.369375
0.368164
0.369375
0.37
0.36625
0.364375
0.364375
0.365
0.365039
0.3675
0.36125
0.365
0.365664
0.365664
0.363789
0.363789
0.363164
0.362539
0.360039
0.360039
0.360039
0.355039
0.356914
0.356289
0.356289
0.353789
0.353789
0.351914
0.351289
0.350664
0.350039
0.349414
0.346289
0.353164
0.348789
0.348789
0.351914
0.349414
0.352539
0.357539
0.361289
0.361289
0.369414
0.371289
0.372539
0.370664
0.370039
0.373789
0.383164
0.385039
0.388164
0.393789
0.395664
0.394414
0.393789
0.393164
0.390664
0.387539
0.388164
0.392539
0.395664
0.396289
0.395664
0.393164
0.393789
0.394414
0.394414
0.394375
0.39
0.39
0.384414
0.381289
0.378789
0.375625
0.374375
0.3725
0.373125
0.368164
0.363789
0.365039
0.365039
0.358164
0.361914
0.361289
0.364414
0.366914
0.366289
0.370664
0.373789
0.376914
0.374414
0.373164
0.371289
0.370664
0.369414
0.368164
0.366914
0.365664
0.366289
0.372539
0.375664
0.380039
0.387539
0.390664
0.390664
0.388164
0.388164
0.388164
0.387539
0.386289
0.383789
0.380039
0.380039
0.381289
0.376914
0.376289
0.373164
0.370664
0.368164
0.366914
0.364414
0.363164
0.358789
0.355039
0.355664
0.354414
0.356289
0.361914
0.361914
0.361289
0.363164
0.360625
0.36125
0.35625
0.353125
0.354375
0.350625
0.349414
0.345625
0.34375
0.341875
0.34
0.340039
0.339414
0.336914
0.335664
0.333164
0.332539
0.331289
0.330039
0.329414
0.332539
0.336914
0.337539
0.345664
0.353789
0.352539
0.352539
0.350039
0.351289
0.349414
0.348789
0.347539
0.348164
0.347539
0.346289
0.344414
0.338164
0.336289
0.338164
0.335664
0.336914
0.334414
0.333164
0.332539
0.329414
0.327539
0.326914
0.323164
0.324414
0.319414
0.316914
0.316289
0.318164
0.322539
0.330039
0.332539
0.340664
0.348164
0.349414
0.346289
0.346914
0.352539
0.351289
0.353789
0.353164
0.351875
0.351875
0.353125
0.351875
0.35125
0.35125
0.343125
0.34375
0.339375
0.339414
0.337539
0.335
0.332539
0.331289
0.330039
0.330039
0.328164
0.326289
0.326914
0.323164
0.323164
0.320039
0.318164
0.317539
0.315664
0.314414
0.316914
0.315039
0.311289
0.315039
0.314414
0.317539
0.310664
0.309414
0.310039
0.310039
0.310039
0.310664
0.306914
0.309414
0.310039
0.310664
0.310039
0.310664
0.310039
0.310664
0.310664
0.308789
0.308164
0.307539
0.307539
0.305664
0.305039
0.303789
0.302539
0.305039
0.301914
0.301289
0.300664
0.299414
0.300039
0.291914
0.298164
0.303164
0.305039
0.310625
0.310039
0.309375
0.30875
0.308164
0.30875
0.309375
0.30625
0.308789
0.306875
0.30375
0.302539
0.299414
0.297539
0.297539
0.298125
0.298125
0.298789
0.295664
0.288789
0.293789
0.292539
0.291289
0.291914
0.290039
0.289414
0.288789
0.286914
0.286914
0.286289
0.284414
0.283789
0.284414
0.281289
0.281289
0.281914
0.286289
0.290664
0.291914
0.295664
0.301289
0.304414
0.306289
0.301914
0.307539
0.304414
0.306914
0.307539
0.305664
0.303789
0.303164
0.303164
0.298164
0.297539
0.296289
0.293789
0.295039
0.293164
0.293164
0.290664
0.290039
0.287539
0.290039
0.286289
0.283789
0.293789
0.295664
0.293789
0.297539
0.296875
0.296875
0.295625
0.295039
0.295664
0.292539
0.2925
0.290039
0.289414
0.283789
0.28625
0.282539
0.281289
0.280664
0.279375
0.279414
0.278789
0.279414
0.275664
0.277539
0.272539
0.271914
0.270039
0.268789
0.268789
0.268164
0.268789
0.268164
0.266914
0.265664
0.265039
0.263789
0.260039
0.259414
0.258789
0.258164
0.255664
0.254414
0.254414
0.253164
0.248789
0.252539
0.250039
0.251289
0.252539
0.251914
0.249414
0.248164
0.245664
0.247539
0.245664
0.243164
0.253164
0.256289
0.265664
0.264414
0.265039
0.265664
0.264414
0.262539
0.262539
0.261289
0.267539
0.268164
0.271914
0.273789
0.270664
0.271289
0.275
0.28125
0.283164
0.28875
0.295
0.293125
0.294414
0.291875
0.291875
0.293789
0.291289
0.289375
0.288125
0.285664
0.28375
0.283789
0.280039
0.283164
0.277539
0.275664
0.274414
0.270664
0.267539
0.266289
0.265039
0.265039
0.265039
0.260664
0.254414
0.258164
0.260039
0.265664
0.266289
0.271914
0.276914
0.277539
0.275664
0.274414
0.274414
0.274414
0.273164
0.272539
0.271914
0.270664
0.269414
0.267539
0.264414
0.263164
0.261289
0.260039
0.258789
0.255664
0.255664
0.255039
0.250664
0.250039
0.251914
0.255664
0.256914
0.260664
0.268164
0.262539
0.271289
0.273164
0.272539
0.273789
0.2725
0.271914
0.271914
0.27125
0.269375
0.270664
0.266289
0.269375
0.2625
0.263125
0.266875
0.26125
0.26125
0.259375
0.257539
0.256875
0.257539
0.253789
0.253789
0.252539
0.248789
0.248164
0.247539
0.247539
0.245039
0.243789
0.242539
0.241289
0.240664
0.240664
0.237539
0.240664
0.238164
0.240039
0.239414
0.239414
0.239414
0.237539
0.236289
0.238164
0.237539
0.238789
0.241914
0.243789
0.241914
0.241289
0.240039
0.238164
0.236289
0.236289
0.236914
0.234414
0.236914
0.232539
0.233164
0.230664
0.231914
0.232539
0.232539
0.231289
0.230039
0.233789
0.235664
0.236914
0.243789
0.241914
0.243164
0.242539
0.24375
0.243164
0.243125
0.242539
0.241875
0.240664
0.24125
0.238789
0.2375
0.23625
0.235
0.235
0.234375
0.235
0.235
0.234414
0.234414
0.228789
0.231289
0.228164
0.228789
0.230039
0.230039
0.230039
0.229414
0.228164
0.228164
0.228164
0.224414
0.229414
0.225664
0.225664
0.219414
0.223789
0.223164
0.222539
0.222539
0.225039
0.225039
0.223164
0.223789
0.222539
0.222539
0.219414
0.223164
0.221289
0.221289
0.220039
0.220039
0.220664
0.219414
0.218789
0.218164
0.218164
0.216914
0.217539
0.217539
0.217539
0.217539
0.217539
0.223164
0.226289
0.230664
0.231914
