0.133164
0.130664
0.13128900000000002
0.13003900000000002
0.13003900000000002
0.129414
0.127539
0.126289
0.126914
0.127539
0.128125
0.121875
0.125
0.12375
0.124375
0.12625
0.125664
0.12441400000000001
0.12316400000000001
0.12191400000000001
0.120625
0.12125
0.1175
0.124375
0.12128900000000001
0.12316400000000001
0.12066400000000001
0.12128900000000001
0.12128900000000001
0.12066400000000001
0.12128900000000001
0.12128900000000001
0.12128900000000001
0.119414
0.125039
0.119414
0.119414
0.126289
0.120039
0.12066400000000001
0.119414
0.118789
0.118789
0.120039
0.118789
0.12253900000000001
0.125039
0.125664
0.128164
0.13253900000000002
0.139414
0.141289
0.142539
0.143164
0.15066400000000002
0.15316400000000002
0.15441400000000002
0.151289
0.152539
0.151289
0.152539
0.15316400000000002
0.152539
0.15316400000000002
0.152539
0.152539
0.15191400000000002
0.148789
0.14941400000000002
0.14816400000000002
0.14566400000000002
0.147539
0.14691400000000002
0.146289
0.14566400000000002
0.14566400000000002
0.144375
0.1475
0.146289
0.150625
0.14941400000000002
0.150625
0.155625
0.14816400000000002
0.146875
0.14625
0.145039
0.14375
0.145625
0.144375
0.14566400000000002
0.143789
0.141289
0.139414
0.143164
0.143789
0.141914
0.142539
0.140039
0.13878900000000002
0.13878900000000002
0.139414
0.13753900000000002
0.139414
0.13628900000000002
0.138164
0.13753900000000002
0.13628900000000002
0.136914
0.135664
0.135664
0.13628900000000002
0.13378900000000002
0.133164
0.131914
0.13253900000000002
0.134414
0.133164
0.134414
0.13378900000000002
0.13753900000000002
0.143789
0.147539
0.150039
0.15191400000000002
0.15316400000000002
0.152539
0.15191400000000002
0.151289
0.150039
0.14941400000000002
0.150039
0.148789
0.150039
0.147539
0.139414
0.146289
0.146289
0.143789
0.14441400000000001
0.14441400000000001
0.143789
0.143164
0.143125
0.14375
0.1425
0.14566400000000002
0.15125
0.15625
0.158789
0.165
0.16875
0.169375
0.173125
0.179375
0.180625
0.186875
0.185625
0.189414
0.185039
0.186914
0.190039
0.190664
0.189414
0.188164
0.187539
0.186914
0.186914
0.181289
0.18066400000000002
0.18191400000000002
0.180039
0.17691400000000002
0.17816400000000002
0.17691400000000002
0.175039
0.17566400000000001
0.175039
0.174414
0.171914
0.172539
0.169414
0.171289
0.171289
0.173164
0.176289
0.176289
0.18191400000000002
0.18441400000000002
0.187539
0.187539
0.188164
0.186289
0.186914
0.186289
0.187539
0.188789
0.188789
0.187539
0.188164
0.188164
0.187539
0.187539
0.18441400000000002
0.18316400000000002
0.185039
0.18566400000000002
0.182539
0.18441400000000002
0.186914
0.194414
0.19753900000000002
0.20375
0.210625
0.215
0.215
0.21253899999999998
0.214375
0.21375
0.21625
0.2175
0.21875
0.21625
0.22
0.220664
0.22003899999999998
0.22691399999999998
0.23441399999999998
0.232539
0.232539
0.233789
0.23316399999999998
0.237539
0.240664
0.244414
0.24753899999999998
0.25191399999999997
0.250664
0.25503899999999996
0.256914
0.258164
0.261914
0.261914
0.260664
0.26003899999999996
0.258164
0.258164
0.256914
0.25503899999999996
0.254414
0.253789
0.25503899999999996
0.253164
0.253164
0.25753899999999996
0.261289
0.263164
0.264414
0.26003899999999996
0.258789
0.256914
0.256289
0.256914
0.254414
0.253164
0.25191399999999997
0.251289
0.250039
0.24878899999999998
0.245664
0.24878899999999998
0.24878899999999998
0.243164
0.245664
0.24753899999999998
0.24753899999999998
0.24753899999999998
0.251289
0.25503899999999996
0.259375
0.2625
0.265625
0.271875
0.27375
0.268125
0.270625
0.273125
0.274375
0.273125
0.27066399999999996
0.273125
0.273789
0.275039
0.272539
0.271914
0.275039
0.276289
0.28066399999999997
0.282539
0.284414
0.290664
0.292539
0.294414
0.295664
0.300664
0.295664
0.303164
0.30691399999999996
0.307539
0.305664
0.305664
0.30691399999999996
0.310039
0.319414
0.315039
0.32503899999999997
0.332539
0.329414
0.329414
0.331289
0.334414
0.339414
0.343789
0.344414
0.341914
0.339414
0.34066399999999997
0.334414
0.335039
0.334414
0.332539
0.33003899999999997
0.328789
0.328789
0.32753899999999997
0.32753899999999997
0.325664
0.324414
0.323789
0.32503899999999997
0.321914
0.321289
0.321289
0.32
0.319414
0.31875
0.3175
0.31875
0.32125
0.3175
0.319375
0.315
0.313125
0.313789
0.311875
0.31125
0.311289
0.312539
0.313125
0.313789
0.312539
0.311289
0.310664
0.311289
0.310664
0.311289
0.310664
0.310039
0.310039
0.311289
0.30941399999999997
0.305664
0.310039
0.30941399999999997
0.305664
0.310664
0.31191399999999997
0.311289
0.313164
0.311289
0.313789
0.310039
0.302539
0.310664
0.311289
0.30941399999999997
0.313789
0.318164
0.32253899999999996
0.328789
0.329414
0.329414
0.328789
0.33003899999999997
0.328789
0.33003899999999997
0.330664
0.329414
0.328789
0.329414
0.33003899999999997
0.33003899999999997
0.330664
0.33566399999999996
0.336914
0.339414
0.344414
0.346914
0.350664
0.34878899999999996
0.348164
0.348164
0.355664
0.363789
0.366875
0.370625
0.37875
0.37875
0.376875
0.37691399999999997
0.376875
0.376875
0.375664
0.375039
0.375039
0.376289
0.373789
0.366289
0.375039
0.38003899999999996
0.386914
0.381914
0.38003899999999996
0.38003899999999996
0.379414
0.385664
0.396914
0.40066399999999996
0.400039
0.40066399999999996
0.40316399999999997
0.405039
0.405039
0.40566399999999997
0.407539
0.406914
0.405039
0.411289
0.41253900000000004
0.41566400000000003
0.421914
0.42878900000000003
0.43003900000000006
0.43378900000000004
0.44566400000000006
0.44628900000000005
0.450039
0.45441400000000004
0.455039
0.455664
0.45628900000000006
0.460664
0.463164
0.46503900000000004
0.46753900000000004
0.46441400000000005
0.463789
0.463164
0.46191400000000005
0.46191400000000005
0.463164
0.45941400000000004
0.46753900000000004
0.45878900000000006
0.458164
0.46191400000000005
0.46128900000000006
0.459375
0.460625
0.458125
0.45941400000000004
0.463125
0.461875
0.458164
0.45691400000000004
0.45628900000000006
0.463164
0.465625
0.464375
0.46253900000000003
0.463789
0.465
0.46375
0.46191400000000005
0.46191400000000005
0.456875
0.46003900000000003
0.455039
0.452539
0.45128900000000005
0.447539
0.44566400000000006
0.44441400000000003
0.44316400000000006
0.44316400000000006
0.447539
0.450664
0.44941400000000004
0.452539
0.45753900000000003
0.45878900000000006
0.45691400000000004
0.455039
0.45441400000000004
0.455039
0.45378900000000005
0.450664
0.45378900000000005
0.448164
0.448164
0.44878900000000005
0.450664
0.45378900000000005
0.45378900000000005
0.453164
0.450039
0.450039
0.44566400000000006
0.43816400000000005
0.44191400000000003
0.44128900000000004
0.44566400000000006
0.440039
0.437539
0.43566400000000005
0.435039
0.43378900000000004
0.43378900000000004
0.43378900000000004
0.434414
0.43125
0.437539
0.44128900000000004
0.443125
0.44691400000000003
0.44566400000000006
0.445625
0.448125
0.451875
0.4525
0.44875
0.458125
0.45875
0.456875
0.45878900000000006
0.458164
0.463125
0.469375
0.47191400000000006
0.475625
0.481914
0.479414
0.48503900000000005
0.48316400000000004
0.48316400000000004
0.479414
0.483789
0.49003900000000006
0.49316400000000005
0.49316400000000005
0.49816400000000005
0.497539
0.49816400000000005
0.505039
0.5025390000000001
0.5081640000000001
0.514414
0.510039
0.511289
0.509414
0.5081640000000001
0.5075390000000001
0.504414
0.5019140000000001
0.5031640000000001
0.499414
0.49878900000000004
0.5069140000000001
0.5081640000000001
0.514414
0.5175390000000001
0.516289
0.521914
0.5231640000000001
0.5237890000000001
0.521289
0.521914
0.520664
0.516914
0.516289
0.520039
0.5225390000000001
0.520039
0.519414
0.5187890000000001
0.5225390000000001
0.520039
0.520039
0.520664
0.5175390000000001
0.521289
0.519414
0.516914
0.516289
0.5175390000000001
0.520625
0.5281640000000001
0.52625
0.5381640000000001
0.5375
0.540625
0.535664
0.541875
0.549375
0.549375
0.555664
0.558125
0.558789
0.556289
0.5594140000000001
0.562539
0.556914
0.556289
0.555664
0.555664
0.552539
0.551289
0.5494140000000001
0.546289
0.5444140000000001
0.542539
0.537539
0.540039
0.540039
0.546914
0.551914
0.551914
0.561289
0.5706640000000001
0.573789
0.572539
0.573164
0.5750390000000001
0.5800390000000001
0.591914
0.589414
0.5912890000000001
0.597539
0.6019140000000001
0.602539
0.600039
0.598789
0.598164
0.598164
0.595039
0.593789
0.591914
0.591914
0.589414
0.588164
0.586914
0.591914
0.605039
0.604414
0.615664
0.6275390000000001
0.6325390000000001
0.629414
0.6269140000000001
0.625625
0.626289
0.626875
0.6275
0.626875
0.625664
0.626875
0.6219140000000001
0.623125
0.62625
0.624375
0.621875
0.62625
0.628789
0.628125
0.628789
0.628789
0.621289
0.624414
0.624414
0.621289
0.6219140000000001
0.619414
0.6169140000000001
0.615664
0.6162890000000001
0.615039
0.6169140000000001
0.6125390000000001
0.610039
0.610039
0.610664
0.607539
0.608789
0.609414
0.610664
0.608789
0.608164
0.608789
0.607539
0.614414
0.6225390000000001
0.626289
0.641289
0.6475390000000001
0.646914
0.645664
0.6431640000000001
0.639414
0.639414
0.638789
0.638789
0.6375390000000001
0.635039
0.635039
0.635664
0.638789
0.640664
0.6431640000000001
0.649414
0.652539
0.651914
0.6487890000000001
0.649414
0.6481640000000001
0.64875
0.645664
0.644414
0.641875
0.6425
0.641875
0.6437890000000001
0.653125
0.65375
0.658125
0.6737890000000001
0.6800390000000001
0.681914
0.676914
0.6787890000000001
0.6794140000000001
0.681289
0.681914
0.681289
0.676289
0.683164
0.682539
0.683789
0.6850390000000001
0.6956640000000001
0.6956640000000001
0.693789
0.693164
0.701914
0.707539
0.704414
0.708164
0.707539
0.704414
0.701914
0.699414
0.698789
0.699414
0.706914
0.708164
0.708164
0.7106640000000001
0.708789
0.7062890000000001
0.713164
0.723164
0.7262890000000001
0.723164
0.723164
0.7269140000000001
0.7312890000000001
0.732539
0.730664
0.730039
0.728789
0.7269140000000001
0.725039
0.723164
0.7206640000000001
0.718789
0.718164
0.718164
0.7162890000000001
0.718789
0.7162890000000001
0.711914
0.712539
0.709414
0.713164
0.7056640000000001
0.704414
0.70125
0.703789
0.701875
0.705
0.701875
0.700625
0.701875
0.70125
0.708164
0.705625
0.703164
0.701875
0.699414
0.698164
0.699414
0.698789
0.696289
0.693164
0.6900390000000001
0.688164
0.683789
0.681289
0.6800390000000001
0.678164
0.675664
0.6737890000000001
0.673164
0.665039
0.6694140000000001
0.661914
0.662539
0.661914
0.660664
0.657539
0.655664
0.6531640000000001
0.652539
0.6531640000000001
0.650039
0.657539
0.666289
0.671914
0.676289
0.6744140000000001
0.672539
0.6737890000000001
0.6800390000000001
0.682539
0.683164
0.686289
0.693789
0.691289
0.688164
0.6850390000000001
0.691289
0.699414
0.7050390000000001
0.704414
0.708789
0.713789
0.713164
0.716914
0.718789
0.7162890000000001
0.7156640000000001
0.713164
0.709414
0.709414
0.713164
0.718164
0.72375
0.7212890000000001
0.728125
0.733789
0.733125
0.731875
0.728789
0.728789
0.7269140000000001
0.723789
0.7212890000000001
0.719414
0.718789
0.715039
0.711914
0.7112890000000001
0.704414
0.706914
0.702539
0.7000390000000001
0.697539
0.693789
0.691289
0.698789
0.7006640000000001
0.696914
0.7050390000000001
0.717539
0.716914
0.720039
0.7206640000000001
0.727539
0.733789
0.7312890000000001
0.739414
0.740664
0.733789
0.740664
0.7412890000000001
0.735039
0.7369140000000001
0.735039
0.7319140000000001
0.730664
0.7262890000000001
0.722539
0.719414
0.7156640000000001
0.7100390000000001
0.708164
0.703789
0.701289
0.696289
0.692539
0.6894140000000001
0.685664
0.681914
0.6794140000000001
0.676289
0.6744140000000001
0.671914
0.670664
0.6637890000000001
0.66375
0.66375
0.661875
0.659375
0.65625
0.654375
0.651914
0.6487890000000001
0.6481640000000001
0.644414
0.641289
0.641875
0.641289
0.644414
0.6487890000000001
0.650664
0.6594140000000001
0.661914
0.655664
0.6581640000000001
0.656914
0.656914
0.654414
0.654414
0.652539
0.651289
0.649414
0.646914
0.6431640000000001
0.6425390000000001
0.638789
0.6381640000000001
0.6375390000000001
0.636289
0.635664
0.631289
0.629414
0.6281640000000001
0.626289
0.629414
0.624414
0.6331640000000001
0.631289
0.633789
0.633789
0.631289
0.634414
0.6331640000000001
0.635039
0.639414
0.640039
0.641914
0.651289
0.657539
0.654414
0.6531640000000001
0.6537890000000001
0.651914
0.651289
0.651289
0.651914
0.656289
0.655039
0.656914
0.660664
0.660664
0.6581640000000001
0.656289
0.653125
0.651289
0.650039
0.646875
0.645039
0.640625
0.636875
0.6325
0.6281640000000001
0.626289
0.6281640000000001
0.629414
0.631289
0.6331640000000001
0.6381640000000001
0.638789
0.6381640000000001
0.645664
0.6425390000000001
0.641914
0.6425390000000001
0.640664
0.641914
0.641289
0.6381640000000001
0.636289
0.636914
0.6431640000000001
0.645039
0.644414
0.645664
0.645039
0.645039
0.640664
0.638789
0.640664
0.6437890000000001
0.640039
0.641914
0.646289
0.6537890000000001
0.656289
0.6531640000000001
0.650664
0.650039
0.646914
0.645039
0.6425390000000001
0.640039
0.640664
0.635664
0.635664
0.6331640000000001
0.6319140000000001
0.625039
0.625664
0.621289
0.619414
0.623164
0.6281640000000001
0.6281640000000001
0.635039
0.640039
0.636289
0.635664
0.6325
0.631289
0.628789
0.6269140000000001
0.623789
0.62
0.615664
0.614375
0.608789
0.607539
0.605625
0.603164
0.599375
0.5956640000000001
0.594414
0.593164
0.5906640000000001
0.588789
0.586914
0.583164
0.583789
0.578789
0.576289
0.573164
0.571289
0.568164
0.5656640000000001
0.5656640000000001
0.563164
0.563164
0.561289
0.568164
0.5650390000000001
0.566914
0.571914
0.5694140000000001
0.572539
0.5706640000000001
0.5750390000000001
0.5806640000000001
0.5812890000000001
0.588164
0.5906640000000001
0.588789
0.588164
0.591914
0.603789
0.605039
0.604414
0.6062890000000001
0.6069140000000001
0.605039
0.603164
0.594414
0.597539
0.593789
0.592539
0.5906640000000001
0.5856640000000001
0.584414
0.583789
0.581914
0.579414
0.579414
0.572539
0.573125
0.57125
0.57125
0.567539
0.571875
0.575
0.576875
0.578164
0.578125
0.575625
0.570625
0.572539
0.56625
0.5644140000000001
0.561289
0.563789
0.563164
0.560664
0.558164
0.556914
0.555664
0.551914
0.5487890000000001
0.546289
0.543164
0.541914
0.541914
0.5394140000000001
0.537539
0.535039
0.5331640000000001
0.531289
0.529414
0.529414
0.524414
0.524414
0.524414
0.519414
0.5181640000000001
0.515664
0.514414
0.5187890000000001
0.520664
0.526289
0.525039
0.525039
0.5237890000000001
0.524414
0.521914
0.5187890000000001
0.516914
0.516914
0.515664
0.514414
0.514414
0.5125390000000001
0.510039
0.513789
0.515039
0.5181640000000001
0.521289
0.527539
0.531289
0.532539
0.530664
0.531914
0.530039
0.531914
0.529414
0.526914
0.52625
0.525039
0.524375
0.520625
0.51875
0.51875
0.521875
0.521289
0.5225
0.524375
0.5275
0.530664
0.542539
0.5444140000000001
0.555
0.561289
0.562539
0.560664
0.5594140000000001
0.555664
0.555664
0.557539
0.555664
0.555664
0.561289
0.562539
0.563789
0.568789
0.5694140000000001
0.568164
0.563789
0.5650390000000001
0.566914
0.561914
0.5644140000000001
0.5644140000000001
0.563789
0.560664
0.5656640000000001
0.5656640000000001
0.566914
0.562539
0.561914
0.563164
0.558164
0.5537890000000001
0.552539
0.5500390000000001
0.547539
0.546914
0.545664
0.545039
0.542539
0.540664
0.536289
0.535039
0.531289
0.529414
0.525039
0.5225390000000001
0.520039
0.516914
0.515039
0.514414
0.509414
0.510664
0.50375
0.506289
0.506289
0.503125
0.503789
0.499375
0.496914
0.49375
0.49375
0.486875
0.485
0.484375
0.484375
0.4825
0.48
0.47816400000000003
0.47503900000000004
0.47503900000000004
0.473789
0.47316400000000003
0.468164
0.47441400000000006
0.463789
0.46191400000000005
0.45878900000000006
0.45878900000000006
0.458164
0.45691400000000004
0.455039
0.45378900000000005
0.45441400000000004
0.44941400000000004
0.450039
0.44628900000000005
0.445039
0.44128900000000004
0.440039
0.43816400000000005
0.440039
0.44316400000000006
0.44691400000000003
0.450039
0.44941400000000004
0.45191400000000004
0.448164
0.44941400000000004
0.447539
0.44628900000000005
0.44691400000000003
0.44441400000000003
0.44378900000000004
0.44378900000000004
0.44316400000000006
0.44441400000000003
0.44378900000000004
0.442539
0.439414
0.43566400000000005
0.437539
0.435039
0.43316400000000005
0.431914
0.43128900000000003
0.42816400000000004
0.42878900000000003
0.42503900000000006
0.421914
0.42253900000000005
0.42125
0.4225
0.424375
0.431875
0.435
0.43878900000000004
0.445
0.45
0.4475
0.450625
0.448125
0.44941400000000004
0.450039
0.44691400000000003
0.44878900000000005
0.450039
0.44941400000000004
0.447539
0.447539
0.448164
0.450664
0.452539
0.45128900000000005
0.45191400000000004
0.45441400000000004
0.452539
0.45128900000000005
0.44941400000000004
0.44628900000000005
0.44441400000000003
0.44316400000000006
0.43816400000000005
0.44316400000000006
0.44378900000000004
0.436914
0.43628900000000004
0.434414
0.436914
0.440039
0.445039
0.447539
0.44691400000000003
0.44441400000000003
0.44378900000000004
0.44566400000000006
0.43878900000000004
0.43878900000000004
0.44066400000000006
0.445039
0.445039
0.450039
0.45378900000000005
0.455664
0.46253900000000003
0.45941400000000004
0.47003900000000004
0.47816400000000003
0.481289
0.47816400000000003
0.47566400000000003
0.47503900000000004
0.47253900000000004
0.468789
0.468164
0.465664
0.46503900000000004
0.465664
0.46503900000000004
0.46375
0.461875
0.45875
0.456875
0.45625
0.454375
0.451875
0.4475
0.4425
0.44375
0.436914
0.436875
0.43378900000000004
0.432539
0.429414
0.426914
0.423789
0.42066400000000004
0.42003900000000005
0.41253900000000004
0.408789
0.408789
0.406289
0.407539
0.405039
0.40316399999999997
0.402539
0.400039
0.396289
0.397539
0.393164
0.38753899999999997
0.39003899999999997
0.39003899999999997
0.38253899999999996
0.381289
0.388164
0.39003899999999997
0.393164
0.39253899999999997
0.393164
0.39003899999999997
0.391289
0.38753899999999997
0.386289
0.38503899999999996
0.38253899999999996
0.380664
0.378164
0.37691399999999997
0.375039
0.37441399999999997
0.372539
0.373164
0.367539
0.367539
0.365039
0.365664
0.363164
0.361914
0.360664
0.35878899999999997
0.35875
0.358125
0.356875
0.35625
0.355625
0.354375
0.351914
0.35125
0.351875
0.358125
0.360625
0.36125
0.369375
0.371289
0.3675
0.371289
0.373125
0.377539
0.377539
0.378789
0.380664
0.381914
0.383789
0.388164
0.385664
0.38253899999999996
0.39003899999999997
0.390664
0.388789
0.39003899999999997
0.391914
0.39003899999999997
0.39003899999999997
0.388164
0.389414
0.391914
0.39003899999999997
0.38753899999999997
0.386914
0.385664
0.383789
0.388789
0.388789
0.388789
0.39003899999999997
0.391289
0.396914
0.395039
0.396914
0.393164
0.391289
0.391914
0.390664
0.388164
0.385664
0.386914
0.383789
0.38253899999999996
0.378789
0.38253899999999996
0.375039
0.375039
0.37191399999999997
0.37191399999999997
0.36941399999999996
0.36941399999999996
0.370664
0.37
0.370039
0.36625
0.36125
0.364375
0.3625
0.36125
0.36
0.3575
0.355625
0.356875
0.35625
0.35878899999999997
0.35875
0.3575
0.356914
0.356875
0.35625
0.35378899999999996
0.352539
0.35378899999999996
0.351914
0.35128899999999996
0.350039
0.350039
0.346914
0.346289
0.341914
0.344414
0.341289
0.341914
0.340039
0.338789
0.337539
0.33566399999999996
0.33566399999999996
0.331914
0.333789
0.328789
0.331289
0.331289
0.335039
0.340039
0.341914
0.341914
0.341289
0.34316399999999997
0.338789
0.337539
0.331914
0.332539
0.33566399999999996
0.332539
0.33003899999999997
0.329414
0.32753899999999997
0.328789
0.328789
0.32503899999999997
0.324414
0.32253899999999996
0.320664
0.318789
0.32003899999999996
0.321289
0.320664
0.32253899999999996
0.321875
0.32125
0.323125
0.324375
0.32125
0.325
0.321875
0.321289
0.320664
0.31875
0.318164
0.315625
0.316289
0.3175
0.3175
0.319375
0.31753899999999996
0.318789
0.316289
0.315664
0.315664
0.31441399999999997
0.313164
0.31191399999999997
0.311289
0.308789
0.307539
0.307539
0.30691399999999996
0.308164
0.306289
0.305664
0.305039
0.30441399999999996
0.30191399999999996
0.303789
0.300039
0.301289
0.300039
0.296914
0.308789
0.305664
0.311289
0.31191399999999997
0.310664
0.311289
0.311289
0.30941399999999997
0.308789
0.307539
0.305039
0.30441399999999996
0.302539
0.300039
0.299414
0.29878899999999997
0.297539
0.29628899999999997
0.29628899999999997
0.28878899999999996
0.290664
0.28628899999999996
0.28628899999999996
0.288164
0.287539
0.286914
0.285039
0.285039
0.29
0.29375
0.291875
0.298125
0.3
0.303789
0.30125
0.300664
0.300625
0.30125
0.299375
0.29875
0.29628899999999997
0.29378899999999997
0.29
0.2925
0.292539
0.295039
0.29878899999999997
0.300664
0.301289
0.302539
0.299414
0.303789
0.308164
0.310664
0.311289
0.308164
0.308789
0.310039
0.310664
0.310664
0.30941399999999997
0.30691399999999996
0.310664
0.32253899999999996
0.33003899999999997
0.326289
0.33003899999999997
0.337539
0.353164
0.361914
0.360664
0.36128899999999997
0.363789
0.366289
0.368164
0.362539
0.361914
0.360039
0.359414
0.355039
0.353164
0.351914
0.346914
0.343789
0.342539
0.341289
0.336914
0.341289
0.33316399999999996
0.331914
0.33566399999999996
0.32753899999999997
0.323164
0.32125
0.318164
0.316875
0.31625
0.3125
0.310625
0.308789
0.305039
0.30375
0.302539
0.301289
0.301289
0.30625
0.30625
0.31191399999999997
0.318164
0.318789
0.31375
0.31625
0.310664
0.312539
0.311289
0.310039
0.31191399999999997
0.312539
0.310039
0.310039
0.310664
0.310664
0.312539
0.311289
0.30691399999999996
0.30691399999999996
0.305664
0.305039
0.303789
0.303789
0.305664
0.302539
0.301289
0.301289
0.30441399999999996
0.308164
0.31191399999999997
0.310039
0.310664
0.310664
0.308789
0.312539
0.308789
0.29878899999999997
0.303164
0.300664
0.305664
0.300039
0.298164
0.297539
0.295664
0.295039
0.295039
0.294414
0.29378899999999997
0.291914
0.290039
0.290664
0.287539
0.28628899999999996
0.286914
0.285625
0.285039
0.283789
0.284414
0.2775
0.28125
0.28
0.28
0.282539
0.283789
0.2825
0.281875
0.280625
0.27875
0.28066399999999997
0.27875
0.2825
0.28125
0.283789
0.28125
0.28066399999999997
0.279414
0.27816399999999997
0.279414
0.279414
0.278789
0.276914
0.285664
0.277539
0.276914
0.281914
0.280039
0.280039
0.278789
0.27816399999999997
0.279414
0.28066399999999997
0.279414
0.279414
0.284414
0.285039
0.288164
0.291914
0.293164
0.294414
0.295664
0.29628899999999997
0.29628899999999997
0.295039
0.294414
0.293164
0.295664
0.300039
0.300664
0.303789
0.308164
0.308789
0.308789
0.311289
0.315664
0.315039
0.312539
0.315039
0.313789
0.316914
0.318789
0.321914
0.331914
0.340039
0.341289
0.355039
0.365039
0.37375
0.369375
0.369375
0.3675
0.369375
0.36875
0.368125
0.365625
0.364375
0.364375
0.36125
0.361914
0.35875
0.357539
0.352539
0.35378899999999996
0.353164
0.352539
0.356914
0.357539
0.359414
0.365664
0.36941399999999996
0.368789
0.367539
0.365039
0.366289
0.365664
0.365039
0.363789
0.363164
0.360664
0.359414
0.357539
0.360039
0.360664
0.363789
0.362539
0.363164
0.362539
0.362539
0.361914
0.360664
0.359414
0.356914
0.357539
0.355039
0.353164
0.347539
0.34878899999999996
0.347539
0.34566399999999997
0.343789
0.34316399999999997
0.343789
0.339414
0.334414
0.336914
0.33566399999999996
0.334414
0.33316399999999996
0.33003899999999997
0.330625
0.329414
0.328164
0.3275
0.326875
0.32753899999999997
0.32503899999999997
0.323125
0.3225
0.321914
0.319414
0.318789
0.319414
0.32
0.321914
0.325
0.319414
0.32253899999999996
0.318164
0.321289
0.323164
0.32253899999999996
0.321289
0.320664
0.318789
0.318789
0.321289
0.316289
0.315039
0.318164
0.319414
0.320664
0.320664
0.318789
0.320664
0.321289
0.32253899999999996
0.326914
0.331914
0.337539
0.350664
0.360039
0.360664
0.360039
0.362539
0.363164
0.363789
0.363164
0.362539
0.360664
0.360039
0.35878899999999997
0.356914
0.354414
0.355039
0.353164
0.352539
0.350664
0.34878899999999996
0.348164
0.346289
0.346914
0.344414
0.344414
0.34316399999999997
0.339414
0.338789
0.336914
0.336289
0.334375
0.333125
0.3325
0.331875
0.329375
0.328125
0.325
0.32625
0.32375
0.32125
0.320664
0.319375
0.316875
0.319414
0.3175
0.31441399999999997
0.315664
0.313789
0.315664
0.313789
0.312539
0.311289
0.310039
0.30941399999999997
0.31191399999999997
0.308789
0.305039
0.30691399999999996
0.30691399999999996
0.302539
0.303789
0.30441399999999996
0.303789
0.30191399999999996
0.30191399999999996
0.301289
0.306289
0.308789
0.311289
0.313164
0.313789
0.313164
0.312539
0.312539
0.313164
0.311289
0.310039
0.30941399999999997
0.306289
0.305039
0.302539
0.303789
0.30191399999999996
0.300039
0.299414
0.300039
0.299414
0.298164
0.29878899999999997
0.29628899999999997
0.295664
0.295664
0.291914
0.29128899999999996
0.300039
0.303164
0.308164
0.315625
0.318789
0.321875
0.31875
0.315
0.3175
0.318164
0.31875
0.314375
0.311875
0.311875
0.310625
0.310664
0.310664
0.31125
0.308164
0.30625
0.305039
0.307539
0.308789
0.30941399999999997
0.313164
0.315039
0.315664
0.315039
0.31441399999999997
0.310664
0.313164
0.308164
0.31191399999999997
0.30941399999999997
0.308164
0.30691399999999996
0.30441399999999996
0.303164
0.302539
0.30691399999999996
0.305664
0.310039
0.31191399999999997
0.30941399999999997
0.307539
0.308789
0.308789
0.308164
0.305664
0.30441399999999996
0.303164
0.298164
0.30441399999999996
0.296914
0.294414
0.28628899999999996
0.289414
0.289414
0.287539
0.28628899999999996
0.285039
0.285664
0.281914
0.280039
0.278789
0.276289
0.276289
0.27566399999999996
0.27375
0.2725
0.271875
0.270039
0.269375
0.268125
0.27
0.265625
0.266914
0.263789
0.26
0.259375
0.256875
0.256914
0.256875
0.256914
0.256289
0.255664
0.254414
0.252539
0.250039
0.250039
0.249414
0.249414
0.24878899999999998
0.246914
0.245664
0.245664
0.24253899999999998
0.24253899999999998
0.24253899999999998
0.24128899999999998
0.241914
0.24003899999999997
0.24003899999999997
0.238164
0.237539
0.239414
0.243164
0.24503899999999998
0.24128899999999998
0.24628899999999998
0.24628899999999998
0.250039
0.24753899999999998
0.24753899999999998
0.24753899999999998
0.245664
0.24503899999999998
0.243164
0.241914
0.24128899999999998
0.239414
0.24003899999999997
0.23878899999999997
0.238164
0.23691399999999999
0.236289
0.235039
0.233789
0.232539
0.23316399999999998
0.228789
0.22941399999999998
0.23066399999999998
0.22941399999999998
0.228125
0.226289
0.225
0.223125
0.223125
0.223789
0.223789
0.22125
0.2225
0.22
0.216914
0.215
0.215
0.21378899999999998
0.213164
0.213125
0.213164
0.21378899999999998
0.21003899999999998
0.202539
0.20878899999999997
0.208164
0.21378899999999998
0.206914
0.206289
0.205039
0.205039
0.203789
0.203789
0.201914
0.201914
0.200664
0.19878900000000002
0.20003900000000002
0.19878900000000002
0.198164
0.198164
0.196914
0.201914
0.203789
0.20753899999999997
0.203164
0.209414
0.21003899999999998
0.20878899999999997
0.20878899999999997
0.208164
0.20753899999999997
0.206914
0.205039
0.203164
0.204414
0.19878900000000002
0.196914
0.20128900000000002
0.196914
0.19878900000000002
0.19628900000000002
0.196914
0.19628900000000002
0.194414
0.19378900000000002
0.193164
0.190664
0.19503900000000002
0.188789
0.186289
0.183125
0.185
0.184375
0.18375
0.1825
0.181875
0.183789
0.180625
0.179375
0.17875
0.17566400000000001
0.173125
0.174375
0.173789
0.171914
0.171875
0.170664
0.171875
0.173125
0.173789
0.169414
0.172539
0.17003900000000002
0.169414
0.170664
0.17003900000000002
0.17003900000000002
0.169414
0.168164
0.16878900000000002
0.168164
0.16503900000000002
0.163164
0.161914
0.16253900000000002
0.16253900000000002
0.161914
0.16253900000000002
0.166914
0.16878900000000002
0.174414
0.171914
0.173789
0.172539
0.172539
0.171289
0.173164
0.173164
0.171914
0.171289
0.168164
0.169414
0.16503900000000002
0.164414
0.163164
0.161914
0.16003900000000001
0.160664
0.159414
0.16003900000000001
0.159414
0.158164
0.158164
0.156914
0.156289
0.153789
0.15316400000000002
0.15316400000000002
0.152539
0.151875
0.15125
0.15125
0.151289
0.151289
0.150625
0.145039
0.14625
0.146875
0.144375
0.143164
0.141875
0.141914
0.14125
0.141875
0.1425
0.143164
0.140664
0.14566400000000002
0.140664
0.141289
0.13628900000000002
0.13753900000000002
0.13753900000000002
0.136914
0.136914
0.13753900000000002
0.13753900000000002
0.134414
0.141914
0.13378900000000002
0.13128900000000002
0.131914
0.13253900000000002
0.131914
0.136914
0.139414
0.142539
0.14566400000000002
0.14566400000000002
0.14566400000000002
0.145039
0.14441400000000001
0.143164
0.14566400000000002
0.14566400000000002
0.143789
0.141289
0.141289
0.140039
0.140039
0.13503900000000002
0.13878900000000002
0.135664
0.134414
0.13628900000000002
0.135664
0.13503900000000002
0.134414
0.134414
0.13253900000000002
0.133164
0.129414
0.12878900000000001
0.12878900000000001
0.128164
0.13003900000000002
0.129414
0.128125
0.1275
0.127539
0.1275
0.12878900000000001
0.125
0.131914
0.1225
0.12128900000000001
0.12
0.120625
0.12
0.120625
0.12
0.11875
0.12191400000000001
0.119414
0.119414
0.119414
0.116914
0.11503900000000002
0.116914
0.116914
0.116289
0.116289
0.11566400000000002
0.11441400000000002
0.11441400000000002
0.11566400000000002
0.11316400000000001
0.11503900000000002
0.11191400000000001
0.11316400000000001
0.11128900000000001
0.118789
0.12316400000000001
0.12441400000000001
0.126289
0.127539
0.128164
0.125664
0.125039
0.127539
0.12878900000000001
0.12878900000000001
0.126289
