0.109375
0.111875
0.113125
0.1175
0.12
0.12375
0.120625
0.12125
0.121875
0.123125
0.125625
0.126875
0.125
0.126914
0.12316400000000001
0.125625
0.125664
0.12128900000000001
0.12441400000000001
0.129414
0.133164
0.136914
0.135664
0.135664
0.13753900000000002
0.134414
0.136914
0.135664
0.13628900000000002
0.13628900000000002
0.134414
0.13503900000000002
0.13503900000000002
0.134414
0.13253900000000002
0.134414
0.131914
0.126289
0.13003900000000002
0.129414
0.135664
0.13003900000000002
0.128164
0.128164
0.126914
0.125664
0.126914
0.125664
0.125664
0.12441400000000001
0.12316400000000001
0.12378900000000001
0.12253900000000001
0.12191400000000001
0.12191400000000001
0.12128900000000001
0.120039
0.12066400000000001
0.12066400000000001
0.117539
0.126914
0.125
0.131875
0.139375
0.14375
0.143125
0.144375
0.146875
0.145625
0.146875
0.141875
0.14
0.1425
0.14125
0.13875
0.138125
0.139375
0.139414
0.140039
0.14
0.140039
0.136914
0.13503900000000002
0.13628900000000002
0.136914
0.141289
0.142539
0.14691400000000002
0.148789
0.148789
0.150039
0.15066400000000002
0.150039
0.151289
0.14941400000000002
0.14816400000000002
0.14691400000000002
0.146289
0.147539
0.145039
0.14441400000000001
0.142539
0.141914
0.141914
0.142539
0.141289
0.145039
0.142539
0.142539
0.142539
0.140039
0.141289
0.140664
0.141914
0.141914
0.140039
0.138164
0.13878900000000002
0.13878900000000002
0.142539
0.141289
0.141289
0.141914
0.140039
0.138164
0.140664
0.138164
0.13753900000000002
0.138164
0.139375
0.14441400000000001
0.13753900000000002
0.138125
0.13875
0.139375
0.13875
0.140625
0.138125
0.138125
0.1375
0.136875
0.1425
0.13625
0.1375
0.1375
0.138164
0.13875
0.13878900000000002
0.138164
0.13878900000000002
0.136914
0.139414
0.143164
0.147539
0.15066400000000002
0.156289
0.163164
0.164414
0.171289
0.176289
0.176289
0.173789
0.172539
0.174414
0.177539
0.17941400000000002
0.17816400000000002
0.178789
0.17691400000000002
0.178789
0.178789
0.17691400000000002
0.177539
0.176289
0.175039
0.174414
0.175039
0.173789
0.171914
0.171914
0.170664
0.172539
0.169414
0.16378900000000002
0.168164
0.16878900000000002
0.165664
0.166914
0.165664
0.16753900000000002
0.17003900000000002
0.16878900000000002
0.170664
0.17003900000000002
0.171289
0.17
0.169375
0.169375
0.169375
0.168125
0.168125
0.168125
0.168125
0.168125
0.169375
0.1625
0.16625
0.160664
0.161875
0.1625
0.16253900000000002
0.164414
0.16503900000000002
0.16625
0.165664
0.165625
0.16128900000000002
0.165664
0.16628900000000002
0.168164
0.174414
0.17816400000000002
0.177539
0.17941400000000002
0.182539
0.186289
0.186289
0.186289
0.19378900000000002
0.188164
0.189414
0.19253900000000002
0.186289
0.18441400000000002
0.18441400000000002
0.183789
0.183789
0.183789
0.18191400000000002
0.181289
0.18316400000000002
0.18316400000000002
0.183789
0.186289
0.185039
0.185039
0.185039
0.18566400000000002
0.190039
0.193164
0.195664
0.19753900000000002
0.204414
0.205039
0.203164
0.204414
0.205039
0.206289
0.206289
0.206289
0.206289
0.205039
0.208125
0.214375
0.21875
0.224375
0.23691399999999999
0.246875
0.250625
0.24875
0.248125
0.25125
0.24878899999999998
0.246875
0.248125
0.24878899999999998
0.24375
0.245
0.243164
0.241914
0.24003899999999997
0.237539
0.238164
0.23441399999999998
0.22941399999999998
0.23691399999999999
0.241914
0.249414
0.24503899999999998
0.244414
0.244414
0.24503899999999998
0.244414
0.243164
0.24253899999999998
0.24128899999999998
0.23878899999999997
0.238164
0.236289
0.235039
0.23441399999999998
0.231289
0.22941399999999998
0.228789
0.22816399999999998
0.22941399999999998
0.22566399999999998
0.22691399999999998
0.228789
0.22941399999999998
0.228789
0.22691399999999998
0.225039
0.223789
0.223789
0.225039
0.225039
0.222539
0.22441399999999997
0.221914
0.219414
0.221914
0.22003899999999998
0.21878899999999998
0.218164
0.21753899999999998
0.216914
0.216914
0.21628899999999998
0.20878899999999997
0.215625
0.216914
0.22316399999999997
0.231875
0.235
0.248164
0.258164
0.260664
0.261875
0.26375
0.26875
0.266914
0.268125
0.265625
0.266875
0.266914
0.268789
0.271289
0.271289
0.27066399999999996
0.271914
0.270039
0.278789
0.280039
0.28316399999999997
0.28066399999999997
0.281914
0.281289
0.278789
0.276914
0.275039
0.275039
0.270039
0.272539
0.281289
0.279414
0.28316399999999997
0.289414
0.288164
0.290039
0.290039
0.294414
0.298164
0.295664
0.303164
0.29628899999999997
0.296914
0.292539
0.295664
0.29378899999999997
0.293164
0.29128899999999996
0.290039
0.290664
0.287539
0.285664
0.286914
0.284414
0.285664
0.293164
0.292539
0.297539
0.302539
0.303164
0.308164
0.310664
0.318789
0.320625
0.32503899999999997
0.32
0.32503899999999997
0.335
0.341289
0.343125
0.350039
0.35375
0.354375
0.3525
0.349414
0.34875
0.348125
0.34878899999999996
0.346289
0.34566399999999997
0.344375
0.342539
0.341914
0.346914
0.346914
0.35378899999999996
0.355039
0.360039
0.358164
0.358164
0.356914
0.356914
0.355664
0.354414
0.355664
0.353164
0.350664
0.355664
0.360039
0.358164
0.365039
0.36691399999999996
0.36941399999999996
0.38003899999999996
0.381289
0.388164
0.391914
0.396289
0.396289
0.39816399999999996
0.39816399999999996
0.395039
0.394414
0.395039
0.396289
0.396914
0.39566399999999996
0.395039
0.388789
0.39003899999999997
0.39253899999999997
0.39566399999999996
0.395039
0.39816399999999996
0.40066399999999996
0.402539
0.40066399999999996
0.399414
0.400039
0.398789
0.401289
0.39625
0.3975
0.393789
0.3975
0.39816399999999996
0.3975
0.398789
0.4
0.399414
0.394414
0.399414
0.393125
0.390625
0.396914
0.406914
0.409375
0.419375
0.42753900000000006
0.43066400000000005
0.43128900000000003
0.435039
0.43816400000000005
0.43816400000000005
0.435039
0.43378900000000004
0.434414
0.43316400000000005
0.43378900000000004
0.440039
0.44191400000000003
0.445039
0.447539
0.448164
0.452539
0.450039
0.44941400000000004
0.45128900000000005
0.44941400000000004
0.447539
0.44878900000000005
0.44941400000000004
0.448164
0.447539
0.44378900000000004
0.44628900000000005
0.450039
0.44941400000000004
0.455039
0.45878900000000006
0.46003900000000003
0.458164
0.45691400000000004
0.45628900000000006
0.463164
0.468164
0.47816400000000003
0.46941400000000005
0.46941400000000005
0.47253900000000004
0.468164
0.47191400000000006
0.478789
0.483789
0.484414
0.489414
0.489414
0.49628900000000004
0.497539
0.5031640000000001
0.509375
0.510039
0.509414
0.5075390000000001
0.5075
0.506875
0.50375
0.503125
0.504375
0.501875
0.504375
0.50125
0.5025
0.50125
0.505664
0.5125390000000001
0.5131640000000001
0.516914
0.5175390000000001
0.525039
0.529414
0.530039
0.530039
0.531289
0.531914
0.5337890000000001
0.535039
0.5337890000000001
0.531914
0.532539
0.530039
0.525664
0.525039
0.5225390000000001
0.5225390000000001
0.525664
0.5237890000000001
0.521914
0.5225390000000001
0.5231640000000001
0.5287890000000001
0.530664
0.5331640000000001
0.540664
0.5381640000000001
0.536914
0.536289
0.5394140000000001
0.542539
0.540664
0.540664
0.540039
0.541289
0.545039
0.542539
0.540039
0.5387890000000001
0.5381640000000001
0.535039
0.536289
0.535039
0.5331640000000001
0.5344140000000001
0.536289
0.530039
0.5337890000000001
0.531875
0.530039
0.531875
0.53125
0.53
0.531875
0.541875
0.54875
0.550625
0.558125
0.566289
0.571875
0.571914
0.568789
0.5700390000000001
0.571289
0.572539
0.573789
0.578789
0.5850390000000001
0.5862890000000001
0.598164
0.591914
0.599414
0.6006640000000001
0.604414
0.6162890000000001
0.626289
0.6269140000000001
0.6281640000000001
0.6275390000000001
0.626289
0.625039
0.621289
0.621289
0.6219140000000001
0.621289
0.625039
0.631289
0.6375390000000001
0.641914
0.644414
0.6587890000000001
0.670664
0.676914
0.670664
0.6737890000000001
0.672539
0.671289
0.667539
0.662539
0.6587890000000001
0.655039
0.655039
0.6487890000000001
0.646289
0.645664
0.640664
0.639414
0.635664
0.634414
0.631289
0.6275390000000001
0.623789
0.623164
0.619414
0.61875
0.613164
0.6119140000000001
0.6169140000000001
0.609375
0.609375
0.608125
0.609375
0.6075
0.606875
0.60375
0.603164
0.6025
0.608164
0.621875
0.621289
0.621289
0.621289
0.624414
0.630039
0.631289
0.629414
0.6281640000000001
0.624414
0.624414
0.625039
0.631289
0.636289
0.636914
0.635039
0.645039
0.657539
0.665664
0.665039
0.6637890000000001
0.662539
0.6631640000000001
0.665039
0.6644140000000001
0.662539
0.661914
0.660039
0.657539
0.656289
0.650664
0.645664
0.645664
0.6425390000000001
0.641289
0.638789
0.636289
0.635664
0.6331640000000001
0.6325390000000001
0.634414
0.630664
0.6281640000000001
0.625664
0.625664
0.6219140000000001
0.621289
0.6219140000000001
0.6225390000000001
0.624414
0.625664
0.6275390000000001
0.633125
0.640625
0.64125
0.639375
0.640664
0.641914
0.645
0.65
0.648125
0.65
0.651875
0.65
0.6475390000000001
0.660039
0.659375
0.661914
0.6631640000000001
0.660039
0.662539
0.670664
0.6737890000000001
0.680664
0.682539
0.6787890000000001
0.681289
0.6894140000000001
0.687539
0.686914
0.687539
0.691289
0.698789
0.702539
0.702539
0.7056640000000001
0.702539
0.701289
0.696914
0.6956640000000001
0.691289
0.692539
0.688789
0.685664
0.683789
0.681914
0.682539
0.6844140000000001
0.686914
0.685664
0.688789
0.6906640000000001
0.688789
0.6850390000000001
0.682539
0.6787890000000001
0.676914
0.675664
0.673164
0.673164
0.672539
0.667539
0.667539
0.665039
0.6631640000000001
0.666289
0.667539
0.666914
0.6644140000000001
0.6637890000000001
0.662539
0.668125
0.66875
0.668125
0.67375
0.67625
0.675664
0.671914
0.669375
0.66625
0.666875
0.661875
0.6581640000000001
0.6587890000000001
0.656914
0.6531640000000001
0.650664
0.6487890000000001
0.6487890000000001
0.652539
0.6537890000000001
0.656289
0.651914
0.6487890000000001
0.6475390000000001
0.6481640000000001
0.640664
0.640664
0.639414
0.636914
0.636914
0.635039
0.6331640000000001
0.6319140000000001
0.6331640000000001
0.6325390000000001
0.635039
0.634414
0.6375390000000001
0.6437890000000001
0.646289
0.645664
0.6437890000000001
0.644414
0.645039
0.6437890000000001
0.6425390000000001
0.640664
0.6375390000000001
0.6325390000000001
0.629414
0.629414
0.6269140000000001
0.6275390000000001
0.6269140000000001
0.628789
0.635039
0.646289
0.650039
0.6587890000000001
0.6744140000000001
0.687539
0.6894140000000001
0.685664
0.685664
0.686289
0.6900390000000001
0.6900390000000001
0.69
0.703125
0.7075
0.70375
0.71375
0.716914
0.715039
0.7100390000000001
0.708125
0.708789
0.707539
0.7056640000000001
0.703125
0.703789
0.7006640000000001
0.7006640000000001
0.7000390000000001
0.703789
0.7050390000000001
0.703789
0.7050390000000001
0.7056640000000001
0.697539
0.701289
0.7000390000000001
0.703789
0.701289
0.704414
0.7100390000000001
0.711914
0.706914
0.703164
0.703164
0.6950390000000001
0.693789
0.6900390000000001
0.686289
0.6850390000000001
0.681289
0.6794140000000001
0.675664
0.6737890000000001
0.671914
0.6694140000000001
0.6644140000000001
0.6587890000000001
0.655664
0.651914
0.651289
0.646289
0.6425390000000001
0.639414
0.636914
0.633789
0.6331640000000001
0.630039
0.6275390000000001
0.625039
0.6225390000000001
0.619414
0.6175390000000001
0.613789
0.6125390000000001
0.610039
0.608164
0.6069140000000001
0.605664
0.605664
0.601875
0.60375
0.60125
0.5962890000000001
0.595625
0.59375
0.5906640000000001
0.589375
0.586875
0.58625
0.583789
0.583789
0.584414
0.593789
0.594414
0.598164
0.6006640000000001
0.605039
0.608789
0.6062890000000001
0.610664
0.6112890000000001
0.608164
0.609414
0.6112890000000001
0.6119140000000001
0.6175390000000001
0.623164
0.623164
0.630039
0.6319140000000001
0.6331640000000001
0.628789
0.630664
0.6275390000000001
0.629414
0.6331640000000001
0.633789
0.6319140000000001
0.635664
0.6381640000000001
0.6375390000000001
0.640664
0.641914
0.6425390000000001
0.641914
0.645039
0.640039
0.6437890000000001
0.646289
0.645039
0.6481640000000001
0.649414
0.646914
0.645039
0.640664
0.640664
0.638789
0.636289
0.631289
0.6281640000000001
0.625039
0.6219140000000001
0.619375
0.62
0.6169140000000001
0.615039
0.615039
0.61375
0.615
0.611875
0.6075
0.605664
0.6012890000000001
0.598789
0.595625
0.594375
0.58875
0.5925
0.5856640000000001
0.5806640000000001
0.5812890000000001
0.578164
0.581914
0.583789
0.583789
0.584414
0.592539
0.592539
0.6019140000000001
0.605664
0.605039
0.603164
0.6019140000000001
0.600039
0.598164
0.595039
0.5912890000000001
0.589414
0.587539
0.5806640000000001
0.581914
0.579414
0.577539
0.5756640000000001
0.581914
0.586914
0.5856640000000001
0.588789
0.594414
0.600039
0.595039
0.5962890000000001
0.593164
0.5962890000000001
0.598789
0.604414
0.602539
0.6062890000000001
0.609414
0.610039
0.607539
0.6019140000000001
0.604414
0.598164
0.5962890000000001
0.600039
0.5956640000000001
0.6019140000000001
0.603164
0.605625
0.610625
0.614414
0.6125
0.609375
0.6069140000000001
0.604375
0.602539
0.600625
0.5962890000000001
0.591875
0.5875
0.58375
0.580625
0.58125
0.581875
0.578789
0.575
0.572539
0.5750390000000001
0.5756640000000001
0.578164
0.576289
0.573789
0.5706640000000001
0.5694140000000001
0.566289
0.566289
0.562539
0.562539
0.556914
0.5544140000000001
0.551289
0.5494140000000001
0.545664
0.543164
0.543164
0.5387890000000001
0.5337890000000001
0.532539
0.530664
0.530664
0.529414
0.531289
0.535664
0.536914
0.5444140000000001
0.551914
0.5494140000000001
0.547539
0.547539
0.550664
0.553164
0.5537890000000001
0.556914
0.556289
0.556914
0.556914
0.558164
0.561914
0.561914
0.557539
0.557539
0.555664
0.555664
0.5600390000000001
0.5650390000000001
0.5656640000000001
0.5656640000000001
0.568789
0.57125
0.566875
0.567539
0.56875
0.565
0.5600390000000001
0.559375
0.56375
0.564375
0.565625
0.5700390000000001
0.574375
0.573125
0.568125
0.573125
0.566914
0.571914
0.571914
0.571289
0.568789
0.566914
0.567539
0.566914
0.5644140000000001
0.561289
0.563789
0.5594140000000001
0.563789
0.556914
0.5544140000000001
0.553164
0.551289
0.5487890000000001
0.546289
0.5444140000000001
0.542539
0.540664
0.541914
0.542539
0.543164
0.543164
0.5444140000000001
0.541914
0.546914
0.551289
0.550664
0.543164
0.546289
0.543164
0.545664
0.545039
0.542539
0.5387890000000001
0.5381640000000001
0.535039
0.5331640000000001
0.5331640000000001
0.526289
0.525664
0.529414
0.5287890000000001
0.524414
0.524414
0.525039
0.525664
0.5225390000000001
0.520664
0.52
0.51625
0.521289
0.516875
0.513125
0.509375
0.51125
0.508125
0.505625
0.5025
0.500625
0.5019140000000001
0.4975
0.49628900000000004
0.495039
0.494414
0.504414
0.501289
0.5019140000000001
0.501289
0.500664
0.496914
0.496914
0.500039
0.506289
0.5031640000000001
0.508789
0.5125390000000001
0.5125390000000001
0.511289
0.510039
0.5081640000000001
0.5075390000000001
0.506289
0.505664
0.5025390000000001
0.5025390000000001
0.503789
0.500664
0.501289
0.49816400000000005
0.49878900000000004
0.49816400000000005
0.496914
0.49316400000000005
0.491914
0.48816400000000004
0.48503900000000005
0.48503900000000005
0.48566400000000004
0.483789
0.49066400000000004
0.491914
0.49316400000000005
0.496914
0.49816400000000005
0.503789
0.5019140000000001
0.501289
0.49878900000000004
0.49816400000000005
0.49878900000000004
0.5075390000000001
0.519414
0.52125
0.5325
0.54125
0.5444140000000001
0.541875
0.54125
0.53875
0.536875
0.535625
0.533125
0.532539
0.529375
0.52375
0.5231640000000001
0.521289
0.519414
0.511289
0.514375
0.515664
0.514414
0.5181640000000001
0.5181640000000001
0.5181640000000001
0.514414
0.511914
0.511289
0.510664
0.5069140000000001
0.508789
0.505039
0.5025390000000001
0.497539
0.49628900000000004
0.49378900000000003
0.491914
0.49066400000000004
0.48753900000000006
0.486914
0.48066400000000004
0.47316400000000003
0.47753900000000005
0.47566400000000003
0.47441400000000006
0.47503900000000004
0.47191400000000006
0.47191400000000006
0.470664
0.47441400000000006
0.48066400000000004
0.48003900000000005
0.486914
0.49378900000000003
0.49566400000000005
0.49378900000000003
0.49128900000000003
0.49378900000000003
0.497539
0.49878900000000004
0.497539
0.500664
0.501289
0.497539
0.49628900000000004
0.49316400000000005
0.49566400000000005
0.4925
0.49003900000000006
0.48816400000000004
0.488125
0.493125
0.495625
0.496875
0.4975
0.50625
0.51
0.5075390000000001
0.511289
0.510625
0.509414
0.509414
0.5081640000000001
0.505625
0.505625
0.5025390000000001
0.49878900000000004
0.5075390000000001
0.508789
0.506289
0.505664
0.5019140000000001
0.500039
0.49816400000000005
0.495039
0.49378900000000003
0.489414
0.48816400000000004
0.484414
0.48566400000000004
0.48503900000000005
0.48878900000000003
0.48753900000000006
0.491914
0.49316400000000005
0.49128900000000003
0.489414
0.491914
0.497539
0.49378900000000003
0.501289
0.504414
0.503789
0.5025390000000001
0.5019140000000001
0.5019140000000001
0.500664
0.49878900000000004
0.49816400000000005
0.49628900000000004
0.49316400000000005
0.49003900000000006
0.486914
0.48503900000000005
0.481914
0.481289
0.478789
0.47566400000000003
0.47316400000000003
0.47191400000000006
0.46691400000000005
0.460664
0.463789
0.45941400000000004
0.455664
0.463789
0.46941400000000005
0.470625
0.478125
0.483789
0.48753900000000006
0.48375
0.476875
0.4825
0.48375
0.48625
0.47691400000000006
0.474375
0.474375
0.4725
0.471875
0.47375
0.47753900000000005
0.47816400000000003
0.47753900000000005
0.48878900000000003
0.49316400000000005
0.49253900000000006
0.48878900000000003
0.48878900000000003
0.48816400000000004
0.48816400000000004
0.486289
0.48566400000000004
0.48003900000000005
0.479414
0.47566400000000003
0.473789
0.47316400000000003
0.47191400000000006
0.47003900000000004
0.468789
0.468164
0.46691400000000005
0.46503900000000004
0.460664
0.463164
0.45941400000000004
0.45691400000000004
0.455039
0.45628900000000006
0.45441400000000004
0.453164
0.45128900000000005
0.44878900000000005
0.447539
0.44441400000000003
0.435039
0.44128900000000004
0.44066400000000006
0.44941400000000004
0.44566400000000006
0.44628900000000005
0.450039
0.450039
0.45191400000000004
0.453164
0.455039
0.455664
0.463789
0.473789
0.47753900000000005
0.47691400000000006
0.47625
0.476289
0.475
0.474375
0.475625
0.475625
0.47441400000000006
0.47253900000000004
0.4725
0.474375
0.470625
0.468125
0.47003900000000004
0.470625
0.47125
0.473789
0.47503900000000004
0.47691400000000006
0.49253900000000006
0.49316400000000005
0.504414
0.516914
0.520039
0.5181640000000001
0.5181640000000001
0.519414
0.520039
0.521914
0.5187890000000001
0.520664
0.5131640000000001
0.511914
0.5075390000000001
0.506289
0.506289
0.508789
0.5075390000000001
0.510664
0.513789
0.511914
0.510039
0.5081640000000001
0.505039
0.503789
0.503789
0.5025390000000001
0.499414
0.496914
0.49316400000000005
0.489414
0.48816400000000004
0.48566400000000004
0.48066400000000004
0.48253900000000005
0.47691400000000006
0.47503900000000004
0.473789
0.471289
0.46941400000000005
0.46753900000000004
0.465664
0.46441400000000005
0.46253900000000003
0.46128900000000006
0.45941400000000004
0.45878900000000006
0.455625
0.4525
0.451875
0.4525
0.453125
0.45125
0.453125
0.450625
0.451875
0.4475
0.445039
0.44316400000000006
0.440625
0.44
0.439414
0.439375
0.43816400000000005
0.440039
0.44378900000000004
0.44066400000000006
0.44878900000000005
0.447539
0.44441400000000003
0.445039
0.44378900000000004
0.442539
0.44128900000000004
0.44066400000000006
0.439414
0.43816400000000005
0.440039
0.43566400000000005
0.434414
0.43316400000000005
0.431914
0.429414
0.42816400000000004
0.42628900000000003
0.42628900000000003
0.42503900000000006
0.424414
0.419414
0.421914
0.421289
0.421289
0.42316400000000004
0.421914
0.42066400000000004
0.419414
0.42066400000000004
0.42316400000000004
0.42503900000000006
0.424414
0.43316400000000005
0.43128900000000003
0.431914
0.43003900000000006
0.43316400000000005
0.431914
0.43128900000000003
0.43003900000000006
0.429414
0.42878900000000003
0.424414
0.423789
0.42316400000000004
0.421914
0.421289
0.42003900000000005
0.418125
0.416875
0.41566400000000003
0.415625
0.415625
0.41253900000000004
0.41191400000000006
0.41503900000000005
0.420625
0.42
0.423125
0.425625
0.4325
0.439375
0.440625
0.44128900000000004
0.44566400000000006
0.44628900000000005
0.44566400000000006
0.445039
0.44378900000000004
0.44566400000000006
0.44441400000000003
0.44316400000000006
0.44066400000000006
0.43878900000000004
0.436914
0.43566400000000005
0.431914
0.43128900000000003
0.43316400000000005
0.43128900000000003
0.43128900000000003
0.43003900000000006
0.42753900000000006
0.42566400000000004
0.42316400000000004
0.421289
0.42316400000000004
0.421289
0.42753900000000006
0.42066400000000004
0.42003900000000005
0.41566400000000003
0.41816400000000004
0.41566400000000003
0.41316400000000003
0.41191400000000006
0.409414
0.409414
0.40566399999999997
0.40316399999999997
0.401289
0.39816399999999996
0.397539
0.397539
0.396289
0.393164
0.391289
0.390664
0.388789
0.39003899999999997
0.400039
0.406289
0.41375
0.424375
0.434414
0.44
0.43878900000000004
0.437539
0.439414
0.44066400000000006
0.44128900000000004
0.43878900000000004
0.436914
0.445
0.445039
0.445
0.450625
0.4525
0.4525
0.450664
0.453125
0.455664
0.45441400000000004
0.45691400000000004
0.45191400000000004
0.447539
0.44378900000000004
0.44378900000000004
0.44378900000000004
0.44566400000000006
0.44566400000000006
0.442539
0.442539
0.442539
0.44441400000000003
0.452539
0.45441400000000004
0.447539
0.450664
0.45191400000000004
0.450039
0.44628900000000005
0.442539
0.440039
0.437539
0.437539
0.434414
0.43128900000000003
0.43003900000000006
0.426914
0.42878900000000003
0.431914
0.43003900000000006
0.43128900000000003
0.435039
0.43878900000000004
0.43128900000000003
0.43128900000000003
0.42753900000000006
0.42628900000000003
0.42816400000000004
0.426914
0.424414
0.42253900000000005
0.42066400000000004
0.418789
0.42003900000000005
0.41441400000000006
0.41441400000000006
0.41253900000000004
0.411289
0.407539
0.40566399999999997
0.405039
0.4025
0.401875
0.40316399999999997
0.406875
0.4075
0.414375
0.4075
0.40875
0.409414
0.41375
0.42125
0.421875
0.42003900000000005
0.424375
0.42503900000000006
0.424414
0.42253900000000005
0.421289
0.421914
0.41753900000000005
0.419414
0.41816400000000004
0.416289
0.41503900000000005
0.413789
0.41191400000000006
0.41003900000000004
0.407539
0.405039
0.400039
0.399414
0.398789
0.396289
0.394414
0.391914
0.389414
0.388164
0.38753899999999997
0.383164
0.381289
0.381914
0.38003899999999996
0.38253899999999996
0.385664
0.390664
0.391914
0.396289
0.399414
0.401914
0.399414
0.403789
0.39816399999999996
0.40066399999999996
0.395039
0.398789
0.397539
0.396289
0.394414
0.394414
0.396289
0.393164
0.39566399999999996
0.391914
0.388789
0.388789
0.388164
0.38753899999999997
0.38503899999999996
0.385625
0.383789
0.3825
0.383125
0.38
0.3775
0.37625
0.373125
0.37375
0.3725
0.371875
0.37191399999999997
0.376875
0.381914
0.38503899999999996
0.385664
0.38253899999999996
0.381914
0.38253899999999996
0.385664
0.385664
0.383164
0.380664
0.381289
0.379414
0.379414
0.37691399999999997
0.376289
0.37691399999999997
0.373789
0.370039
0.372539
0.37191399999999997
0.370664
0.370039
0.368789
0.370664
0.367539
0.36441399999999996
0.366289
0.368789
0.37441399999999997
0.367539
0.36441399999999996
0.36441399999999996
0.363164
0.361914
0.362539
0.360664
0.361914
0.360664
0.360039
0.36128899999999997
0.362539
0.366289
0.372539
0.372539
0.38003899999999996
0.384414
0.388164
0.381914
0.38625
0.38003899999999996
0.38375
0.385625
0.385625
0.384375
0.38375
0.3825
0.38
0.38125
0.375625
0.37375
0.37625
0.37625
0.372539
0.371289
0.370664
0.37375
0.376289
0.381289
0.384414
0.381289
0.386914
0.381289
0.38003899999999996
0.375664
0.378164
0.376289
0.375664
0.373789
0.37191399999999997
0.370664
0.368164
0.367539
0.36441399999999996
0.363789
0.362539
0.362539
0.360664
0.358164
0.35628899999999997
0.355664
0.355664
0.355664
0.355664
0.35378899999999996
0.353164
0.351914
0.349414
0.347539
0.34566399999999997
0.344414
0.343789
0.342539
0.34316399999999997
0.34066399999999997
0.337539
0.336914
0.334414
0.338789
0.336914
0.336289
0.335039
0.33316399999999996
0.330664
0.332539
0.328789
0.32503899999999997
0.32753899999999997
0.325664
0.326875
0.324375
0.3225
0.323789
0.325
0.32375
0.32625
0.3225
0.315625
0.319375
0.32
0.314375
0.31753899999999996
0.315664
0.321914
0.323789
0.3275
0.326914
0.326289
0.326289
0.325664
0.32503899999999997
0.323789
0.32003899999999996
0.318789
0.31753899999999996
0.315664
0.31441399999999997
0.312539
0.311289
0.30941399999999997
0.308789
0.307539
0.30441399999999996
0.30441399999999996
0.302539
0.298164
0.296914
0.29628899999999997
0.295664
0.295039
0.292539
0.289414
0.29128899999999996
0.28878899999999996
0.28878899999999996
0.287539
0.286914
0.285039
0.282539
0.281289
0.281914
0.278789
0.272539
0.276914
0.276914
0.273789
0.27316399999999996
0.272539
0.27316399999999996
0.27316399999999996
0.271914
0.271914
0.269414
0.270039
0.266875
0.266875
0.265625
0.264375
0.261875
0.265625
0.26875
0.26875
0.269375
0.273125
0.271914
0.275
0.2725
0.273789
0.27316399999999996
0.280625
0.292539
0.294414
0.29878899999999997
0.299414
0.306289
0.30441399999999996
0.303164
0.305039
0.303164
0.305039
0.303164
0.30191399999999996
0.299414
0.297539
0.29628899999999997
0.294414
0.290664
0.29378899999999997
0.28628899999999996
0.285039
0.280039
0.279414
0.277539
0.273789
0.272539
0.27066399999999996
0.271289
0.268164
0.266289
0.266289
0.263789
0.263789
0.263789
0.261289
0.259414
0.258789
0.25753899999999996
0.25503899999999996
0.254414
0.254414
0.250664
0.251289
0.24878899999999998
0.24503899999999998
0.244414
0.24253899999999998
0.240664
0.237539
0.23691399999999999
0.236875
0.23441399999999998
0.234375
0.230625
0.22875
0.22875
0.228125
0.226875
0.22625
0.22375
0.221875
0.223125
0.22003899999999998
0.222539
0.21625
0.2125
0.218164
0.22125
0.22441399999999997
0.228789
0.230039
0.23066399999999998
0.23066399999999998
0.22816399999999998
0.22441399999999997
0.22691399999999998
0.22816399999999998
0.22566399999999998
0.22441399999999997
0.22316399999999997
0.221914
0.22128899999999999
0.22003899999999998
0.22003899999999998
0.219414
0.21878899999999998
0.215664
0.21753899999999998
0.21878899999999998
0.21753899999999998
0.214414
0.213164
0.213164
0.21503899999999998
0.21378899999999998
0.215664
0.21378899999999998
0.21503899999999998
0.215664
0.21378899999999998
0.211914
0.209414
0.20753899999999997
0.206914
0.20753899999999997
0.206914
0.206289
0.203164
0.20566399999999999
0.202539
0.199414
0.202539
0.20003900000000002
0.19878900000000002
0.198164
0.19753900000000002
0.196914
0.19753900000000002
0.19378900000000002
0.190625
0.19375
0.194375
0.189375
0.191875
0.191875
0.1925
0.19128900000000001
0.18875
0.189414
0.186914
0.186914
0.18441400000000002
0.18375
0.1875
0.189375
0.193164
0.19875
0.199414
0.19878900000000002
0.199414
0.200664
0.194414
0.20003900000000002
0.19753900000000002
0.19753900000000002
0.19628900000000002
0.19503900000000002
0.195664
0.194414
0.19378900000000002
0.193164
0.19378900000000002
0.188164
0.188164
0.189414
0.186914
0.18316400000000002
0.187539
0.18566400000000002
0.18566400000000002
0.186289
0.187539
0.187539
0.18441400000000002
0.191914
0.186289
0.18566400000000002
0.180039
0.182539
0.182539
0.18191400000000002
0.181289
0.181289
0.18191400000000002
0.180039
0.17941400000000002
0.17941400000000002
0.17816400000000002
0.177539
0.178789
0.18066400000000002
0.18441400000000002
0.186914
0.190039
0.195
0.196914
0.20003900000000002
0.195
0.199375
0.19503900000000002
0.19753900000000002
0.198125
0.198164
0.19753900000000002
0.195664
0.195
0.195
0.193125
0.18875
0.191875
0.189375
0.19625
0.200625
0.203789
0.204414
0.203789
0.203164
0.205039
0.202539
0.198164
0.19753900000000002
0.199414
0.201914
0.200664
0.20003900000000002
0.19878900000000002
0.19753900000000002
0.196914
0.199414
0.195664
0.19753900000000002
0.19378900000000002
0.19503900000000002
0.193164
0.190039
0.189414
0.188789
0.188789
0.187539
0.187539
0.187539
0.188789
0.186289
0.187539
0.18441400000000002
0.18441400000000002
0.183789
0.18316400000000002
0.18316400000000002
0.182539
0.181289
0.182539
0.177539
0.180039
0.18191400000000002
0.181289
0.180039
0.18066400000000002
0.180039
0.17816400000000002
0.177539
0.178125
0.178789
0.175039
0.17816400000000002
0.17566400000000001
0.17566400000000001
0.181875
0.186875
0.189414
0.194414
0.201914
0.205625
0.206914
0.2025
0.206875
0.201875
0.208125
0.2125
0.2125
0.21503899999999998
0.21378899999999998
0.21378899999999998
0.214414
0.213164
0.213164
0.21253899999999998
0.208164
0.206289
0.206914
0.206914
0.20566399999999999
0.203164
0.202539
0.200664
0.199414
0.20003900000000002
0.195664
0.19878900000000002
0.196914
0.196914
0.19503900000000002
0.193164
0.193164
0.191914
0.19128900000000001
0.190664
0.19128900000000001
0.187539
0.186914
0.188164
0.186914
0.186914
0.185039
0.183789
0.18316400000000002
0.182539
0.18191400000000002
0.183789
0.18066400000000002
0.188789
0.17941400000000002
0.178789
0.18066400000000002
0.177539
0.17691400000000002
0.17566400000000001
0.17566400000000001
0.175039
0.17691400000000002
0.173789
0.175625
0.173125
0.170664
0.171875
0.173789
0.174375
0.17125
0.17125
0.175
0.17625
0.17875
0.185625
0.18875
0.193125
0.195
0.19875
0.199375
0.199414
0.200664
0.202539
0.203164
0.203164
0.203164
0.202539
0.199414
0.200664
0.19753900000000002
0.19628900000000002
0.195664
0.195664
0.194414
0.19253900000000002
0.194414
0.190664
0.186289
0.188789
0.188164
0.190664
0.186289
0.185039
0.18566400000000002
0.185039
0.18441400000000002
0.186914
0.18441400000000002
0.18566400000000002
0.183789
0.182539
0.181289
0.180039
0.180039
0.17941400000000002
0.178789
0.17816400000000002
0.177539
0.178789
0.181289
0.181289
0.18316400000000002
0.18316400000000002
0.182539
0.18066400000000002
0.181289
0.18191400000000002
0.18066400000000002
0.18191400000000002
0.182539
0.1775
0.180625
0.180625
0.18125
0.182539
0.183125
0.181875
0.18125
0.180625
0.178125
0.17875
0.174375
0.17375
0.184375
0.187539
0.190039
0.189414
0.190664
0.19128900000000001
0.19128900000000001
0.19128900000000001
0.19128900000000001
0.188164
0.188164
0.190039
0.186914
0.19128900000000001
0.18441400000000002
0.18441400000000002
0.18441400000000002
0.18316400000000002
0.182539
0.18191400000000002
0.181289
0.18066400000000002
0.180039
0.17941400000000002
0.177539
0.17566400000000001
0.17691400000000002
0.177539
0.176289
0.17691400000000002
0.176289
0.177539
0.17691400000000002
0.17691400000000002
0.173164
0.175039
0.173164
0.173789
0.173164
0.174414
0.17816400000000002
0.18066400000000002
0.183789
0.18566400000000002
0.188789
0.19253900000000002
0.190039
0.193164
0.193164
0.19378900000000002
0.19378900000000002
0.194414
0.1925
0.194375
0.191914
0.190625
0.190664
0.19125
0.189375
0.190039
0.189414
0.1875
0.1875
0.18625
0.1875
0.18375
0.18441400000000002
0.19125
0.19875
0.20125
0.195664
0.19628900000000002
0.196914
0.19753900000000002
0.195664
0.194414
0.194414
0.19378900000000002
0.189414
0.19128900000000001
0.190039
0.19128900000000001
0.189414
0.188789
0.188789
0.187539
0.186914
0.186914
0.186289
0.186289
0.185039
0.18316400000000002
0.18066400000000002
0.181289
0.180039
0.181289
0.18191400000000002
0.18066400000000002
0.18316400000000002
0.181289
0.175039
0.178789
0.17816400000000002
0.178789
0.17691400000000002
0.17566400000000001
0.17566400000000001
0.174414
0.174414
0.176289
0.173789
0.170664
0.171914
0.172539
0.168164
0.171289
