0.13253900000000002
0.13628900000000002
0.14441400000000001
0.146289
0.15316400000000002
0.156914
0.158164
0.158164
0.16378900000000002
0.169414
0.166914
0.16378900000000002
0.163164
0.163164
0.17003900000000002
0.175039
0.181289
0.19128900000000001
0.196914
0.19378900000000002
0.19628900000000002
0.194414
0.194414
0.194414
0.195664
0.19128900000000001
0.190664
0.189414
0.188164
0.187539
0.185039
0.18441400000000002
0.182539
0.18316400000000002
0.180625
0.182539
0.18191400000000002
0.180039
0.178789
0.178125
0.17625
0.17566400000000001
0.175625
0.176289
0.16878900000000002
0.170625
0.16875
0.1675
0.168125
0.16753900000000002
0.165625
0.164375
0.164375
0.16375
0.16375
0.160664
0.158125
0.161914
0.160664
0.163164
0.16128900000000002
0.160664
0.16003900000000001
0.16128900000000002
0.16878900000000002
0.173164
0.177539
0.186914
0.178789
0.17816400000000002
0.18191400000000002
0.18066400000000002
0.18066400000000002
0.18066400000000002
0.18066400000000002
0.180039
0.178789
0.177539
0.17816400000000002
0.176289
0.17816400000000002
0.177539
0.17691400000000002
0.17816400000000002
0.17691400000000002
0.176289
0.175039
0.173789
0.173164
0.173164
0.173164
0.17003900000000002
0.173789
0.172539
0.172539
0.171914
0.173164
0.172539
0.172539
0.173789
0.17003900000000002
0.169414
0.171914
0.170664
0.17375
0.173164
0.173789
0.173125
0.173164
0.173164
0.175625
0.173125
0.175
0.17125
0.17125
0.17375
0.171875
0.17
0.170625
0.170625
0.17125
0.173164
0.17125
0.17
0.171289
0.172539
0.177539
0.171289
0.171289
0.171914
0.173164
0.178789
0.18441400000000002
0.188789
0.190039
0.190039
0.19253900000000002
0.19253900000000002
0.193164
0.19253900000000002
0.191914
0.19253900000000002
0.191914
0.19128900000000001
0.193164
0.19503900000000002
0.196914
0.19628900000000002
0.19878900000000002
0.198164
0.199414
0.20003900000000002
0.20003900000000002
0.20566399999999999
0.213164
0.215664
0.220664
0.227539
0.239414
0.24128899999999998
0.239414
0.241914
0.244414
0.24628899999999998
0.24378899999999998
0.243164
0.245664
0.243164
0.239414
0.24003899999999997
0.24128899999999998
0.239414
0.24003899999999997
0.23691399999999999
0.23625
0.235
0.235625
0.237539
0.235625
0.23625
0.235625
0.2325
0.233125
0.230625
0.228125
0.229375
0.229375
0.22941399999999998
0.228789
0.22816399999999998
0.22128899999999999
0.227539
0.227539
0.22128899999999999
0.22316399999999997
0.222539
0.222539
0.22566399999999998
0.228789
0.233789
0.237539
0.233789
0.232539
0.237539
0.23691399999999999
0.23566399999999998
0.237539
0.238164
0.236289
0.23566399999999998
0.235039
0.23441399999999998
0.23191399999999998
0.23441399999999998
0.233789
0.233789
0.22941399999999998
0.233789
0.23316399999999998
0.23191399999999998
0.230039
0.228789
0.22816399999999998
0.226289
0.226289
0.22566399999999998
0.22566399999999998
0.226289
0.22691399999999998
0.22691399999999998
0.226289
0.226289
0.22441399999999997
0.225039
0.22441399999999997
0.22691399999999998
0.228789
0.233789
0.236289
0.235039
0.23875
0.246875
0.255
0.25753899999999996
0.2575
0.26
0.259375
0.2625
0.26625
0.27
0.2825
0.294414
0.29875
0.313164
0.325625
0.338125
0.345039
0.347539
0.346289
0.346914
0.345039
0.342539
0.341914
0.338789
0.340039
0.34066399999999997
0.342539
0.343789
0.348164
0.352539
0.353164
0.353164
0.346289
0.34566399999999997
0.344414
0.34066399999999997
0.344414
0.350039
0.350039
0.35128899999999996
0.352539
0.348164
0.348164
0.34878899999999996
0.347539
0.345039
0.341914
0.33816399999999996
0.335039
0.332539
0.331289
0.328789
0.33316399999999996
0.336914
0.336289
0.339414
0.344414
0.347539
0.34566399999999997
0.34316399999999997
0.34316399999999997
0.34316399999999997
0.340039
0.336289
0.336289
0.33316399999999996
0.328789
0.331875
0.329375
0.3275
0.325625
0.325625
0.326875
0.324375
0.314375
0.320625
0.318164
0.314375
0.31375
0.313164
0.313789
0.315
0.313789
0.31441399999999997
0.312539
0.313164
0.310664
0.311289
0.30941399999999997
0.308789
0.310664
0.31441399999999997
0.318789
0.320664
0.32253899999999996
0.32503899999999997
0.319414
0.33003899999999997
0.32753899999999997
0.330664
0.337539
0.336914
0.34066399999999997
0.34066399999999997
0.339414
0.33816399999999996
0.339414
0.33566399999999996
0.33816399999999996
0.341289
0.336289
0.339414
0.33816399999999996
0.33566399999999996
0.335039
0.338789
0.347539
0.349414
0.353164
0.360664
0.363789
0.363164
0.37191399999999997
0.368789
0.36941399999999996
0.367539
0.37191399999999997
0.376289
0.37691399999999997
0.375664
0.37441399999999997
0.381289
0.390625
0.39375
0.393789
0.3925
0.391875
0.39253899999999997
0.393125
0.3925
0.391875
0.39375
0.3925
0.3925
0.39003899999999997
0.386289
0.385625
0.385625
0.384414
0.383789
0.383789
0.383164
0.381289
0.381289
0.378164
0.38253899999999996
0.380664
0.384414
0.39003899999999997
0.39003899999999997
0.39253899999999997
0.39566399999999996
0.400039
0.401289
0.398789
0.40566399999999997
0.411289
0.408789
0.41753900000000005
0.42503900000000006
0.43003900000000006
0.43316400000000005
0.44128900000000004
0.44566400000000006
0.45378900000000005
0.46941400000000005
0.47503900000000004
0.476289
0.47253900000000004
0.47503900000000004
0.476289
0.478789
0.48566400000000004
0.48566400000000004
0.48878900000000003
0.49378900000000003
0.494414
0.48878900000000003
0.49066400000000004
0.48816400000000004
0.48816400000000004
0.486914
0.48503900000000005
0.48253900000000005
0.48003900000000005
0.47816400000000003
0.47691400000000006
0.47316400000000003
0.47503900000000004
0.475
0.47441400000000006
0.471875
0.469375
0.468125
0.466289
0.465
0.465
0.46753900000000004
0.465625
0.471875
0.47125
0.47503900000000004
0.47375
0.47625
0.48003900000000005
0.47816400000000003
0.48003900000000005
0.48066400000000004
0.479414
0.47503900000000004
0.481289
0.47441400000000006
0.473789
0.47441400000000006
0.47753900000000005
0.48503900000000005
0.49253900000000006
0.49253900000000006
0.49003900000000006
0.49066400000000004
0.49066400000000004
0.495039
0.495039
0.494414
0.49566400000000005
0.49628900000000004
0.49378900000000003
0.49316400000000005
0.49316400000000005
0.49316400000000005
0.49378900000000003
0.49316400000000005
0.48753900000000006
0.49253900000000006
0.49628900000000004
0.49878900000000004
0.49628900000000004
0.494414
0.495039
0.496914
0.49878900000000004
0.508789
0.5131640000000001
0.521289
0.532539
0.5337890000000001
0.536914
0.543164
0.550664
0.5494140000000001
0.551914
0.553164
0.553164
0.551914
0.5500390000000001
0.558164
0.551289
0.5494140000000001
0.546914
0.546914
0.5475
0.548125
0.5500390000000001
0.5487890000000001
0.546914
0.542539
0.5387890000000001
0.538125
0.5344140000000001
0.533125
0.534375
0.532539
0.531914
0.531289
0.529414
0.527539
0.526289
0.525664
0.521914
0.5181640000000001
0.5175390000000001
0.521914
0.5231640000000001
0.5231640000000001
0.524414
0.530664
0.536289
0.536289
0.535039
0.5344140000000001
0.530664
0.531289
0.530664
0.5344140000000001
0.546289
0.5494140000000001
0.555664
0.563789
0.571914
0.571289
0.568164
0.568164
0.568164
0.571289
0.577539
0.579414
0.579414
0.581914
0.581914
0.584414
0.5806640000000001
0.5812890000000001
0.578164
0.578164
0.576289
0.5756640000000001
0.5756640000000001
0.572539
0.571289
0.568164
0.568164
0.572539
0.5756640000000001
0.578164
0.5856640000000001
0.5862890000000001
0.587539
0.59375
0.595625
0.598789
0.601875
0.6012890000000001
0.6019140000000001
0.604414
0.60625
0.61
0.61125
0.61125
0.609414
0.606875
0.604414
0.604414
0.608789
0.6169140000000001
0.6169140000000001
0.613789
0.620664
0.620664
0.6281640000000001
0.630664
0.630664
0.6281640000000001
0.6275390000000001
0.628789
0.631289
0.628789
0.623789
0.6269140000000001
0.625039
0.628789
0.6275390000000001
0.630039
0.631289
0.631289
0.629414
0.6275390000000001
0.6269140000000001
0.626289
0.624414
0.623164
0.623164
0.621289
0.620039
0.6225390000000001
0.623789
0.625039
0.624414
0.6225390000000001
0.619414
0.624414
0.620664
0.620664
0.620664
0.618164
0.618164
0.623789
0.628789
0.6275390000000001
0.635664
0.641289
0.646914
0.6481640000000001
0.648125
0.650039
0.652539
0.651914
0.6481640000000001
0.644375
0.641875
0.644375
0.64
0.64375
0.635625
0.6325
0.634375
0.6319140000000001
0.62875
0.6281640000000001
0.624414
0.6225390000000001
0.620664
0.6169140000000001
0.6162890000000001
0.6169140000000001
0.624414
0.629414
0.634414
0.646914
0.655664
0.6587890000000001
0.655664
0.655039
0.6581640000000001
0.666914
0.667539
0.666914
0.6637890000000001
0.661914
0.665664
0.670664
0.671289
0.670039
0.6744140000000001
0.680664
0.685664
0.688789
0.691914
0.697539
0.7006640000000001
0.699414
0.697539
0.702539
0.7062890000000001
0.703789
0.706914
0.707539
0.701914
0.7006640000000001
0.698789
0.6906640000000001
0.691289
0.6900390000000001
0.6900390000000001
0.6894140000000001
0.686289
0.686289
0.681914
0.680664
0.676875
0.6744140000000001
0.671875
0.671289
0.670039
0.6675
0.665
0.661875
0.65875
0.655625
0.6537890000000001
0.65125
0.64875
0.649375
0.6481640000000001
0.645039
0.6431640000000001
0.641914
0.640664
0.6381640000000001
0.636914
0.630039
0.633789
0.633789
0.636914
0.638789
0.636914
0.636914
0.635039
0.635039
0.6381640000000001
0.641289
0.635039
0.640039
0.639414
0.641289
0.6437890000000001
0.641914
0.645664
0.651289
0.6537890000000001
0.660039
0.665664
0.6637890000000001
0.6631640000000001
0.680664
0.688164
0.696289
0.691914
0.7000390000000001
0.706914
0.713164
0.717539
0.717539
0.714414
0.715039
0.7162890000000001
0.717539
0.718789
0.719414
0.715039
0.711914
0.707539
0.7050390000000001
0.703164
0.704414
0.704414
0.704375
0.701914
0.708789
0.7075
0.706914
0.703125
0.698789
0.695625
0.693789
0.69
0.68375
0.68125
0.6787890000000001
0.674375
0.6737890000000001
0.670664
0.6694140000000001
0.665039
0.6637890000000001
0.660664
0.6587890000000001
0.655664
0.6537890000000001
0.660039
0.661914
0.6637890000000001
0.660039
0.657539
0.656289
0.654414
0.651914
0.651289
0.646289
0.645664
0.6437890000000001
0.641289
0.636914
0.634414
0.6325390000000001
0.631289
0.629414
0.6269140000000001
0.626289
0.6281640000000001
0.635039
0.6381640000000001
0.644414
0.645039
0.6475390000000001
0.646289
0.644414
0.6431640000000001
0.641289
0.6431640000000001
0.646289
0.645664
0.646914
0.646914
0.644414
0.645664
0.6431640000000001
0.6431640000000001
0.641914
0.639414
0.6381640000000001
0.6375390000000001
0.636914
0.639414
0.6425
0.646875
0.653125
0.654375
0.651914
0.64875
0.65
0.6525
0.655
0.65125
0.645
0.651875
0.651289
0.6487890000000001
0.646289
0.644414
0.6437890000000001
0.6425390000000001
0.640039
0.638789
0.635664
0.640664
0.6381640000000001
0.640664
0.640039
0.6375390000000001
0.635664
0.635039
0.6331640000000001
0.631289
0.630039
0.630664
0.624414
0.624414
0.620664
0.6225390000000001
0.6219140000000001
0.620039
0.618164
0.615664
0.613164
0.6119140000000001
0.6125390000000001
0.610039
0.6125390000000001
0.605664
0.603789
0.605664
0.609414
0.608789
0.613164
0.615664
0.615664
0.614414
0.6112890000000001
0.604414
0.608164
0.6062890000000001
0.603789
0.603789
0.6006640000000001
0.598789
0.595039
0.591914
0.590039
0.5862890000000001
0.583125
0.580625
0.5775
0.575625
0.574375
0.575625
0.578125
0.575625
0.57875
0.5812890000000001
0.5825
0.579414
0.5775
0.57875
0.578164
0.574414
0.573164
0.571289
0.568164
0.5656640000000001
0.562539
0.561289
0.560664
0.5656640000000001
0.5650390000000001
0.561914
0.5594140000000001
0.555664
0.5537890000000001
0.552539
0.551289
0.548164
0.547539
0.542539
0.5437890000000001
0.535039
0.5331640000000001
0.535664
0.531914
0.535039
0.5331640000000001
0.535664
0.535664
0.5394140000000001
0.536289
0.536289
0.5337890000000001
0.529414
0.531914
0.5381640000000001
0.5394140000000001
0.537539
0.536289
0.535664
0.536289
0.537539
0.536914
0.530664
0.536914
0.543164
0.548164
0.551289
0.5600390000000001
0.562539
0.562539
0.563164
0.564375
0.569375
0.573125
0.575
0.573125
0.570625
0.56875
0.57
0.568789
0.565625
0.562539
0.559375
0.552539
0.55375
0.546914
0.5444140000000001
0.549375
0.5500390000000001
0.553164
0.558789
0.5600390000000001
0.555664
0.557539
0.556289
0.553164
0.558789
0.5537890000000001
0.558164
0.5494140000000001
0.545664
0.542539
0.5381640000000001
0.5344140000000001
0.530664
0.5281640000000001
0.527539
0.5225390000000001
0.520039
0.516289
0.5125390000000001
0.5081640000000001
0.505664
0.503789
0.501289
0.500039
0.49816400000000005
0.49128900000000003
0.489414
0.48566400000000004
0.484414
0.48316400000000004
0.48253900000000005
0.48003900000000005
0.47691400000000006
0.47503900000000004
0.473789
0.473789
0.46753900000000004
0.470664
0.46503900000000004
0.463789
0.46191400000000005
0.45878900000000006
0.45628900000000006
0.455664
0.452539
0.453164
0.45125
0.448164
0.445625
0.44375
0.442539
0.440625
0.440625
0.43816400000000005
0.43628900000000004
0.434375
0.431875
0.431914
0.42878900000000003
0.42753900000000006
0.42753900000000006
0.42625
0.42253900000000005
0.42628900000000003
0.42503900000000006
0.426914
0.42753900000000006
0.426914
0.440039
0.44316400000000006
0.45191400000000004
0.46128900000000006
0.46441400000000005
0.460664
0.458164
0.45691400000000004
0.455664
0.455664
0.45441400000000004
0.455039
0.45441400000000004
0.44878900000000005
0.447539
0.448164
0.445039
0.442539
0.442539
0.44128900000000004
0.43878900000000004
0.43878900000000004
0.436914
0.437539
0.43378900000000004
0.43878900000000004
0.43003900000000006
0.43003900000000006
0.42253900000000005
0.43066400000000005
0.439414
0.442539
0.44878900000000005
0.460664
0.468789
0.468164
0.466289
0.46503900000000004
0.463164
0.463164
0.46503900000000004
0.46441400000000005
0.460664
0.45878900000000006
0.45691400000000004
0.45378900000000005
0.4525
0.44941400000000004
0.445
0.44625
0.44128900000000004
0.44125
0.44566400000000006
0.44691400000000003
0.450664
0.45625
0.458164
0.4575
0.45625
0.455
0.455625
0.450664
0.450039
0.44691400000000003
0.44691400000000003
0.448164
0.44628900000000005
0.44878900000000005
0.453164
0.45441400000000004
0.45628900000000006
0.45378900000000005
0.45191400000000004
0.44628900000000005
0.44628900000000005
0.44441400000000003
0.442539
0.44066400000000006
0.43816400000000005
0.437539
0.43316400000000005
0.42628900000000003
0.42816400000000004
0.42628900000000003
0.42066400000000004
0.42253900000000005
0.421289
0.418789
0.418789
0.41753900000000005
0.41753900000000005
0.416289
0.413789
0.411289
0.40816399999999997
0.406914
0.404414
0.402539
0.400039
0.399414
0.39816399999999996
0.396289
0.396289
0.390664
0.393164
0.39253899999999997
0.393789
0.394414
0.393164
0.391914
0.391289
0.389414
0.39
0.3925
0.3925
0.39816399999999996
0.4
0.40566399999999997
0.4025
0.406914
0.40625
0.410625
0.416875
0.4175
0.42
0.425625
0.434375
0.429375
0.43316400000000005
0.436914
0.43378900000000004
0.432539
0.436914
0.445039
0.44941400000000004
0.452539
0.450039
0.45191400000000004
0.45441400000000004
0.455039
0.455039
0.45378900000000005
0.453164
0.453164
0.45628900000000006
0.46191400000000005
0.46253900000000003
0.46441400000000005
0.46691400000000005
0.466289
0.46191400000000005
0.460664
0.45753900000000003
0.455664
0.453164
0.452539
0.450664
0.452539
0.455664
0.455039
0.45378900000000005
0.46128900000000006
0.46128900000000006
0.46441400000000005
0.46441400000000005
0.46441400000000005
0.463164
0.463164
0.463789
0.46503900000000004
0.45878900000000006
0.460664
0.455039
0.455039
0.45628900000000006
0.45378900000000005
0.452539
0.45128900000000005
0.44941400000000004
0.44878900000000005
0.44941400000000004
0.445625
0.44625
0.444375
0.44191400000000003
0.439414
0.43875
0.43816400000000005
0.435
0.431875
0.431875
0.42875
0.426914
0.42628900000000003
0.42375
0.42316400000000004
0.421289
0.423789
0.42066400000000004
0.42066400000000004
0.42503900000000006
0.426914
0.43066400000000005
0.429414
0.43003900000000006
0.42503900000000006
0.424414
0.42316400000000004
0.42253900000000005
0.421289
0.41816400000000004
0.41753900000000005
0.416289
0.41503900000000005
0.413789
0.41316400000000003
0.421289
0.423789
0.41753900000000005
0.42816400000000004
0.43378900000000004
0.43566400000000005
0.435039
0.43628900000000004
0.43566400000000005
0.43628900000000004
0.432539
0.42816400000000004
0.43003900000000006
0.43066400000000005
0.42878900000000003
0.42566400000000004
0.423789
0.42253900000000005
0.421289
0.419414
0.41816400000000004
0.416289
0.41566400000000003
0.413789
0.411289
0.41191400000000006
0.41316400000000003
0.41191400000000006
0.411289
0.413125
0.41253900000000004
0.416289
0.42
0.416914
0.42878900000000003
0.42503900000000006
0.43003900000000006
0.431875
0.435039
0.436914
0.43628900000000004
0.434375
0.433125
0.435
0.43125
0.4325
0.43628900000000004
0.431914
0.429414
0.429414
0.426914
0.43316400000000005
0.43316400000000005
0.432539
0.431914
0.43378900000000004
0.442539
0.43628900000000004
0.435039
0.43066400000000005
0.43566400000000005
0.439414
0.44128900000000004
0.44191400000000003
0.44066400000000006
0.44066400000000006
0.44316400000000006
0.447539
0.44691400000000003
0.45191400000000004
0.450039
0.455039
0.45753900000000003
0.45691400000000004
0.455664
0.45628900000000006
0.45691400000000004
0.45691400000000004
0.45628900000000006
0.452539
0.452539
0.45191400000000004
0.44691400000000003
0.447539
0.44566400000000006
0.447539
0.45128900000000005
0.45191400000000004
0.455664
0.45941400000000004
0.460664
0.45941400000000004
0.455664
0.45691400000000004
0.45691400000000004
0.46191400000000005
0.466289
0.46691400000000005
0.47003900000000004
0.47566400000000003
0.47253900000000004
0.46941400000000005
0.471875
0.47125
0.47125
0.47191400000000006
0.46875
0.46691400000000005
0.465625
0.461875
0.461875
0.460664
0.452539
0.45753900000000003
0.45753900000000003
0.450664
0.452539
0.453164
0.45753900000000003
0.45878900000000006
0.46128900000000006
0.45878900000000006
0.458164
0.45691400000000004
0.455664
0.45441400000000004
0.45378900000000005
0.45441400000000004
0.452539
0.45191400000000004
0.450039
0.448164
0.44566400000000006
0.44628900000000005
0.44316400000000006
0.442539
0.43878900000000004
0.43878900000000004
0.43878900000000004
0.439414
0.43878900000000004
0.43878900000000004
0.439414
0.437539
0.43566400000000005
0.432539
0.43128900000000003
0.43128900000000003
0.43066400000000005
0.432539
0.43066400000000005
0.429414
0.42878900000000003
0.42878900000000003
0.42753900000000006
0.42878900000000003
0.42566400000000004
0.419414
0.423789
0.42566400000000004
0.42253900000000005
0.42316400000000004
0.421914
0.42316400000000004
0.42753900000000006
0.43
0.4325
0.4375
0.4425
0.440625
0.44066400000000006
0.44375
0.4475
0.446875
0.4475
0.448125
0.448164
0.455039
0.460625
0.45941400000000004
0.469375
0.47316400000000003
0.473789
0.470664
0.47753900000000005
0.47691400000000006
0.47691400000000006
0.47566400000000003
0.47441400000000006
0.473789
0.46691400000000005
0.465664
0.47003900000000004
0.46691400000000005
0.46691400000000005
0.46441400000000005
0.46191400000000005
0.458164
0.45691400000000004
0.45441400000000004
0.452539
0.447539
0.450664
0.44378900000000004
0.44316400000000006
0.447539
0.439414
0.439414
0.43628900000000004
0.43628900000000004
0.43378900000000004
0.43316400000000005
0.43003900000000006
0.42753900000000006
0.42628900000000003
0.42253900000000005
0.421914
0.421289
0.419414
0.41816400000000004
0.416289
0.41503900000000005
0.41441400000000006
0.41253900000000004
0.41253900000000004
0.408789
0.41191400000000006
0.409414
0.408789
0.408789
0.406875
0.406875
0.406289
0.40625
0.405625
0.405
0.405625
0.40375
0.40125
0.400625
0.39875
0.39875
0.396875
0.39566399999999996
0.395625
0.397539
0.394414
0.396914
0.396289
0.402539
0.407539
0.40816399999999997
0.42003900000000005
0.42816400000000004
0.42753900000000006
0.42753900000000006
0.43066400000000005
0.43003900000000006
0.426914
0.432539
0.432539
0.42628900000000003
0.42878900000000003
0.42816400000000004
0.42503900000000006
0.424414
0.423789
0.421914
0.419414
0.418789
0.416289
0.41566400000000003
0.413789
0.41441400000000006
0.418789
0.421289
0.421914
0.42503900000000006
0.42753900000000006
0.42878900000000003
0.42316400000000004
0.424414
0.424414
0.42253900000000005
0.42003900000000005
0.419414
0.418789
0.41566400000000003
0.41441400000000006
0.41253900000000004
0.41066400000000003
0.406914
0.41003900000000004
0.40566399999999997
0.40316399999999997
0.40066399999999996
0.40066399999999996
0.399375
0.396914
0.395039
0.393125
0.393125
0.390625
0.38625
0.38625
0.385
0.380625
0.380664
0.378789
0.37691399999999997
0.375
0.37441399999999997
0.373789
0.372539
0.37191399999999997
0.37191399999999997
0.36941399999999996
0.368789
0.373789
0.377539
0.381289
0.37691399999999997
0.375664
0.375039
0.376289
0.37191399999999997
0.375039
0.372539
0.370664
0.370664
0.367539
0.36691399999999996
0.365664
0.365664
0.363789
0.362539
0.355664
0.355664
0.355664
0.354414
0.354414
0.354414
0.35378899999999996
0.355664
0.358164
0.36128899999999997
0.362539
0.362539
0.36941399999999996
0.36441399999999996
0.365039
0.368789
0.368789
0.36941399999999996
0.37441399999999997
0.377539
0.377539
0.37691399999999997
0.37441399999999997
0.375039
0.376289
0.375039
0.37441399999999997
0.37441399999999997
0.37191399999999997
0.369375
0.3675
0.365
0.36375
0.36375
0.366289
0.368164
0.3725
0.3725
0.3775
0.378125
0.378789
0.38003899999999996
0.381875
0.385625
0.386289
0.385664
0.380625
0.38253899999999996
0.385664
0.386914
0.38753899999999997
0.384414
0.389414
0.391914
0.391914
0.396914
0.39566399999999996
0.391914
0.389414
0.389414
0.388164
0.38753899999999997
0.385664
0.383789
0.38253899999999996
0.378164
0.377539
0.37191399999999997
0.371289
0.368789
0.367539
0.36128899999999997
0.361914
0.360664
0.359414
0.35628899999999997
0.35378899999999996
0.353164
0.35128899999999996
0.350664
0.34878899999999996
0.346914
0.345039
0.344414
0.341914
0.34066399999999997
0.339414
0.339414
0.33566399999999996
0.333789
0.326289
0.32753899999999997
0.328789
0.326914
0.325
0.324375
0.3225
0.321289
0.320625
0.320664
0.32125
0.31625
0.3175
0.31375
0.3125
0.312539
0.31191399999999997
0.3175
0.3225
0.326289
0.33375
0.340039
0.339414
0.34316399999999997
0.33816399999999996
0.341914
0.346289
0.347539
0.345039
0.343789
0.342539
0.342539
0.342539
0.342539
0.342539
0.338789
0.33566399999999996
0.336289
0.336289
0.335039
0.333789
0.33316399999999996
0.331289
0.328164
0.32753899999999997
0.323164
0.325664
0.323789
0.32503899999999997
0.32253899999999996
0.321914
0.320664
0.318164
0.316289
0.31441399999999997
0.315664
0.308164
0.308164
0.308789
0.308164
0.30691399999999996
0.306289
0.305664
0.305664
0.30441399999999996
0.303789
0.303164
0.300039
0.306289
0.297539
0.298164
0.303164
0.298125
0.303164
0.30375
0.3075
0.31375
0.318125
0.315
0.31625
0.313789
0.31125
0.312539
0.311875
0.311875
0.308125
0.308789
0.30875
0.307539
0.306289
0.306289
0.307539
0.310664
0.315039
0.316289
0.31441399999999997
0.313164
0.313164
0.312539
0.312539
0.31191399999999997
0.311289
0.310039
0.308164
0.310039
0.308789
0.306289
0.306289
0.305664
0.305039
0.301289
0.302539
0.300039
0.295664
0.298164
0.297539
0.300664
0.298164
0.29878899999999997
0.29628899999999997
0.295039
0.293164
0.295664
0.291914
0.291914
0.289414
0.29128899999999996
0.288164
0.28878899999999996
0.290039
0.28878899999999996
0.28878899999999996
0.289414
0.288164
0.287539
0.287539
0.285664
0.283789
0.28375
0.283789
0.285039
0.289375
0.295664
0.2975
0.303164
0.31
0.306289
0.31125
0.30875
0.305625
0.30625
0.30625
0.305664
0.305625
0.304375
0.305
0.310664
0.308164
0.308164
0.318789
0.323789
0.328789
0.326289
0.32503899999999997
0.325664
0.326289
0.32753899999999997
0.326289
0.323164
0.323789
0.323164
0.318789
0.32253899999999996
0.315039
0.31441399999999997
0.311289
0.30941399999999997
0.30691399999999996
0.305664
0.303164
0.302539
0.299414
0.29878899999999997
0.298164
0.297539
0.29628899999999997
0.29378899999999997
0.291914
0.290039
0.288164
0.287539
0.28628899999999996
0.285039
0.28066399999999997
0.281914
0.280039
0.280039
0.28066399999999997
0.276289
0.276914
0.27566399999999996
0.27566399999999996
0.271289
0.269414
0.27066399999999996
0.266914
0.268125
0.268164
0.268164
0.266875
0.26875
0.266914
0.268789
0.266875
0.265
0.265
0.26375
0.26125
0.26125
0.261875
0.263125
0.261914
0.26125
0.263164
0.260664
0.264414
0.269414
0.275039
0.27816399999999997
0.271914
0.271914
0.269414
0.27066399999999996
0.270039
0.268164
0.26753899999999997
0.270039
0.264414
0.266289
0.263164
0.26253899999999997
0.261914
0.261289
0.261289
0.26003899999999996
0.259414
0.259414
0.259414
0.259414
0.259414
0.258164
0.255664
0.25503899999999996
0.252539
0.25191399999999997
0.251289
0.250664
0.250664
0.246914
0.24253899999999998
0.24628899999999998
0.245664
0.244414
0.24753899999999998
0.252539
0.253164
0.25753899999999996
0.263164
0.26753899999999997
0.264414
0.261289
0.263789
0.266289
0.26375
0.263789
0.261914
0.263125
0.2625
0.263125
0.26
0.258125
0.2575
0.25375
0.253125
0.25125
0.249375
0.248125
0.246875
0.246914
0.246914
0.24628899999999998
0.24878899999999998
0.24753899999999998
0.254375
0.255664
0.258789
0.259414
0.25753899999999996
0.258789
0.258789
0.260664
0.259414
0.258789
0.25503899999999996
0.255664
0.255664
0.252539
0.250664
0.249414
0.24753899999999998
0.246914
0.244414
0.24503899999999998
0.24503899999999998
0.241914
0.238164
0.24003899999999997
0.239414
0.24003899999999997
0.239414
0.238164
0.236289
0.233789
0.23316399999999998
0.232539
0.230039
0.228789
0.228789
0.22816399999999998
0.22816399999999998
0.22691399999999998
0.22691399999999998
0.22691399999999998
0.22441399999999997
0.223789
0.22316399999999997
0.222539
0.221914
0.21878899999999998
0.220625
0.220664
0.216914
0.2175
0.21625
0.216875
0.214375
0.215
0.214375
0.21125
0.21253899999999998
0.21
0.205625
0.20875
0.20753899999999997
0.20753899999999997
0.206914
0.206289
0.204414
0.211914
0.21253899999999998
0.214414
0.214414
0.216914
0.21753899999999998
0.21753899999999998
0.216914
0.21628899999999998
0.215664
0.21503899999999998
0.215664
0.21378899999999998
0.21378899999999998
0.211914
0.21128899999999998
0.208164
0.208164
0.208164
0.206914
0.204414
0.204414
0.203789
0.203789
0.205039
0.20128900000000002
0.20566399999999999
0.201914
0.203164
0.20128900000000002
0.199414
0.199414
0.198164
0.196914
0.19753900000000002
0.19628900000000002
0.196914
0.198164
0.201914
0.202539
0.203164
0.208164
0.21378899999999998
0.21753899999999998
0.218164
0.218164
0.21628899999999998
0.21753899999999998
0.218125
0.216875
0.2125
0.218125
0.216875
0.21625
0.21375
0.2125
0.2125
0.20875
0.2025
0.205
0.204414
0.198164
0.201875
0.20128900000000002
0.20128900000000002
0.200664
0.20003900000000002
0.20566399999999999
0.20753899999999997
0.210664
0.206914
0.203789
0.205039
0.205039
0.203164
0.20128900000000002
0.20128900000000002
0.200664
0.19878900000000002
0.20003900000000002
0.194414
0.199414
0.199414
0.20003900000000002
0.198164
0.19878900000000002
0.19753900000000002
0.195664
0.19503900000000002
0.19378900000000002
0.194414
0.190664
0.19503900000000002
0.191914
0.193164
0.19128900000000001
0.188789
0.186289
0.185039
0.18441400000000002
0.18566400000000002
0.18441400000000002
0.18191400000000002
0.18066400000000002
0.181289
0.180039
0.186289
0.17941400000000002
0.17816400000000002
0.17691400000000002
0.17566400000000001
0.175039
0.17566400000000001
0.175039
0.174414
0.173125
0.171914
0.174375
0.174375
0.176875
0.179375
0.1775
0.17691400000000002
0.176875
0.1775
0.178125
0.173125
0.175625
0.170664
0.171289
0.170664
0.171914
0.170664
0.173164
0.177539
0.183789
0.183789
0.186914
0.18441400000000002
0.18566400000000002
0.18441400000000002
0.183789
0.18316400000000002
0.18441400000000002
0.182539
0.18191400000000002
0.182539
0.17941400000000002
0.178789
0.18066400000000002
0.177539
0.180039
0.176289
0.175039
0.173789
0.172539
0.172539
0.173789
0.171289
0.173789
0.171914
0.17003900000000002
0.166914
0.169414
0.170664
0.16753900000000002
0.16628900000000002
0.16628900000000002
0.16503900000000002
0.16628900000000002
0.165664
0.16253900000000002
0.16503900000000002
0.161914
0.16378900000000002
0.16378900000000002
0.16378900000000002
0.165664
0.164414
0.16378900000000002
0.16503900000000002
0.161914
0.163164
0.16375
0.16503900000000002
0.163164
0.160625
0.16125
0.16128900000000002
0.16
0.16
0.16
0.156914
0.158164
0.154375
0.15191400000000002
0.153789
0.154375
0.15441400000000002
0.153789
0.159414
0.16128900000000002
0.168164
0.169414
0.16503900000000002
0.169414
0.16628900000000002
0.171914
0.16878900000000002
0.16753900000000002
0.168164
0.166914
0.16628900000000002
0.16628900000000002
0.16503900000000002
0.165664
0.16378900000000002
0.163164
0.161914
0.161914
0.16003900000000001
0.158789
0.159414
0.158789
0.158789
0.16003900000000001
0.153789
0.157539
0.15441400000000002
0.156289
0.156289
0.155664
0.155039
0.155039
0.15441400000000002
0.15191400000000002
0.155664
0.150039
0.153789
0.15191400000000002
0.153789
0.150039
0.15066400000000002
0.151289
0.15066400000000002
0.150039
0.15066400000000002
0.151289
0.14816400000000002
0.155625
0.148125
0.147539
0.148789
0.14691400000000002
0.148125
0.1475
0.14691400000000002
0.145
0.146875
0.143125
0.14625
0.143125
0.14441400000000001
0.14816400000000002
0.143164
0.142539
0.143164
0.14816400000000002
0.152539
0.156914
0.157539
0.157539
0.15441400000000002
0.156289
0.15441400000000002
0.156289
0.157539
0.156914
0.155664
0.155664
0.155039
0.15441400000000002
0.153789
0.15191400000000002
0.15066400000000002
0.14691400000000002
0.14941400000000002
0.14941400000000002
0.146289
0.14941400000000002
0.150039
0.14691400000000002
0.14941400000000002
0.147539
0.148789
0.147539
0.148789
0.146289
0.145039
0.143789
0.142539
0.143164
0.142539
0.143789
0.141289
0.143164
0.140664
0.139414
0.13878900000000002
0.140664
0.140039
0.13878900000000002
0.13753900000000002
0.13753900000000002
0.13625
0.136914
0.136914
