0.130664
0.13753900000000002
0.15191400000000002
0.16128900000000002
0.161914
0.16503900000000002
0.16628900000000002
0.165664
0.16628900000000002
0.16878900000000002
0.16753900000000002
0.165664
0.16628900000000002
0.16503900000000002
0.16628900000000002
0.16503900000000002
0.16253900000000002
0.16753900000000002
0.16628900000000002
0.16378900000000002
0.16753900000000002
0.173789
0.177539
0.180039
0.187539
0.193164
0.19503900000000002
0.189414
0.19125
0.191875
0.1925
0.18875
0.1925
0.191875
0.189375
0.188125
0.186875
0.18625
0.185
0.1975
0.1925
0.19628900000000002
0.200664
0.20878899999999997
0.210664
0.208164
0.20878899999999997
0.21003899999999998
0.209414
0.206914
0.205039
0.205039
0.201914
0.20128900000000002
0.202539
0.200664
0.20003900000000002
0.200664
0.199414
0.20003900000000002
0.199414
0.20128900000000002
0.19878900000000002
0.199414
0.196914
0.19753900000000002
0.19628900000000002
0.20128900000000002
0.204414
0.208164
0.210664
0.210664
0.213164
0.21253899999999998
0.210664
0.209414
0.20878899999999997
0.20566399999999999
0.204414
0.204414
0.203789
0.201914
0.20566399999999999
0.206914
0.21003899999999998
0.21503899999999998
0.221914
0.22003899999999998
0.22941399999999998
0.23191399999999998
0.23066399999999998
0.230039
0.230039
0.232539
0.23066399999999998
0.23316399999999998
0.233125
0.23191399999999998
0.23191399999999998
0.231875
0.231875
0.230625
0.235625
0.239375
0.239375
0.245
0.248125
0.246875
0.248164
0.248125
0.249414
0.253164
0.26253899999999997
0.26753899999999997
0.273789
0.282539
0.288164
0.281914
0.281914
0.284414
0.284414
0.28628899999999996
0.285039
0.28316399999999997
0.282539
0.283789
0.281289
0.282539
0.279414
0.276289
0.281914
0.279414
0.274414
0.280039
0.292539
0.298164
0.308789
0.315664
0.31753899999999996
0.315039
0.319414
0.318164
0.313789
0.308789
0.310664
0.30941399999999997
0.308164
0.306289
0.30441399999999996
0.305039
0.303789
0.303789
0.301289
0.29878899999999997
0.300664
0.302539
0.30191399999999996
0.30191399999999996
0.302539
0.306289
0.308164
0.309375
0.310039
0.313125
0.31125
0.31625
0.31875
0.323125
0.324375
0.33
0.33
0.335
0.340039
0.335039
0.335
0.34
0.341289
0.344414
0.344414
0.344414
0.344414
0.34878899999999996
0.352539
0.355039
0.357539
0.366289
0.363789
0.362539
0.359414
0.36441399999999996
0.363789
0.363164
0.363164
0.361914
0.363164
0.35878899999999997
0.356914
0.355664
0.35628899999999997
0.353164
0.363164
0.370039
0.377539
0.388789
0.397539
0.398789
0.399414
0.40066399999999996
0.396914
0.399414
0.397539
0.396914
0.39566399999999996
0.394414
0.393164
0.390664
0.390664
0.393164
0.400039
0.40316399999999997
0.403789
0.41003900000000004
0.41003900000000004
0.409414
0.41066400000000003
0.41066400000000003
0.40816399999999997
0.409414
0.409414
0.40875
0.406875
0.410625
0.411875
0.416875
0.41
0.4125
0.4175
0.41875
0.41816400000000004
0.42503900000000006
0.42066400000000004
0.425
0.42628900000000003
0.42628900000000003
0.42878900000000003
0.426914
0.42753900000000006
0.42816400000000004
0.42878900000000003
0.42816400000000004
0.426914
0.426914
0.42503900000000006
0.424414
0.42316400000000004
0.42566400000000004
0.42816400000000004
0.432539
0.437539
0.440039
0.45378900000000005
0.46503900000000004
0.46753900000000004
0.466289
0.47753900000000005
0.47503900000000004
0.47816400000000003
0.48066400000000004
0.486289
0.49128900000000003
0.49253900000000006
0.500664
0.510664
0.515664
0.5125390000000001
0.514414
0.5175390000000001
0.514414
0.516289
0.511914
0.508789
0.5069140000000001
0.504414
0.5031640000000001
0.5019140000000001
0.49816400000000005
0.49128900000000003
0.494414
0.49628900000000004
0.499414
0.5031640000000001
0.506289
0.511289
0.516289
0.52
0.51625
0.513789
0.511914
0.510625
0.51125
0.510039
0.50875
0.506289
0.504375
0.500625
0.49875
0.497539
0.49628900000000004
0.495039
0.495
0.49128900000000003
0.494414
0.49128900000000003
0.49066400000000004
0.49066400000000004
0.49066400000000004
0.49003900000000006
0.49003900000000006
0.489414
0.48503900000000005
0.484414
0.48316400000000004
0.481914
0.49128900000000003
0.495039
0.497539
0.505039
0.5069140000000001
0.505664
0.5131640000000001
0.513789
0.511289
0.5131640000000001
0.511289
0.520664
0.526289
0.531914
0.532539
0.540664
0.5437890000000001
0.547539
0.5494140000000001
0.5494140000000001
0.5550390000000001
0.5650390000000001
0.5656640000000001
0.568789
0.579414
0.5850390000000001
0.5862890000000001
0.587539
0.587539
0.5862890000000001
0.589414
0.5862890000000001
0.589414
0.588164
0.593789
0.5956640000000001
0.593164
0.597539
0.600039
0.598789
0.5969140000000001
0.59375
0.592539
0.591914
0.590039
0.585625
0.583164
0.583125
0.5806640000000001
0.5775
0.574414
0.571875
0.57
0.566289
0.568789
0.5656640000000001
0.5650390000000001
0.561914
0.560664
0.558164
0.556289
0.552539
0.5537890000000001
0.548164
0.540664
0.5444140000000001
0.545039
0.543164
0.542539
0.540039
0.540664
0.5394140000000001
0.5387890000000001
0.541914
0.546289
0.5487890000000001
0.550664
0.5537890000000001
0.556289
0.560664
0.5600390000000001
0.561289
0.563789
0.5650390000000001
0.568789
0.5756640000000001
0.5694140000000001
0.579414
0.581914
0.5812890000000001
0.5806640000000001
0.581914
0.588164
0.602539
0.607539
0.613789
0.624414
0.6219140000000001
0.623164
0.6219140000000001
0.626289
0.623789
0.6219140000000001
0.621289
0.618164
0.618164
0.624414
0.6269140000000001
0.623164
0.6225390000000001
0.623789
0.623164
0.621289
0.620625
0.619414
0.61625
0.6125
0.61
0.606875
0.6062890000000001
0.605
0.6025
0.602539
0.6006640000000001
0.599414
0.597539
0.595039
0.592539
0.589414
0.587539
0.588789
0.5962890000000001
0.6012890000000001
0.6012890000000001
0.6112890000000001
0.619414
0.624414
0.625664
0.629414
0.6281640000000001
0.6331640000000001
0.635664
0.630664
0.630039
0.6375390000000001
0.636289
0.636914
0.635039
0.6325390000000001
0.629414
0.6275390000000001
0.625664
0.625664
0.6225390000000001
0.620039
0.6169140000000001
0.621289
0.623789
0.626289
0.628789
0.628789
0.6269140000000001
0.625039
0.624414
0.619414
0.620039
0.6162890000000001
0.613789
0.6125390000000001
0.610039
0.609414
0.6069140000000001
0.605039
0.602539
0.6
0.598164
0.5962890000000001
0.593164
0.59625
0.591875
0.59125
0.5925
0.5906640000000001
0.58875
0.588125
0.591914
0.5925
0.595039
0.6
0.60125
0.6006640000000001
0.5962890000000001
0.5969140000000001
0.5969140000000001
0.595039
0.595039
0.593164
0.5912890000000001
0.588164
0.591914
0.588789
0.589414
0.5906640000000001
0.591914
0.590039
0.591914
0.5912890000000001
0.5912890000000001
0.591914
0.5912890000000001
0.593789
0.5906640000000001
0.5956640000000001
0.605664
0.6019140000000001
0.6019140000000001
0.6019140000000001
0.6006640000000001
0.602539
0.607539
0.610664
0.6119140000000001
0.614414
0.6175390000000001
0.618164
0.615039
0.613164
0.6125390000000001
0.6119140000000001
0.609414
0.608164
0.6069140000000001
0.598164
0.599414
0.5962890000000001
0.6006640000000001
0.605664
0.609414
0.608789
0.6175390000000001
0.62875
0.630625
0.6375390000000001
0.6375390000000001
0.645625
0.651875
0.65375
0.653125
0.65625
0.6525
0.649375
0.6531640000000001
0.656875
0.655039
0.656875
0.6594140000000001
0.6537890000000001
0.650664
0.650664
0.6537890000000001
0.650039
0.646289
0.641914
0.640664
0.638789
0.636914
0.638789
0.6375390000000001
0.6331640000000001
0.630664
0.630039
0.6281640000000001
0.624414
0.621289
0.6175390000000001
0.615664
0.6175390000000001
0.618789
0.6225390000000001
0.624414
0.628789
0.634414
0.636914
0.640039
0.639414
0.636914
0.635664
0.635039
0.631289
0.631289
0.630039
0.628789
0.623789
0.620664
0.6175390000000001
0.614414
0.6119140000000001
0.607539
0.6069140000000001
0.6019140000000001
0.602539
0.5962890000000001
0.5956640000000001
0.597539
0.5912890000000001
0.5969140000000001
0.604414
0.605039
0.61375
0.624375
0.623125
0.6225390000000001
0.62
0.615625
0.613164
0.6125
0.6112890000000001
0.6075
0.605664
0.6019140000000001
0.599414
0.598789
0.597539
0.593164
0.592539
0.586914
0.586914
0.586914
0.5906640000000001
0.593164
0.593164
0.599414
0.605039
0.603789
0.602539
0.6062890000000001
0.610664
0.615664
0.6162890000000001
0.620664
0.628789
0.629414
0.633789
0.640664
0.636914
0.645039
0.655039
0.652539
0.651914
0.650664
0.6475390000000001
0.645039
0.645039
0.6475390000000001
0.6531640000000001
0.650664
0.640039
0.641914
0.645039
0.656289
0.6537890000000001
0.651289
0.649414
0.6475390000000001
0.645664
0.6437890000000001
0.641914
0.640664
0.636914
0.6331640000000001
0.631289
0.6269140000000001
0.625039
0.6225390000000001
0.619414
0.6175
0.61375
0.611875
0.604375
0.605625
0.600039
0.5975
0.5969140000000001
0.595
0.5912890000000001
0.588789
0.586914
0.585625
0.5856640000000001
0.578789
0.578789
0.576914
0.576289
0.574414
0.572539
0.5694140000000001
0.567539
0.566289
0.5656640000000001
0.5650390000000001
0.561289
0.5656640000000001
0.557539
0.5544140000000001
0.553164
0.553164
0.551289
0.5494140000000001
0.5487890000000001
0.548164
0.547539
0.5500390000000001
0.5544140000000001
0.555664
0.556289
0.551289
0.556289
0.5656640000000001
0.568789
0.5700390000000001
0.5756640000000001
0.578789
0.578789
0.578164
0.576289
0.576289
0.5750390000000001
0.5750390000000001
0.573164
0.573164
0.571289
0.5694140000000001
0.568164
0.566289
0.562539
0.5600390000000001
0.5600390000000001
0.5594140000000001
0.561914
0.563164
0.563789
0.568164
0.56875
0.568125
0.5700390000000001
0.571289
0.58375
0.591914
0.594375
0.603164
0.620625
0.62625
0.624375
0.630039
0.6381640000000001
0.640664
0.635664
0.6381640000000001
0.634414
0.6325390000000001
0.636914
0.641914
0.640039
0.641914
0.6475390000000001
0.650039
0.646914
0.6431640000000001
0.6437890000000001
0.640664
0.6375390000000001
0.641289
0.641914
0.6425390000000001
0.644414
0.646289
0.641914
0.6431640000000001
0.645664
0.645039
0.641289
0.6381640000000001
0.635664
0.635664
0.634414
0.636289
0.639414
0.6381640000000001
0.6431640000000001
0.646289
0.641289
0.644414
0.644414
0.638789
0.636289
0.6381640000000001
0.6375390000000001
0.633789
0.630664
0.626289
0.625664
0.620664
0.6125390000000001
0.613789
0.6125390000000001
0.609414
0.605664
0.601875
0.600039
0.5975
0.59375
0.5912890000000001
0.58875
0.586875
0.585625
0.582539
0.581914
0.578789
0.577539
0.5756640000000001
0.573789
0.575
0.573164
0.573125
0.567539
0.5694140000000001
0.561914
0.562539
0.561289
0.562539
0.568164
0.576289
0.576914
0.583789
0.5912890000000001
0.5850390000000001
0.5856640000000001
0.5862890000000001
0.5862890000000001
0.589414
0.5856640000000001
0.583164
0.581914
0.582539
0.589414
0.589414
0.5862890000000001
0.5862890000000001
0.579414
0.5812890000000001
0.5806640000000001
0.577539
0.578789
0.583789
0.593789
0.593789
0.602539
0.610039
0.613164
0.613164
0.610664
0.609414
0.609414
0.607539
0.6062890000000001
0.605664
0.6019140000000001
0.599414
0.598789
0.598164
0.593164
0.592539
0.589414
0.5862890000000001
0.5856640000000001
0.582539
0.58
0.5800390000000001
0.58125
0.5812890000000001
0.578789
0.578164
0.573789
0.573125
0.573125
0.576289
0.581875
0.585625
0.583789
0.58125
0.582539
0.5806640000000001
0.5756640000000001
0.579414
0.576914
0.578164
0.5750390000000001
0.572539
0.5700390000000001
0.568789
0.5656640000000001
0.566914
0.563164
0.5544140000000001
0.558789
0.558164
0.5550390000000001
0.5537890000000001
0.551289
0.5500390000000001
0.552539
0.563789
0.568164
0.5800390000000001
0.586914
0.5862890000000001
0.5862890000000001
0.588164
0.588164
0.588164
0.586914
0.583164
0.5800390000000001
0.576289
0.5756640000000001
0.5706640000000001
0.567539
0.5656640000000001
0.561914
0.561914
0.560664
0.558164
0.555664
0.553164
0.552539
0.551289
0.547539
0.547539
0.543164
0.5394140000000001
0.5331640000000001
0.5375
0.536875
0.535664
0.5344140000000001
0.535039
0.5394140000000001
0.542539
0.53625
0.545625
0.553125
0.559375
0.553125
0.55625
0.556914
0.557539
0.556289
0.5575
0.555664
0.555664
0.553164
0.556289
0.558164
0.556289
0.5550390000000001
0.5544140000000001
0.5550390000000001
0.556914
0.561289
0.561289
0.5594140000000001
0.563164
0.563789
0.5650390000000001
0.5700390000000001
0.5700390000000001
0.5750390000000001
0.576289
0.576289
0.576914
0.576914
0.571914
0.574414
0.5750390000000001
0.571914
0.5694140000000001
0.568164
0.5694140000000001
0.566289
0.5650390000000001
0.5650390000000001
0.563164
0.557539
0.563789
0.551914
0.5537890000000001
0.5437890000000001
0.547539
0.545664
0.546289
0.540664
0.5381640000000001
0.5381640000000001
0.5337890000000001
0.531289
0.5287890000000001
0.525039
0.525039
0.526289
0.524375
0.5225390000000001
0.5225390000000001
0.523125
0.521875
0.52
0.5187890000000001
0.513125
0.513789
0.50875
0.506289
0.503789
0.50125
0.499414
0.5
0.49875
0.49816400000000005
0.496914
0.49566400000000005
0.491914
0.49128900000000003
0.48753900000000006
0.48566400000000004
0.483789
0.481914
0.48003900000000005
0.47816400000000003
0.47753900000000005
0.47441400000000006
0.476289
0.471289
0.46941400000000005
0.47753900000000005
0.48066400000000004
0.48316400000000004
0.48566400000000004
0.49066400000000004
0.49378900000000003
0.495039
0.49378900000000003
0.48816400000000004
0.49378900000000003
0.495039
0.49566400000000005
0.49378900000000003
0.495039
0.491914
0.489414
0.48816400000000004
0.486914
0.484414
0.48253900000000005
0.479414
0.47503900000000004
0.47503900000000004
0.47441400000000006
0.471289
0.470664
0.468789
0.465664
0.46441400000000005
0.46753900000000004
0.463789
0.46503900000000004
0.465664
0.468789
0.47316400000000003
0.470625
0.468164
0.466875
0.465625
0.46375
0.461875
0.4575
0.460625
0.455039
0.45128900000000005
0.44941400000000004
0.448125
0.45
0.45878900000000006
0.460625
0.4625
0.47003900000000004
0.47003900000000004
0.46691400000000005
0.470664
0.47003900000000004
0.476289
0.47441400000000006
0.471289
0.471289
0.46941400000000005
0.468789
0.468789
0.465664
0.466289
0.463164
0.46191400000000005
0.45753900000000003
0.45628900000000006
0.453164
0.45691400000000004
0.45753900000000003
0.46003900000000003
0.45878900000000006
0.45691400000000004
0.453164
0.455664
0.45441400000000004
0.45128900000000005
0.44941400000000004
0.44628900000000005
0.44378900000000004
0.44066400000000006
0.437539
0.434414
0.43378900000000004
0.42628900000000003
0.42316400000000004
0.42566400000000004
0.42316400000000004
0.421289
0.41816400000000004
0.416289
0.413789
0.41066400000000003
0.409414
0.408789
0.40566399999999997
0.41441400000000006
0.411289
0.409414
0.410625
0.416914
0.419414
0.41816400000000004
0.416875
0.415
0.4175
0.4175
0.418125
0.418125
0.414375
0.41625
0.425625
0.425625
0.42566400000000004
0.42566400000000004
0.42566400000000004
0.424414
0.421914
0.423789
0.423789
0.43316400000000005
0.42878900000000003
0.43628900000000004
0.440039
0.439414
0.436914
0.434414
0.43128900000000003
0.43128900000000003
0.43066400000000005
0.42816400000000004
0.43316400000000005
0.43628900000000004
0.431914
0.431914
0.43378900000000004
0.44191400000000003
0.44128900000000004
0.440039
0.44066400000000006
0.43628900000000004
0.437539
0.43878900000000004
0.44628900000000005
0.44066400000000006
0.44191400000000003
0.44066400000000006
0.439414
0.440039
0.44128900000000004
0.445039
0.44128900000000004
0.44128900000000004
0.442539
0.44128900000000004
0.43816400000000005
0.43878900000000004
0.43566400000000005
0.43378900000000004
0.432539
0.43066400000000005
0.42878900000000003
0.42628900000000003
0.423789
0.419414
0.416289
0.41503900000000005
0.41375
0.4175
0.42
0.421875
0.428125
0.43
0.43
0.421875
0.4225
0.425625
0.429375
0.432539
0.434414
0.438125
0.44066400000000006
0.439414
0.437539
0.436914
0.432539
0.432539
0.43003900000000006
0.42753900000000006
0.42316400000000004
0.421289
0.418789
0.416289
0.41503900000000005
0.41503900000000005
0.41253900000000004
0.407539
0.41066400000000003
0.40316399999999997
0.403789
0.394414
0.401914
0.402539
0.407539
0.406914
0.40566399999999997
0.406289
0.406289
0.405039
0.401914
0.399414
0.397539
0.398789
0.39566399999999996
0.393789
0.39253899999999997
0.390664
0.389414
0.38753899999999997
0.38503899999999996
0.386289
0.386289
0.384414
0.381289
0.380664
0.378789
0.378164
0.378789
0.381914
0.384414
0.380664
0.38003899999999996
0.38253899999999996
0.38625
0.39625
0.399414
0.39875
0.399375
0.39875
0.3975
0.40375
0.404375
0.411289
0.405625
0.408125
0.407539
0.404414
0.406289
0.405625
0.405039
0.404414
0.403789
0.401914
0.402539
0.398789
0.395039
0.391289
0.393789
0.393164
0.391289
0.39003899999999997
0.39003899999999997
0.388164
0.386914
0.386914
0.38503899999999996
0.381289
0.38253899999999996
0.388789
0.391289
0.393789
0.394414
0.393164
0.393789
0.394414
0.39566399999999996
0.393164
0.39253899999999997
0.393164
0.393789
0.391914
0.391289
0.390664
0.388789
0.388789
0.389414
0.385664
0.380664
0.38503899999999996
0.383164
0.381289
0.383164
0.38253899999999996
0.380664
0.379414
0.377539
0.38003899999999996
0.376289
0.376289
0.375625
0.375039
0.37375
0.371875
0.371875
0.3725
0.37125
0.370664
0.37
0.369375
0.370039
0.366875
0.365
0.36441399999999996
0.364375
0.364375
0.364375
0.362539
0.362539
0.362539
0.363789
0.35878899999999997
0.363789
0.361914
0.361914
0.363164
0.362539
0.360664
0.360664
0.360039
0.360039
0.360664
0.355664
0.355664
0.353164
0.356914
0.36128899999999997
0.366289
0.36691399999999996
0.36691399999999996
0.367539
0.36941399999999996
0.368789
0.366289
0.373789
0.370664
0.370039
0.367539
0.366289
0.36441399999999996
0.36441399999999996
0.361914
0.36128899999999997
0.36128899999999997
0.35878899999999997
0.35878899999999997
0.356914
0.355039
0.355039
0.355039
0.35878899999999997
0.365039
0.365039
0.372539
0.378789
0.38003899999999996
0.379414
0.37875
0.376875
0.37875
0.375
0.375
0.37441399999999997
0.3725
0.371875
0.368125
0.366875
0.3625
0.3575
0.356914
0.351914
0.35375
0.354414
0.357539
0.356914
0.357539
0.356914
0.359414
0.355664
0.350664
0.35378899999999996
0.35128899999999996
0.350039
0.349414
0.347539
0.34566399999999997
0.34316399999999997
0.341914
0.342539
0.33816399999999996
0.33003899999999997
0.334414
0.33816399999999996
0.337539
0.345039
0.34566399999999997
0.343789
0.342539
0.341914
0.34066399999999997
0.34066399999999997
0.341289
0.336289
0.337539
0.334414
0.331914
0.33003899999999997
0.32753899999999997
0.325664
0.323164
0.321914
0.321289
0.32253899999999996
0.328789
0.33003899999999997
0.333789
0.33816399999999996
0.33816399999999996
0.336914
0.335039
0.334414
0.331289
0.330664
0.328164
0.323789
0.325625
0.324414
0.328164
0.32125
0.320625
0.318125
0.316289
0.31125
0.312539
0.308125
0.305625
0.31191399999999997
0.315039
0.323125
0.31875
0.320664
0.320664
0.32503899999999997
0.329414
0.33003899999999997
0.32753899999999997
0.328164
0.325664
0.325664
0.32503899999999997
0.323789
0.326914
0.33003899999999997
0.328789
0.33316399999999996
0.336289
0.336289
0.329414
0.335039
0.341289
0.34066399999999997
0.341289
0.338789
0.33816399999999996
0.342539
0.34878899999999996
0.34878899999999996
0.34878899999999996
0.344414
0.344414
0.350039
0.353164
0.355664
0.355039
0.357539
0.355664
0.355664
0.35378899999999996
0.355664
0.355039
0.35378899999999996
0.350039
0.347539
0.348164
0.345039
0.343789
0.341289
0.337539
0.335039
0.33566399999999996
0.33316399999999996
0.331875
0.330625
0.33
0.328789
0.328164
0.325
0.323125
0.320625
0.318125
0.316289
0.313789
0.3125
0.308125
0.30625
0.30625
0.302539
0.301875
0.300664
0.29878899999999997
0.296914
0.295664
0.294414
0.293164
0.293164
0.289414
0.288164
0.288164
0.286914
0.28628899999999996
0.284414
0.284414
0.28066399999999997
0.282539
0.279414
0.282539
0.285039
0.285039
0.289414
0.291914
0.289414
0.29128899999999996
0.293164
0.292539
0.293164
0.290664
0.29128899999999996
0.289414
0.28878899999999996
0.290664
0.284414
0.282539
0.281914
0.281914
0.28066399999999997
0.280039
0.28066399999999997
0.28066399999999997
0.276289
0.27816399999999997
0.276289
0.27566399999999996
0.279414
0.287539
0.290664
0.298164
0.30691399999999996
0.312539
0.310625
0.31191399999999997
0.3125
0.313164
0.310039
0.31191399999999997
0.31125
0.31
0.30875
0.306875
0.30625
0.303125
0.300625
0.299375
0.29875
0.297539
0.29878899999999997
0.298164
0.296914
0.298164
0.295664
0.296914
0.292539
0.290039
0.294414
0.295664
0.30191399999999996
0.295664
0.295664
0.295664
0.29378899999999997
0.293164
0.292539
0.290664
0.296914
0.297539
0.30191399999999996
0.303789
0.301289
0.30191399999999996
0.302539
0.303164
0.303164
0.30441399999999996
0.305039
0.297539
0.305664
0.302539
0.302539
0.302539
0.303789
0.30191399999999996
0.301289
0.301289
0.299414
0.300039
0.295039
0.29878899999999997
0.298164
0.29878899999999997
0.296914
0.296914
0.295664
0.29378899999999997
0.29378899999999997
0.295039
0.295625
0.2925
0.29378899999999997
0.29628899999999997
0.30441399999999996
0.308125
0.31753899999999996
0.328125
0.331875
0.3325
0.33125
0.331914
0.331289
0.33003899999999997
0.330625
0.329375
0.32753899999999997
0.33003899999999997
0.328164
0.325664
0.325664
0.325664
0.33003899999999997
0.335039
0.337539
0.33816399999999996
0.347539
0.34566399999999997
0.347539
0.35128899999999996
0.352539
0.35628899999999997
0.360039
0.360039
0.359414
0.36441399999999996
0.365039
0.365664
0.365664
0.36441399999999996
0.362539
0.36128899999999997
0.36128899999999997
0.36128899999999997
0.35878899999999997
0.36128899999999997
0.35878899999999997
0.353164
0.350664
0.34878899999999996
0.355039
0.360039
0.360039
0.36691399999999996
0.372539
0.372539
0.373789
0.372539
0.373789
0.370664
0.36691399999999996
0.365664
0.36441399999999996
0.362539
0.359414
0.357539
0.355664
0.354414
0.35378899999999996
0.354414
0.350625
0.351875
0.349375
0.350039
0.34878899999999996
0.346875
0.345
0.3425
0.3425
0.34625
0.343125
0.346875
0.35375
0.356914
0.355039
0.353164
0.35128899999999996
0.351914
0.354414
0.35628899999999997
0.35878899999999997
0.35628899999999997
0.36128899999999997
0.361914
0.36441399999999996
0.36128899999999997
0.361914
0.36128899999999997
0.360664
0.361914
0.361914
0.363789
0.365039
0.373164
0.373164
0.368164
0.372539
0.36441399999999996
0.363789
0.363164
0.361914
0.36128899999999997
0.360664
0.35878899999999997
0.360039
0.359414
0.360664
0.361914
0.367539
0.370039
0.37191399999999997
0.371289
0.37191399999999997
0.370039
0.370664
0.365664
0.36941399999999996
0.363164
0.363789
0.363164
0.363164
0.36128899999999997
0.359414
0.359414
0.35628899999999997
0.356914
0.35128899999999996
0.351875
0.350625
0.351875
0.349375
0.348125
0.347539
0.345
0.343125
0.3425
0.3425
0.33875
0.34566399999999997
0.33875
0.338789
0.336914
0.339414
0.336914
0.33816399999999996
0.336914
0.336914
0.33816399999999996
0.33566399999999996
0.336914
0.334414
0.331914
0.331914
0.333789
0.335039
0.334414
0.33316399999999996
0.33316399999999996
0.33816399999999996
0.34066399999999997
0.34566399999999997
0.34566399999999997
0.348164
0.346289
0.345039
0.346914
0.347539
0.347539
0.347539
0.346914
0.347539
0.347539
0.346289
0.34316399999999997
0.341914
0.341289
0.34066399999999997
0.339414
0.337539
0.338789
0.336289
0.338789
0.336289
0.333789
0.334414
0.335039
0.336914
0.335039
0.333789
0.33566399999999996
0.33566399999999996
0.335039
0.3375
0.334375
0.335
0.333125
0.333125
0.3325
0.3325
0.331875
0.329375
0.329375
0.328125
0.3275
0.3275
0.328164
0.3275
0.32753899999999997
0.32753899999999997
0.32753899999999997
0.326289
0.325664
0.325664
0.326289
0.32503899999999997
0.325664
0.321289
0.324414
0.32503899999999997
0.324414
0.329414
0.336289
0.33816399999999996
0.341914
0.346914
0.349414
0.35378899999999996
0.355664
0.355039
0.354414
0.351914
0.351914
0.354414
0.355664
0.35378899999999996
0.352539
0.353164
0.353164
0.350664
0.341289
0.345039
0.346914
0.344414
0.34316399999999997
0.341289
0.339414
0.337539
0.33566399999999996
0.334414
0.332539
0.331289
0.329414
0.328789
0.328164
0.32753899999999997
0.32503899999999997
0.323789
0.321914
0.32125
0.320664
0.32003899999999996
0.316289
0.316875
0.3125
0.315
0.313125
0.3125
0.310664
0.309375
0.308164
0.305
0.305625
0.300625
0.299414
0.302539
0.299414
0.30191399999999996
0.298164
0.29878899999999997
0.298164
0.296914
0.295039
0.29628899999999997
0.292539
0.290664
0.29378899999999997
0.298164
0.29628899999999997
0.301289
0.307539
0.311289
0.31191399999999997
0.31441399999999997
0.316914
0.315664
0.315664
0.311289
0.311289
0.30691399999999996
0.306289
0.307539
0.30691399999999996
0.305664
0.305664
0.30441399999999996
0.303789
0.30191399999999996
0.296914
0.295039
0.294414
0.293164
0.292539
0.292539
0.291914
0.291914
0.30191399999999996
0.310664
0.315664
0.328164
0.336914
0.338789
0.336914
0.33816399999999996
0.33816399999999996
0.339414
0.336914
0.33316399999999996
0.33375
0.329375
0.32375
0.324375
0.32375
0.319375
0.318789
0.315664
0.312539
0.310625
0.30625
0.306289
0.303125
0.30691399999999996
0.314375
0.315664
0.326289
0.326289
0.326289
0.324414
0.321914
0.318789
0.320664
0.326289
0.331289
0.328789
0.331289
0.333789
0.336914
0.334414
0.33316399999999996
0.333789
0.335039
0.33566399999999996
0.335039
0.330664
0.331289
0.326914
0.326289
0.326289
0.325664
0.324414
0.325664
0.325664
0.326914
0.326914
0.326914
0.332539
0.32503899999999997
0.33003899999999997
0.326914
0.329414
0.331914
0.331914
0.335039
0.33566399999999996
0.340039
0.339414
0.331914
0.337539
0.33566399999999996
0.330664
0.331289
0.33003899999999997
0.328789
0.32625
0.325
0.323125
0.32
0.3175
0.31875
0.3175
0.3175
0.315
0.313125
0.31125
0.308164
0.30625
0.303789
0.303125
0.300625
0.300625
0.296914
0.303164
0.30441399999999996
0.306289
0.310664
0.313789
0.315039
0.313789
0.313789
0.310039
0.313164
0.31191399999999997
0.306289
0.306289
0.306289
0.305664
0.311289
0.31441399999999997
0.318789
0.321289
0.318164
0.315039
0.312539
0.318164
0.316289
0.32003899999999996
0.319414
0.318164
0.318789
0.318164
0.318789
0.315039
0.313789
0.31191399999999997
0.311289
0.308164
0.307539
0.307539
0.305039
0.30441399999999996
0.303164
0.30191399999999996
0.305039
0.303164
0.299414
0.30191399999999996
0.298164
0.299414
0.298164
0.298164
0.30191399999999996
0.305039
0.30691399999999996
0.31191399999999997
0.31753899999999996
0.319375
0.318789
0.318164
0.31753899999999996
0.316875
0.31753899999999996
0.316875
0.315
0.314375
0.315
0.314375
0.310039
0.313789
0.313164
0.310664
0.31191399999999997
0.310664
0.30941399999999997
0.30941399999999997
0.30691399999999996
0.308789
0.30691399999999996
0.300664
0.306289
0.303789
0.30941399999999997
0.30441399999999996
0.305664
0.311289
0.315664
0.318164
0.318789
0.318164
0.318789
0.316914
0.31753899999999996
0.318164
0.31753899999999996
0.31753899999999996
0.31753899999999996
0.31753899999999996
0.318164
0.316289
0.315039
0.310664
0.311289
0.313164
0.31191399999999997
0.31191399999999997
0.31191399999999997
0.311289
0.310664
0.310039
0.310039
0.310664
0.308164
0.313164
0.311289
0.311289
0.311289
0.313164
0.31191399999999997
0.311289
0.31125
0.31191399999999997
0.31191399999999997
0.31
0.305625
0.309375
0.310039
0.314375
0.308125
0.30691399999999996
0.306289
0.305039
0.30375
0.305039
0.305625
0.305
0.303789
0.303164
0.302539
0.303164
0.302539
0.30191399999999996
0.300664
0.300039
0.299414
0.300664
0.300664
0.296914
0.29878899999999997
0.296914
0.298164
0.30191399999999996
0.303789
0.308164
0.310039
0.30941399999999997
0.310664
0.305664
0.307539
0.308164
0.30941399999999997
0.307539
0.307539
0.308164
0.307539
0.307539
0.306289
0.30691399999999996
0.303164
0.308789
0.300039
0.300664
0.294414
0.298164
0.297539
0.296914
0.29628899999999997
0.295664
0.296914
0.293164
0.291914
0.291914
0.290039
0.289414
0.29128899999999996
0.290664
0.28875
0.28878899999999996
0.287539
0.286914
0.286875
0.28875
0.285
0.28625
0.2825
0.2825
0.28125
0.279375
0.27875
0.2775
0.276914
0.27875
0.277539
0.27625
0.276289
0.277539
0.27316399999999996
0.272539
0.269414
0.268789
0.268164
0.266914
0.266289
0.26503899999999997
0.265664
0.263164
0.263789
0.259414
0.264414
0.268164
0.271289
0.271914
0.271914
0.272539
0.27066399999999996
0.260664
0.266289
0.264414
0.27066399999999996
0.263789
0.263164
0.261289
0.261914
0.26003899999999996
0.25753899999999996
0.256289
0.255664
0.25503899999999996
0.253164
0.251289
0.249414
0.246914
0.24753899999999998
0.24628899999999998
0.24628899999999998
0.243164
0.243164
0.236289
0.238164
0.23566399999999998
0.23441399999999998
0.236289
0.23566399999999998
0.23441399999999998
0.23316399999999998
0.232539
0.23125
0.23125
0.228125
0.231875
0.228125
0.228125
0.223125
0.223125
0.221875
0.21875
0.21875
0.219414
0.218125
0.215
0.221914
0.21503899999999998
0.21378899999999998
0.208164
0.211914
0.21128899999999998
0.21003899999999998
0.20753899999999997
0.206289
0.206289
0.203789
0.20566399999999999
0.201914
0.200664
0.200664
0.20566399999999999
0.209414
0.210664
0.209414
0.208164
0.20566399999999999
0.20566399999999999
0.204414
0.203789
0.203164
0.20128900000000002
0.200664
0.20003900000000002
0.20003900000000002
0.199414
0.19753900000000002
0.195664
0.19503900000000002
0.188789
0.186914
0.190039
0.185039
0.188164
0.18566400000000002
0.185039
0.185039
0.182539
0.180039
0.180039
0.177539
0.18191400000000002
0.174414
0.175039
0.177539
0.171289
0.17003900000000002
0.169375
0.168125
0.1675
0.16875
0.16625
0.16628900000000002
0.165
0.16125
0.158125
0.159375
0.1575
0.156289
0.155625
0.155
0.154375
0.15441400000000002
0.15441400000000002
0.15191400000000002
0.15316400000000002
0.148789
0.14941400000000002
0.148789
0.14816400000000002
0.146289
0.14566400000000002
0.143789
0.14441400000000001
0.142539
0.141289
0.141289
0.14691400000000002
0.14941400000000002
0.153789
0.15316400000000002
0.152539
0.15191400000000002
0.15066400000000002
0.14941400000000002
0.14816400000000002
0.15066400000000002
0.14816400000000002
0.14941400000000002
0.145039
0.14691400000000002
0.146289
0.146289
0.145039
0.141914
0.145039
0.141914
0.138164
0.140039
0.141289
