0.12253900000000001
0.12316400000000001
0.12066400000000001
0.12253900000000001
0.12316400000000001
0.12128900000000001
0.12191400000000001
0.12191400000000001
0.12128900000000001
0.120039
0.119414
0.117539
0.116914
0.118164
0.118164
0.116914
0.118164
0.125664
0.129414
0.13253900000000002
0.13253900000000002
0.12878900000000001
0.13128900000000002
0.129414
0.130664
0.129414
0.130664
0.13003900000000002
0.129414
0.12878900000000001
0.129414
0.129414
0.126914
0.13128900000000002
0.12878900000000001
0.12316400000000001
0.126289
0.125039
0.12378900000000001
0.123125
0.123125
0.123125
0.124375
0.1225
0.118125
0.1225
0.1225
0.120625
0.121875
0.12
0.12
0.11875
0.11875
0.12128900000000001
0.120625
0.12128900000000001
0.120625
0.12128900000000001
0.120039
0.119414
0.118789
0.118164
0.116914
0.116914
0.116914
0.116289
0.11378900000000002
0.116289
0.11003900000000001
0.11503900000000002
0.11441400000000002
0.11441400000000002
0.11253900000000001
0.11253900000000001
0.11253900000000001
0.11316400000000001
0.11253900000000001
0.10878900000000001
0.11316400000000001
0.11566400000000002
0.116289
0.120039
0.126914
0.130664
0.13253900000000002
0.139414
0.140664
0.140664
0.140039
0.141914
0.139414
0.140664
0.143164
0.13878900000000002
0.139414
0.13878900000000002
0.141914
0.14816400000000002
0.155039
0.150039
0.15441400000000002
0.161914
0.166914
0.166914
0.16503900000000002
0.166875
0.168125
0.166875
0.16625
0.165
0.166875
0.171875
0.175625
0.18125
0.179375
0.18625
0.193164
0.19125
0.19
0.18875
0.188164
0.188125
0.19
0.189414
0.186914
0.186289
0.183789
0.18316400000000002
0.180039
0.17941400000000002
0.176289
0.175039
0.177539
0.17566400000000001
0.173164
0.174414
0.173164
0.16878900000000002
0.169414
0.16878900000000002
0.166914
0.165664
0.16378900000000002
0.16503900000000002
0.160664
0.15316400000000002
0.158789
0.156289
0.15191400000000002
0.156914
0.163164
0.165664
0.16753900000000002
0.16753900000000002
0.168164
0.16628900000000002
0.166914
0.16878900000000002
0.170664
0.178789
0.183789
0.18566400000000002
0.186289
0.187539
0.190039
0.19128900000000001
0.193164
0.189414
0.19128900000000001
0.193164
0.190039
0.19128900000000001
0.19503900000000002
0.2
0.20125
0.208164
0.213125
0.216914
0.21375
0.21878899999999998
0.213125
0.211875
0.21003899999999998
0.209414
0.208164
0.206914
0.206914
0.2075
0.208164
0.20566399999999999
0.199414
0.203789
0.203164
0.20878899999999997
0.20128900000000002
0.199414
0.19878900000000002
0.198164
0.19753900000000002
0.198164
0.19628900000000002
0.195664
0.19378900000000002
0.19378900000000002
0.19378900000000002
0.19253900000000002
0.191914
0.19253900000000002
0.19128900000000001
0.19128900000000001
0.190039
0.188789
0.190039
0.188164
0.190039
0.190039
0.191914
0.20003900000000002
0.20566399999999999
0.21253899999999998
0.214414
0.213164
0.21378899999999998
0.209414
0.21253899999999998
0.21378899999999998
0.21378899999999998
0.213164
0.21378899999999998
0.21378899999999998
0.21378899999999998
0.213164
0.213164
0.213164
0.211914
0.22128899999999999
0.21378899999999998
0.215664
0.22003899999999998
0.21753899999999998
0.21625
0.2175
0.216875
0.216875
0.21875
0.21753899999999998
0.21875
0.219375
0.21753899999999998
0.218164
0.218125
0.218125
0.21753899999999998
0.2175
0.218125
0.218125
0.21875
0.221914
0.21878899999999998
0.223789
0.222539
0.222539
0.22316399999999997
0.222539
0.221914
0.222539
0.222539
0.22316399999999997
0.222539
0.22316399999999997
0.22441399999999997
0.22566399999999998
0.22441399999999997
0.225039
0.22566399999999998
0.22691399999999998
0.22691399999999998
0.22691399999999998
0.22566399999999998
0.22441399999999997
0.228789
0.22816399999999998
0.233789
0.238164
0.24378899999999998
0.254414
0.264414
0.268789
0.266914
0.269414
0.269414
0.265664
0.27816399999999997
0.28066399999999997
0.288164
0.289414
0.29378899999999997
0.301289
0.316289
0.32503899999999997
0.326914
0.326289
0.328789
0.328789
0.33003899999999997
0.331289
0.329375
0.329414
0.328164
0.32625
0.324375
0.323789
0.324414
0.3175
0.318125
0.315625
0.31375
0.3175
0.32625
0.33375
0.339375
0.35375
0.360625
0.361914
0.358164
0.365664
0.361914
0.36441399999999996
0.359414
0.360664
0.360039
0.357539
0.357539
0.35878899999999997
0.360039
0.357539
0.363164
0.359414
0.367539
0.37691399999999997
0.373789
0.38003899999999996
0.383789
0.384414
0.383164
0.380664
0.380664
0.384414
0.383789
0.383789
0.38753899999999997
0.38753899999999997
0.391289
0.39003899999999997
0.38753899999999997
0.38753899999999997
0.386914
0.386289
0.38503899999999996
0.385664
0.384414
0.381289
0.38003899999999996
0.380664
0.383164
0.386289
0.385664
0.384414
0.385664
0.38503899999999996
0.38753899999999997
0.390664
0.38503899999999996
0.389414
0.39003899999999997
0.390625
0.389375
0.388789
0.386914
0.3875
0.385
0.38875
0.379375
0.37875
0.37375
0.374375
0.373125
0.371875
0.371875
0.370625
0.37125
0.368164
0.368164
0.36691399999999996
0.365664
0.368164
0.37441399999999997
0.37691399999999997
0.379414
0.384414
0.389414
0.39253899999999997
0.39816399999999996
0.406289
0.41003900000000004
0.411289
0.40816399999999997
0.408789
0.41066400000000003
0.41191400000000006
0.41066400000000003
0.409414
0.40816399999999997
0.408789
0.407539
0.407539
0.407539
0.42816400000000004
0.434414
0.43878900000000004
0.450039
0.45878900000000006
0.46191400000000005
0.46441400000000005
0.46691400000000005
0.463164
0.46253900000000003
0.46191400000000005
0.465664
0.463164
0.463789
0.46503900000000004
0.476289
0.48253900000000005
0.484414
0.49816400000000005
0.5019140000000001
0.500664
0.500664
0.505039
0.506289
0.505664
0.505039
0.503125
0.500664
0.503789
0.509375
0.5075
0.509375
0.5069140000000001
0.50625
0.505664
0.5075
0.5075
0.506875
0.504375
0.5031640000000001
0.505664
0.5131640000000001
0.5069140000000001
0.5125390000000001
0.515039
0.516289
0.5181640000000001
0.516289
0.515664
0.5175390000000001
0.520664
0.525039
0.526289
0.525664
0.531289
0.536914
0.536289
0.532539
0.535039
0.536914
0.5337890000000001
0.531289
0.530039
0.530039
0.5281640000000001
0.524414
0.526289
0.530664
0.535664
0.536914
0.5344140000000001
0.532539
0.530664
0.5281640000000001
0.526914
0.524414
0.5237890000000001
0.521289
0.519414
0.520664
0.524414
0.525664
0.525664
0.530664
0.535039
0.536914
0.535664
0.536289
0.535664
0.536289
0.535664
0.535625
0.5337890000000001
0.531914
0.53125
0.53375
0.545
0.557539
0.559375
0.57375
0.58625
0.585
0.587539
0.588789
0.5912890000000001
0.590625
0.588164
0.5856640000000001
0.592539
0.5962890000000001
0.598164
0.598164
0.599414
0.592539
0.5956640000000001
0.597539
0.598164
0.597539
0.6019140000000001
0.610039
0.608164
0.610664
0.6125390000000001
0.6119140000000001
0.609414
0.608789
0.610039
0.610039
0.607539
0.605039
0.604414
0.603789
0.6019140000000001
0.605039
0.6062890000000001
0.608789
0.609414
0.6062890000000001
0.605039
0.603789
0.6012890000000001
0.600039
0.6006640000000001
0.598164
0.5956640000000001
0.593789
0.593164
0.5956640000000001
0.594414
0.598789
0.599414
0.602539
0.610664
0.614414
0.6125390000000001
0.6169140000000001
0.6225390000000001
0.620664
0.63
0.629375
0.630039
0.628125
0.6281640000000001
0.629375
0.636914
0.63875
0.63625
0.6425
0.644375
0.6475390000000001
0.645039
0.6475
0.649375
0.650039
0.649414
0.652539
0.6531640000000001
0.6531640000000001
0.656289
0.661289
0.6637890000000001
0.661289
0.660664
0.661289
0.6587890000000001
0.655039
0.6537890000000001
0.655039
0.650664
0.656289
0.650039
0.6531640000000001
0.6537890000000001
0.651289
0.6487890000000001
0.645664
0.644414
0.645039
0.645039
0.640039
0.644414
0.650039
0.650039
0.651914
0.6537890000000001
0.6531640000000001
0.654414
0.656289
0.656914
0.656289
0.6531640000000001
0.665039
0.662539
0.662539
0.6587890000000001
0.661289
0.660039
0.6587890000000001
0.6581640000000001
0.6581640000000001
0.655664
0.656289
0.6587890000000001
0.665664
0.665625
0.672539
0.678125
0.67625
0.673125
0.67125
0.676875
0.68875
0.693125
0.70125
0.711875
0.7156640000000001
0.713164
0.709414
0.7062890000000001
0.705625
0.7056640000000001
0.711914
0.718164
0.718789
0.7219140000000001
0.720039
0.7206640000000001
0.716914
0.7212890000000001
0.7219140000000001
0.7206640000000001
0.716914
0.713164
0.7100390000000001
0.709414
0.704414
0.702539
0.707539
0.7106640000000001
0.703164
0.709414
0.706914
0.702539
0.7006640000000001
0.696914
0.7006640000000001
0.699414
0.693164
0.701289
0.701289
0.6950390000000001
0.698164
0.696289
0.6950390000000001
0.6944140000000001
0.692539
0.688789
0.686914
0.6844140000000001
0.682539
0.682539
0.680664
0.6794140000000001
0.6750390000000001
0.6737890000000001
0.671914
0.670039
0.667539
0.665039
0.661289
0.6594140000000001
0.6575
0.655664
0.652539
0.659375
0.660664
0.66375
0.668125
0.668164
0.667539
0.662539
0.660664
0.657539
0.653125
0.65
0.650664
0.650664
0.650664
0.650664
0.649414
0.650039
0.644414
0.6381640000000001
0.6431640000000001
0.641289
0.6437890000000001
0.6381640000000001
0.639414
0.641289
0.640039
0.641289
0.6475390000000001
0.6481640000000001
0.6487890000000001
0.646914
0.646914
0.646914
0.645039
0.650039
0.650039
0.6487890000000001
0.650039
0.652539
0.654414
0.6481640000000001
0.655039
0.655664
0.661289
0.6587890000000001
0.6594140000000001
0.660039
0.6581640000000001
0.655039
0.652539
0.651914
0.645039
0.6431640000000001
0.645664
0.641914
0.641914
0.638789
0.635664
0.6325390000000001
0.631289
0.631289
0.631289
0.631289
0.634414
0.6331640000000001
0.635039
0.633789
0.636289
0.63625
0.633789
0.6325390000000001
0.630664
0.63125
0.6275
0.623789
0.624375
0.629414
0.630625
0.633789
0.6325390000000001
0.630039
0.633789
0.641914
0.645664
0.6437890000000001
0.645664
0.641914
0.645039
0.646289
0.645664
0.646914
0.649414
0.650664
0.6475390000000001
0.6475390000000001
0.6481640000000001
0.6481640000000001
0.644414
0.641914
0.640039
0.635664
0.631289
0.6275390000000001
0.625039
0.623164
0.621289
0.6269140000000001
0.6275390000000001
0.6319140000000001
0.631289
0.6269140000000001
0.625664
0.625039
0.623789
0.623164
0.625039
0.623164
0.6219140000000001
0.6162890000000001
0.615039
0.6119140000000001
0.610664
0.6062890000000001
0.607539
0.605039
0.603789
0.6019140000000001
0.598789
0.5969140000000001
0.593789
0.593164
0.58875
0.595039
0.602539
0.6062890000000001
0.6119140000000001
0.620625
0.61875
0.614414
0.61625
0.623125
0.620625
0.619375
0.620039
0.619414
0.620625
0.620664
0.623164
0.620664
0.618164
0.615039
0.613164
0.6069140000000001
0.608789
0.604414
0.608789
0.6112890000000001
0.610664
0.614414
0.6225390000000001
0.626289
0.626289
0.624414
0.620664
0.6225390000000001
0.6162890000000001
0.613164
0.6175390000000001
0.6112890000000001
0.6062890000000001
0.602539
0.600039
0.598789
0.6012890000000001
0.602539
0.603164
0.598789
0.597539
0.593164
0.591914
0.588789
0.589414
0.593164
0.592539
0.5912890000000001
0.5969140000000001
0.5962890000000001
0.603164
0.598164
0.6019140000000001
0.6069140000000001
0.6069140000000001
0.6069140000000001
0.610039
0.610039
0.605039
0.604414
0.599414
0.604414
0.610664
0.610039
0.608164
0.615
0.614375
0.609375
0.607539
0.605
0.60375
0.596875
0.6
0.590625
0.59125
0.593164
0.595625
0.595
0.597539
0.598789
0.599414
0.598789
0.593164
0.595039
0.598164
0.594414
0.5956640000000001
0.5969140000000001
0.595039
0.593789
0.5912890000000001
0.587539
0.5856640000000001
0.5856640000000001
0.5850390000000001
0.579414
0.578164
0.576914
0.571914
0.5694140000000001
0.567539
0.567539
0.576289
0.5800390000000001
0.5862890000000001
0.599414
0.603164
0.6012890000000001
0.6006640000000001
0.599414
0.5962890000000001
0.593789
0.591914
0.5906640000000001
0.588789
0.592539
0.590039
0.5850390000000001
0.592539
0.592539
0.5912890000000001
0.588164
0.5850390000000001
0.584414
0.5806640000000001
0.578164
0.578164
0.573789
0.573789
0.571289
0.567539
0.5656640000000001
0.563164
0.5625
0.560625
0.55875
0.555625
0.5525
0.5494140000000001
0.548164
0.54375
0.54375
0.5425
0.540625
0.5387890000000001
0.537539
0.535664
0.5337890000000001
0.531914
0.531289
0.5231640000000001
0.524414
0.5237890000000001
0.520039
0.520664
0.519414
0.5175390000000001
0.516289
0.515039
0.5131640000000001
0.5131640000000001
0.510664
0.5075390000000001
0.509414
0.505664
0.505664
0.503789
0.5025390000000001
0.5019140000000001
0.5081640000000001
0.511289
0.516289
0.515039
0.520039
0.5181640000000001
0.515664
0.514414
0.511914
0.510039
0.508789
0.5081640000000001
0.505664
0.504414
0.5025390000000001
0.5031640000000001
0.5019140000000001
0.5019140000000001
0.500664
0.500664
0.49816400000000005
0.49566400000000005
0.495039
0.49378900000000003
0.49378900000000003
0.495039
0.49253900000000006
0.495625
0.4925
0.501875
0.50375
0.5075
0.51375
0.5175
0.51625
0.514414
0.514375
0.510625
0.508789
0.510625
0.51
0.511289
0.50875
0.5069140000000001
0.504414
0.503789
0.501289
0.501289
0.49566400000000005
0.501289
0.496914
0.49566400000000005
0.49253900000000006
0.49628900000000004
0.49878900000000004
0.500664
0.500039
0.5019140000000001
0.5069140000000001
0.5075390000000001
0.509414
0.5069140000000001
0.5075390000000001
0.5069140000000001
0.505664
0.504414
0.504414
0.5075390000000001
0.510664
0.511289
0.510664
0.511289
0.508789
0.5081640000000001
0.505039
0.5025390000000001
0.501289
0.5019140000000001
0.505664
0.505039
0.5081640000000001
0.516289
0.5187890000000001
0.5175390000000001
0.515039
0.511289
0.513789
0.510664
0.508789
0.505664
0.5031640000000001
0.500039
0.5025390000000001
0.500664
0.498125
0.5025
0.50375
0.508125
0.50125
0.499375
0.49625
0.4925
0.49
0.49
0.48375
0.4825
0.48125
0.48566400000000004
0.489414
0.484414
0.486289
0.48753900000000006
0.486914
0.48816400000000004
0.486914
0.486289
0.48878900000000003
0.48753900000000006
0.484414
0.483789
0.48316400000000004
0.483789
0.48253900000000005
0.48003900000000005
0.478789
0.48316400000000004
0.486914
0.481914
0.491914
0.494414
0.48753900000000006
0.486289
0.48316400000000004
0.48878900000000003
0.49066400000000004
0.496914
0.49878900000000004
0.500664
0.503789
0.5025390000000001
0.506289
0.505039
0.505664
0.5019140000000001
0.500664
0.500664
0.506289
0.5075390000000001
0.510664
0.511914
0.509414
0.510039
0.506289
0.5075390000000001
0.501289
0.501289
0.505039
0.506289
0.505664
0.506289
0.503789
0.501289
0.504375
0.505
0.503125
0.500625
0.49875
0.495625
0.491875
0.4875
0.48503900000000005
0.48253900000000005
0.479414
0.476875
0.471289
0.47253900000000004
0.46753900000000004
0.465664
0.46253900000000003
0.46003900000000003
0.458164
0.460664
0.46503900000000004
0.460664
0.465664
0.47003900000000004
0.468164
0.470664
0.470664
0.47003900000000004
0.468164
0.465664
0.46128900000000006
0.46253900000000003
0.45941400000000004
0.455039
0.45691400000000004
0.45628900000000006
0.45191400000000004
0.450664
0.455664
0.45628900000000006
0.458164
0.45691400000000004
0.45753900000000003
0.45441400000000004
0.45441400000000004
0.452539
0.45441400000000004
0.45941400000000004
0.45691400000000004
0.45753900000000003
0.46253900000000003
0.465664
0.465664
0.46253900000000003
0.46191400000000005
0.46253900000000003
0.458164
0.458164
0.45691400000000004
0.455664
0.45878900000000006
0.466289
0.47003900000000004
0.470664
0.48003900000000005
0.489375
0.491875
0.49125
0.49
0.490625
0.48875
0.4875
0.48625
0.485
0.48253900000000005
0.48
0.47875
0.474375
0.468164
0.470625
0.466875
0.466289
0.46503900000000004
0.46441400000000005
0.463789
0.463164
0.46191400000000005
0.463164
0.46003900000000003
0.452539
0.45628900000000006
0.45753900000000003
0.45441400000000004
0.45378900000000005
0.453164
0.45378900000000005
0.452539
0.45191400000000004
0.450664
0.44878900000000005
0.447539
0.44441400000000003
0.44316400000000006
0.442539
0.44128900000000004
0.445039
0.44878900000000005
0.45128900000000005
0.450664
0.450039
0.450039
0.445039
0.44878900000000005
0.445039
0.44378900000000004
0.44316400000000006
0.442539
0.44191400000000003
0.44066400000000006
0.440039
0.43878900000000004
0.439414
0.437539
0.44191400000000003
0.437539
0.440039
0.439414
0.436914
0.43628900000000004
0.44066400000000006
0.44628900000000005
0.4475
0.453125
0.454375
0.451875
0.45375
0.452539
0.453164
0.45628900000000006
0.45375
0.4525
0.451875
0.450039
0.450664
0.448125
0.446875
0.445625
0.445625
0.44378900000000004
0.447539
0.45441400000000004
0.458164
0.463789
0.471289
0.47566400000000003
0.47441400000000006
0.47441400000000006
0.47316400000000003
0.47503900000000004
0.478789
0.47503900000000004
0.47441400000000006
0.47316400000000003
0.47003900000000004
0.468164
0.468789
0.47003900000000004
0.46503900000000004
0.46441400000000005
0.46003900000000003
0.46441400000000005
0.46941400000000005
0.47566400000000003
0.48316400000000004
0.49128900000000003
0.495039
0.49316400000000005
0.49566400000000005
0.49628900000000004
0.497539
0.495039
0.49566400000000005
0.500664
0.499414
0.496914
0.49566400000000005
0.494414
0.497539
0.505039
0.5031640000000001
0.5025390000000001
0.500664
0.506289
0.511289
0.515664
0.515039
0.5125390000000001
0.5125390000000001
0.5125
0.51375
0.520664
0.520664
0.5175
0.524375
0.5225
0.52125
0.516914
0.515664
0.514375
0.511289
0.510039
0.508125
0.505664
0.506289
0.505
0.5075390000000001
0.509414
0.510039
0.513789
0.5187890000000001
0.521289
0.5187890000000001
0.516914
0.5125390000000001
0.514414
0.510039
0.5081640000000001
0.5075390000000001
0.505664
0.5031640000000001
0.500664
0.499414
0.49628900000000004
0.49628900000000004
0.491914
0.495039
0.489414
0.486914
0.49378900000000003
0.49128900000000003
0.49378900000000003
0.491914
0.49253900000000006
0.491914
0.491914
0.491914
0.49066400000000004
0.486914
0.48566400000000004
0.486914
0.48503900000000005
0.484414
0.483789
0.48503900000000005
0.48253900000000005
0.48066400000000004
0.479414
0.47253900000000004
0.47503900000000004
0.470664
0.470664
0.47003900000000004
0.468789
0.466289
0.46503900000000004
0.463164
0.46125
0.460625
0.455625
0.459375
0.45691400000000004
0.45753900000000003
0.455664
0.45191400000000004
0.450625
0.44878900000000005
0.44875
0.4475
0.4475
0.445
0.446875
0.44316400000000006
0.44066400000000006
0.43816400000000005
0.440039
0.440039
0.44066400000000006
0.439414
0.439414
0.44066400000000006
0.43878900000000004
0.437539
0.439414
0.442539
0.447539
0.450039
0.45441400000000004
0.46003900000000003
0.46003900000000003
0.45878900000000006
0.458164
0.46003900000000003
0.46191400000000005
0.458164
0.45691400000000004
0.463164
0.466289
0.46753900000000004
0.46691400000000005
0.46753900000000004
0.465664
0.46503900000000004
0.46503900000000004
0.46003900000000003
0.46003900000000003
0.45753900000000003
0.45691400000000004
0.45441400000000004
0.45378900000000005
0.45441400000000004
0.45628900000000006
0.455664
0.458164
0.465664
0.46503900000000004
0.465664
0.46253900000000003
0.463164
0.468164
0.460664
0.45753900000000003
0.458164
0.46253900000000003
0.4625
0.465664
0.46753900000000004
0.47
0.469375
0.46503900000000004
0.463789
0.461875
0.46128900000000006
0.45753900000000003
0.455039
0.452539
0.450625
0.450625
0.451875
0.448164
0.452539
0.44691400000000003
0.447539
0.445039
0.44441400000000003
0.442539
0.440039
0.437539
0.437539
0.43378900000000004
0.43316400000000005
0.43628900000000004
0.434414
0.43066400000000005
0.43128900000000003
0.432539
0.437539
0.44441400000000003
0.44628900000000005
0.45691400000000004
0.463164
0.46503900000000004
0.46691400000000005
0.47191400000000006
0.46941400000000005
0.468164
0.46753900000000004
0.465664
0.465664
0.46503900000000004
0.466289
0.46253900000000003
0.452539
0.45691400000000004
0.45191400000000004
0.453164
0.448164
0.44691400000000003
0.445039
0.442539
0.440039
0.43878900000000004
0.436914
0.43628900000000004
0.43316400000000005
0.43066400000000005
0.42878900000000003
0.42566400000000004
0.423789
0.42316400000000004
0.42066400000000004
0.418789
0.418125
0.41753900000000005
0.41
0.41253900000000004
0.4075
0.406914
0.406875
0.405
0.401875
0.40125
0.399375
0.396875
0.398125
0.391875
0.393125
0.39125
0.391289
0.390625
0.388164
0.386289
0.38503899999999996
0.38503899999999996
0.384414
0.383789
0.381289
0.38753899999999997
0.378164
0.375664
0.376289
0.375039
0.37441399999999997
0.37191399999999997
0.370664
0.370039
0.370039
0.36691399999999996
0.365039
0.370664
0.371289
0.373164
0.37691399999999997
0.376289
0.375039
0.376289
0.375664
0.375664
0.37441399999999997
0.373789
0.370039
0.370039
0.36691399999999996
0.366289
0.36441399999999996
0.365039
0.366289
0.36441399999999996
0.363789
0.363164
0.36128899999999997
0.360039
0.359414
0.355039
0.355039
0.35378899999999996
0.35378899999999996
0.35378899999999996
0.350664
0.348164
0.349414
0.348125
0.3525
0.35375
0.355625
0.3525
0.36
0.35875
0.356875
0.356875
0.356875
0.35875
0.356875
0.357539
0.354375
0.353164
0.34878899999999996
0.350664
0.349414
0.34566399999999997
0.345039
0.346289
0.342539
0.34316399999999997
0.342539
0.341289
0.339414
0.340039
0.338789
0.339414
0.34066399999999997
0.344414
0.344414
0.344414
0.350664
0.350664
0.35128899999999996
0.353164
0.354414
0.35378899999999996
0.355664
0.356914
0.357539
0.356914
0.35628899999999997
0.35628899999999997
0.35378899999999996
0.36128899999999997
0.365039
0.365664
0.365664
0.368164
0.36441399999999996
0.362539
0.365664
0.36941399999999996
0.373164
0.367539
0.360039
0.361914
0.362539
0.360664
0.360664
0.360664
0.360625
0.358164
0.356875
0.355625
0.3525
0.351875
0.34875
0.34625
0.344375
0.340625
0.338125
0.335625
0.3325
0.33
0.328789
0.32753899999999997
0.325
0.331875
0.328789
0.33316399999999996
0.337539
0.341289
0.34066399999999997
0.337539
0.33566399999999996
0.33566399999999996
0.336914
0.331289
0.328789
0.328789
0.32503899999999997
0.325664
0.323164
0.321914
0.321914
0.321289
0.320664
0.32253899999999996
0.321914
0.32253899999999996
0.32503899999999997
0.328164
0.328164
0.326289
0.32753899999999997
0.326289
0.326914
0.324414
0.323164
0.320664
0.31753899999999996
0.316289
0.313789
0.308789
0.310664
0.308789
0.308164
0.306289
0.305039
0.303164
0.30191399999999996
0.303164
0.298164
0.299414
0.29628899999999997
0.294414
0.29378899999999997
0.291875
0.29
0.289375
0.2875
0.28875
0.28875
0.28625
0.28375
0.282539
0.281875
0.280625
0.279375
0.279414
0.285625
0.29
0.296875
0.305039
0.307539
0.313789
0.31191399999999997
0.315664
0.315039
0.316914
0.32003899999999996
0.323789
0.323164
0.325664
0.324414
0.321914
0.328164
0.328164
0.323789
0.323164
0.323789
0.32253899999999996
0.321289
0.320664
0.32503899999999997
0.336914
0.341289
0.351914
0.35878899999999997
0.36128899999999997
0.360039
0.35878899999999997
0.359414
0.35878899999999997
0.356914
0.354414
0.353164
0.347539
0.345039
0.342539
0.341914
0.34066399999999997
0.340039
0.337539
0.336289
0.334414
0.33316399999999996
0.331914
0.328164
0.329414
0.324414
0.321914
0.318164
0.320664
0.319375
0.31875
0.32125
0.325625
0.3275
0.329375
0.328125
0.334414
0.33566399999999996
0.33875
0.331875
0.330664
0.332539
0.330664
0.331289
0.331289
0.331875
0.33125
0.3275
0.328164
0.328789
0.326289
0.324414
0.323164
0.321914
0.321289
0.32003899999999996
0.320664
0.315664
0.316914
0.313164
0.316914
0.316914
0.320664
0.321289
0.32253899999999996
0.325664
0.326289
0.333789
0.334414
0.347539
0.354414
0.35378899999999996
0.35378899999999996
0.355039
0.357539
0.35878899999999997
0.358164
0.357539
0.358164
0.35378899999999996
0.360039
0.350039
0.350664
0.343789
0.347539
0.347539
0.346914
0.34566399999999997
0.345039
0.344414
0.34316399999999997
0.342539
0.347539
0.347539
0.353164
0.360625
0.36125
0.360039
0.35875
0.359375
0.35875
0.36
0.360664
0.35628899999999997
0.359375
0.355039
0.353125
0.35128899999999996
0.35125
0.35625
0.35878899999999997
0.361875
0.368164
0.370625
0.371875
0.37191399999999997
0.377539
0.379414
0.378164
0.381289
0.384414
0.384414
0.383164
0.383789
0.380664
0.383164
0.379414
0.381914
0.39003899999999997
0.388789
0.393164
0.397539
0.401289
0.401914
0.404414
0.404414
0.396289
0.403789
0.40316399999999997
0.402539
0.403789
0.402539
0.401289
0.399414
0.396289
0.394414
0.39253899999999997
0.390664
0.38753899999999997
0.386289
0.384414
0.38253899999999996
0.38253899999999996
0.380664
0.38003899999999996
0.380664
0.385664
0.388164
0.39003899999999997
0.40066399999999996
0.404414
0.403789
0.404375
0.402539
0.401875
0.401289
0.402539
0.40316399999999997
0.4025
0.39875
0.40066399999999996
0.395039
0.393164
0.388789
0.38875
0.38625
0.385664
0.385664
0.385
0.385
0.381914
0.377539
0.38003899999999996
0.378789
0.381289
0.37691399999999997
0.375039
0.373789
0.372539
0.37191399999999997
0.370664
0.370039
0.368789
0.36941399999999996
0.368164
0.37441399999999997
0.380664
0.383164
0.389414
0.396914
0.398789
0.401289
0.40316399999999997
0.40066399999999996
0.403789
0.406289
0.40566399999999997
0.40816399999999997
0.409414
0.409414
0.406914
0.405039
0.40316399999999997
0.401914
0.399414
0.396289
0.402539
0.398789
0.400039
0.399414
0.40066399999999996
0.405039
0.403789
0.407539
0.41066400000000003
0.407539
0.41566400000000003
0.408789
0.41253900000000004
0.41316400000000003
0.41316400000000003
0.413125
0.41191400000000006
0.41191400000000006
0.413125
0.41566400000000003
0.41125
0.410625
0.41
0.40625
0.401875
0.404375
0.401875
0.4
0.399375
0.398125
0.396875
0.396914
0.396289
0.391914
0.396289
0.391289
0.391289
0.39003899999999997
0.38753899999999997
0.38753899999999997
0.385664
0.38503899999999996
0.384414
0.38253899999999996
0.38003899999999996
0.377539
0.378789
0.378789
0.377539
0.37691399999999997
0.37691399999999997
0.381914
0.385664
0.39003899999999997
0.388789
0.391289
0.390664
0.389414
0.389414
0.388789
0.388789
0.386914
0.38503899999999996
0.38253899999999996
0.383164
0.379414
0.376289
0.378164
0.37691399999999997
0.377539
0.375664
0.373789
0.37441399999999997
0.373789
0.373789
0.373789
0.373789
0.375039
0.37375
0.372539
0.372539
0.370039
0.370664
0.36941399999999996
0.368789
0.368789
0.368164
0.367539
0.359414
0.3625
0.360625
0.359375
0.359375
0.358125
0.35628899999999997
0.355625
0.355625
0.354414
0.354414
0.350664
0.35378899999999996
0.350039
0.350664
0.346914
0.346289
0.343789
0.343789
0.34316399999999997
0.343789
0.34316399999999997
0.341289
0.348164
0.34066399999999997
0.338789
0.33566399999999996
0.337539
0.337539
0.339414
0.341914
0.345039
0.346289
0.346289
0.352539
0.353164
0.353164
0.354414
0.360664
0.360039
0.360039
0.355664
0.35378899999999996
0.353164
0.351914
0.350664
0.35128899999999996
0.34878899999999996
0.345039
0.344414
0.34316399999999997
0.341289
0.339414
0.33816399999999996
0.33566399999999996
0.33566399999999996
0.331289
0.329414
0.329414
0.325664
0.3275
0.32503899999999997
0.323789
0.320625
0.32125
0.320625
0.320625
0.31625
0.32125
0.311875
0.310625
0.31
0.306875
0.305664
0.305
0.30375
0.302539
0.303164
0.299414
0.300664
0.296914
0.293164
0.290039
0.291914
0.290664
0.288164
0.287539
0.28628899999999996
0.28628899999999996
0.288164
0.295039
0.296914
0.297539
0.303789
0.310039
0.30941399999999997
0.31441399999999997
0.313789
0.315039
0.315039
0.313789
0.315039
0.31191399999999997
0.311289
0.311289
0.311289
0.30941399999999997
0.305664
0.303164
0.301289
0.300039
0.29878899999999997
0.295039
0.289414
0.289414
0.288164
0.28628899999999996
0.285664
0.283789
0.281914
0.280039
0.277539
0.279414
0.27316399999999996
0.27066399999999996
0.270039
0.269414
0.266289
0.264414
0.263164
0.261875
0.26
0.258125
0.2575
0.255625
0.255625
0.25125
0.24878899999999998
0.24753899999999998
0.245
0.24375
0.24378899999999998
0.241914
0.24128899999999998
0.24003899999999997
0.23878899999999997
0.232539
0.23566399999999998
0.232539
0.231289
0.23316399999999998
0.23066399999999998
0.228789
0.22816399999999998
0.227539
0.226289
0.22691399999999998
0.22128899999999999
0.220664
0.22316399999999997
0.22003899999999998
0.22003899999999998
0.219414
0.223789
0.226289
0.22816399999999998
0.228789
0.228789
0.22566399999999998
0.232539
0.22941399999999998
0.22816399999999998
0.22941399999999998
0.225039
0.221914
0.22003899999999998
0.219414
0.218164
0.21628899999999998
0.21503899999999998
0.21378899999999998
0.21253899999999998
0.209414
0.21003899999999998
0.209414
0.208164
0.206289
0.205039
0.203164
0.202539
0.201914
0.20128900000000002
0.20003900000000002
0.198125
0.198164
0.195
0.195
0.194375
0.194414
0.19375
0.1925
0.193125
0.188125
0.18566400000000002
0.18375
0.181875
0.183789
0.18316400000000002
0.18441400000000002
0.18375
0.181875
0.18066400000000002
0.18191400000000002
0.17941400000000002
0.17691400000000002
0.177539
0.177539
0.176289
0.175039
0.173789
0.173164
0.173164
0.173164
0.174414
0.172539
0.16628900000000002
0.171289
0.172539
0.171914
0.175039
0.17816400000000002
0.18066400000000002
0.181289
0.18191400000000002
0.181289
0.18191400000000002
0.18316400000000002
0.182539
0.18316400000000002
0.18316400000000002
0.17941400000000002
0.178789
0.17816400000000002
0.17691400000000002
0.175039
0.174414
0.173789
0.171914
0.171914
0.166914
0.171289
0.169414
0.16628900000000002
0.16628900000000002
0.16503900000000002
0.165664
0.165664
0.166914
0.164414
0.16253900000000002
0.164414
0.1625
0.1675
0.163125
0.16125
0.16125
0.160625
0.1575
0.159375
0.156289
0.151875
0.156914
0.1625
0.16625
0.16503900000000002
0.169414
0.173164
0.173789
0.172539
0.173164
0.172539
0.173789
0.171289
0.171289
0.171289
0.16878900000000002
0.166914
0.166914
0.165664
0.164414
0.16253900000000002
0.16253900000000002
0.155664
0.16003900000000001
0.158164
0.157539
0.163164
0.16503900000000002
0.16878900000000002
0.168164
0.168164
0.168164
0.169414
0.16503900000000002
0.16378900000000002
0.16753900000000002
0.165664
0.165664
0.16378900000000002
0.163164
0.16128900000000002
0.160664
0.16128900000000002
0.16003900000000001
0.156914
0.158164
0.155039
0.15441400000000002
0.159414
0.152539
0.153789
0.15191400000000002
0.15191400000000002
0.15066400000000002
0.14941400000000002
0.14816400000000002
0.145625
0.145
0.14375
0.145
0.145625
0.143789
0.145039
0.145
0.143789
0.1425
0.1425
0.1425
0.139375
0.138164
0.13875
0.1375
0.138164
0.1375
0.136914
0.13503900000000002
0.13625
0.136914
0.135664
0.136914
0.133164
0.131914
0.13253900000000002
0.131914
0.133164
0.13378900000000002
0.13253900000000002
0.130664
0.13253900000000002
0.129414
0.133164
0.129414
0.130664
0.138164
0.140664
0.143164
0.141914
0.143789
0.145039
0.146289
0.14441400000000001
0.14441400000000001
0.145039
0.14566400000000002
0.14941400000000002
0.142539
0.141289
0.140664
0.139414
0.139414
0.13878900000000002
0.138164
0.139414
0.135664
0.13628900000000002
