0.13253900000000002
0.140039
0.143164
0.143789
0.150039
0.159414
0.16503900000000002
0.16503900000000002
0.163164
0.16503900000000002
0.166914
0.16128900000000002
0.16753900000000002
0.173164
0.17691400000000002
0.17816400000000002
0.182539
0.18316400000000002
0.181289
0.18441400000000002
0.187539
0.190039
0.185039
0.190039
0.187539
0.188164
0.18316400000000002
0.185039
0.18441400000000002
0.183789
0.18316400000000002
0.185039
0.18566400000000002
0.18316400000000002
0.19128900000000001
0.18441400000000002
0.18441400000000002
0.194414
0.188164
0.190039
0.193164
0.193125
0.193125
0.19625
0.19628900000000002
0.20125
0.203125
0.206875
0.204375
0.21253899999999998
0.219414
0.219414
0.221914
0.225625
0.225039
0.22441399999999997
0.2225
0.223789
0.222539
0.22128899999999999
0.220664
0.22128899999999999
0.21753899999999998
0.21503899999999998
0.214414
0.213164
0.21253899999999998
0.206289
0.20566399999999999
0.20566399999999999
0.203164
0.205039
0.202539
0.201914
0.201914
0.206914
0.20878899999999997
0.213164
0.21628899999999998
0.226289
0.22003899999999998
0.221914
0.218164
0.218164
0.218164
0.21878899999999998
0.220664
0.222539
0.221914
0.219414
0.221914
0.220664
0.220664
0.21878899999999998
0.221914
0.222539
0.22128899999999999
0.22128899999999999
0.22003899999999998
0.21878899999999998
0.21878899999999998
0.223789
0.226289
0.228789
0.227539
0.232539
0.23566399999999998
0.236875
0.24128899999999998
0.250664
0.253125
0.255625
0.258125
0.265625
0.27625
0.27875
0.289414
0.303164
0.30441399999999996
0.313125
0.315625
0.316289
0.316914
0.318164
0.31753899999999996
0.31753899999999996
0.32003899999999996
0.32253899999999996
0.32503899999999997
0.33316399999999996
0.33816399999999996
0.336914
0.338789
0.347539
0.345039
0.342539
0.341289
0.341914
0.341289
0.346914
0.359414
0.362539
0.370039
0.38253899999999996
0.389414
0.38753899999999997
0.386914
0.386914
0.39003899999999997
0.397539
0.402539
0.403789
0.41066400000000003
0.41441400000000006
0.41316400000000003
0.41003900000000004
0.407539
0.399414
0.40066399999999996
0.396914
0.395039
0.402539
0.40566399999999997
0.40566399999999997
0.409414
0.413789
0.413789
0.413789
0.40816399999999997
0.406289
0.413789
0.42003900000000005
0.418789
0.42316400000000004
0.428125
0.431914
0.43003900000000006
0.429414
0.43378900000000004
0.44066400000000006
0.445
0.437539
0.439414
0.440625
0.43875
0.439414
0.439414
0.439414
0.43816400000000005
0.439375
0.436875
0.43816400000000005
0.43878900000000004
0.43816400000000005
0.44191400000000003
0.44128900000000004
0.44378900000000004
0.447539
0.44941400000000004
0.447539
0.44628900000000005
0.447539
0.448164
0.448164
0.44878900000000005
0.44941400000000004
0.44628900000000005
0.44628900000000005
0.445039
0.44316400000000006
0.44316400000000006
0.44128900000000004
0.440039
0.43628900000000004
0.437539
0.44628900000000005
0.44628900000000005
0.453164
0.46003900000000003
0.466289
0.470664
0.47003900000000004
0.46753900000000004
0.46941400000000005
0.468164
0.47316400000000003
0.47253900000000004
0.47191400000000006
0.470664
0.47253900000000004
0.47253900000000004
0.473789
0.47441400000000006
0.47441400000000006
0.47816400000000003
0.476289
0.481289
0.486914
0.49066400000000004
0.49003900000000006
0.491914
0.496914
0.499414
0.5075390000000001
0.516289
0.523125
0.530039
0.544375
0.5487890000000001
0.5500390000000001
0.54875
0.546914
0.553125
0.5575
0.56375
0.574375
0.5800390000000001
0.5806640000000001
0.583789
0.593789
0.6012890000000001
0.6062890000000001
0.6112890000000001
0.615039
0.613164
0.6112890000000001
0.6119140000000001
0.613164
0.6125390000000001
0.608789
0.6069140000000001
0.6069140000000001
0.604414
0.6062890000000001
0.602539
0.6012890000000001
0.598789
0.5969140000000001
0.593164
0.593164
0.588789
0.584414
0.583789
0.584414
0.5856640000000001
0.5812890000000001
0.5800390000000001
0.579414
0.578164
0.5756640000000001
0.574414
0.573164
0.573164
0.571289
0.5694140000000001
0.5694140000000001
0.568164
0.5700390000000001
0.574414
0.573164
0.5756640000000001
0.577539
0.5800390000000001
0.5750390000000001
0.582539
0.576914
0.582539
0.5806640000000001
0.5806640000000001
0.580625
0.578789
0.5806640000000001
0.586914
0.59375
0.5962890000000001
0.5962890000000001
0.603125
0.6019140000000001
0.604375
0.607539
0.60625
0.6069140000000001
0.6112890000000001
0.611875
0.6119140000000001
0.613164
0.6275390000000001
0.624414
0.6275390000000001
0.6281640000000001
0.630039
0.628789
0.6331640000000001
0.635039
0.635039
0.640039
0.641914
0.641289
0.6431640000000001
0.6431640000000001
0.651914
0.6594140000000001
0.6581640000000001
0.661914
0.670664
0.678164
0.678164
0.676289
0.676914
0.676289
0.680664
0.688789
0.6900390000000001
0.6944140000000001
0.692539
0.6950390000000001
0.701914
0.7100390000000001
0.711914
0.706914
0.7062890000000001
0.7056640000000001
0.7050390000000001
0.706914
0.7056640000000001
0.703789
0.701289
0.696914
0.691914
0.692539
0.686914
0.683164
0.681914
0.6794140000000001
0.675664
0.672539
0.670039
0.667539
0.666289
0.6694140000000001
0.6725
0.671914
0.666289
0.666914
0.665625
0.66875
0.670625
0.681289
0.6825
0.688125
0.700625
0.708789
0.709414
0.706914
0.702539
0.702539
0.702539
0.7062890000000001
0.708789
0.707539
0.706914
0.709414
0.709414
0.708164
0.708789
0.709414
0.707539
0.706914
0.703164
0.701289
0.699414
0.696289
0.6944140000000001
0.692539
0.693164
0.691289
0.688164
0.687539
0.683789
0.683164
0.682539
0.680664
0.677539
0.6750390000000001
0.672539
0.672539
0.668164
0.6594140000000001
0.6637890000000001
0.668164
0.680664
0.6750390000000001
0.681289
0.686914
0.688789
0.686914
0.683789
0.680664
0.6794140000000001
0.6750390000000001
0.670664
0.6694140000000001
0.668164
0.6694140000000001
0.676914
0.686914
0.689375
0.693125
0.70625
0.714375
0.725625
0.7206640000000001
0.719414
0.719414
0.71875
0.720625
0.7225
0.727539
0.728789
0.728789
0.728164
0.730039
0.724414
0.729414
0.723164
0.718164
0.714414
0.7112890000000001
0.7106640000000001
0.707539
0.707539
0.704414
0.706914
0.7056640000000001
0.701914
0.7000390000000001
0.702539
0.703789
0.7006640000000001
0.698789
0.697539
0.696914
0.693164
0.691289
0.688789
0.691289
0.7006640000000001
0.7056640000000001
0.711914
0.719414
0.717539
0.715039
0.711914
0.7112890000000001
0.7106640000000001
0.704414
0.704414
0.701914
0.7000390000000001
0.703164
0.701289
0.7006640000000001
0.702539
0.697539
0.696914
0.6956640000000001
0.6950390000000001
0.6894140000000001
0.688164
0.6850390000000001
0.6825
0.6794140000000001
0.683164
0.68375
0.684375
0.685
0.68
0.675
0.671875
0.673125
0.67
0.669375
0.666914
0.670039
0.6737890000000001
0.673164
0.680664
0.6800390000000001
0.682539
0.6794140000000001
0.676289
0.671914
0.6737890000000001
0.673164
0.672539
0.670664
0.668164
0.665039
0.6631640000000001
0.660664
0.655664
0.654414
0.650039
0.650039
0.646289
0.645664
0.6425390000000001
0.640664
0.6375390000000001
0.6375390000000001
0.6325390000000001
0.633789
0.633789
0.6331640000000001
0.631289
0.628789
0.625664
0.6225390000000001
0.6219140000000001
0.619414
0.619414
0.6169140000000001
0.620039
0.613789
0.614414
0.618164
0.630039
0.6325390000000001
0.640039
0.652539
0.6581640000000001
0.660039
0.656289
0.660039
0.656914
0.656289
0.659375
0.656875
0.661914
0.665039
0.67
0.671875
0.673125
0.67375
0.67625
0.6725
0.671914
0.676289
0.67625
0.6750390000000001
0.6750390000000001
0.6737890000000001
0.670664
0.668164
0.666289
0.6581640000000001
0.6594140000000001
0.6581640000000001
0.6594140000000001
0.6644140000000001
0.6644140000000001
0.666914
0.6694140000000001
0.671289
0.6737890000000001
0.673164
0.6737890000000001
0.6844140000000001
0.6894140000000001
0.691914
0.6956640000000001
0.6950390000000001
0.6950390000000001
0.693789
0.691914
0.697539
0.7000390000000001
0.6950390000000001
0.697539
0.6944140000000001
0.6956640000000001
0.692539
0.691289
0.687539
0.683789
0.681289
0.6787890000000001
0.676914
0.671914
0.668164
0.665039
0.660039
0.657539
0.655664
0.651914
0.6481640000000001
0.645039
0.641289
0.6381640000000001
0.635039
0.633789
0.628789
0.626289
0.621875
0.6225390000000001
0.621289
0.624375
0.628125
0.628789
0.625664
0.623125
0.620625
0.618125
0.614375
0.613164
0.609414
0.6062890000000001
0.605039
0.602539
0.6012890000000001
0.598789
0.600039
0.5962890000000001
0.591914
0.592539
0.590039
0.583164
0.5856640000000001
0.583789
0.5806640000000001
0.579414
0.576914
0.577539
0.574414
0.5750390000000001
0.572539
0.5706640000000001
0.566914
0.566289
0.566914
0.566289
0.567539
0.567539
0.5700390000000001
0.5700390000000001
0.5700390000000001
0.5700390000000001
0.573164
0.571914
0.574414
0.5756640000000001
0.5750390000000001
0.572539
0.5706640000000001
0.568164
0.568789
0.5644140000000001
0.566289
0.571289
0.573164
0.572539
0.5700390000000001
0.568789
0.5706640000000001
0.573789
0.579414
0.581914
0.577539
0.574414
0.57875
0.576289
0.573164
0.578789
0.58
0.581875
0.58
0.576875
0.5756640000000001
0.571875
0.5694140000000001
0.56875
0.5650390000000001
0.563164
0.562539
0.56125
0.562539
0.561289
0.5650390000000001
0.5656640000000001
0.5644140000000001
0.5644140000000001
0.561289
0.558789
0.563164
0.568789
0.5694140000000001
0.567539
0.566289
0.5656640000000001
0.5644140000000001
0.5644140000000001
0.558789
0.561914
0.555664
0.555664
0.5544140000000001
0.552539
0.550664
0.5500390000000001
0.5487890000000001
0.546289
0.545039
0.5387890000000001
0.536914
0.5381640000000001
0.536914
0.535039
0.531289
0.529414
0.526914
0.5237890000000001
0.521289
0.521914
0.515664
0.5187890000000001
0.511289
0.5075390000000001
0.5031640000000001
0.505039
0.5019140000000001
0.49878900000000004
0.497539
0.495039
0.494414
0.49066400000000004
0.48753900000000006
0.485625
0.48566400000000004
0.481914
0.488125
0.491875
0.495625
0.495
0.494414
0.494414
0.500625
0.505039
0.503125
0.505625
0.503125
0.505
0.5081640000000001
0.5069140000000001
0.504414
0.5025390000000001
0.501289
0.5025390000000001
0.5019140000000001
0.505039
0.509414
0.515039
0.515039
0.5175390000000001
0.527539
0.532539
0.5337890000000001
0.530664
0.530039
0.526914
0.5225390000000001
0.524414
0.5237890000000001
0.527539
0.521914
0.5187890000000001
0.515039
0.5125390000000001
0.509414
0.510664
0.505039
0.504414
0.500039
0.49816400000000005
0.500039
0.491914
0.48816400000000004
0.486289
0.483789
0.483789
0.48753900000000006
0.48816400000000004
0.49066400000000004
0.494414
0.496914
0.49816400000000005
0.49378900000000003
0.49253900000000006
0.49066400000000004
0.48878900000000003
0.48878900000000003
0.486914
0.48566400000000004
0.47753900000000005
0.48125
0.478789
0.479375
0.48
0.48125
0.48253900000000005
0.48
0.476875
0.476289
0.474375
0.47003900000000004
0.47253900000000004
0.475
0.471875
0.475
0.47625
0.47503900000000004
0.47503900000000004
0.47316400000000003
0.47191400000000006
0.47253900000000004
0.468789
0.46191400000000005
0.46441400000000005
0.46128900000000006
0.45691400000000004
0.45941400000000004
0.46441400000000005
0.466289
0.46941400000000005
0.47566400000000003
0.47816400000000003
0.476289
0.47753900000000005
0.479414
0.47691400000000006
0.47503900000000004
0.470664
0.46941400000000005
0.466289
0.466289
0.46503900000000004
0.46441400000000005
0.463789
0.460664
0.460664
0.45753900000000003
0.466289
0.46503900000000004
0.46941400000000005
0.473789
0.47441400000000006
0.47253900000000004
0.46941400000000005
0.468164
0.463164
0.465664
0.471289
0.47191400000000006
0.476289
0.48253900000000005
0.48566400000000004
0.484414
0.481914
0.479414
0.48253900000000005
0.48066400000000004
0.47691400000000006
0.47566400000000003
0.48125
0.47691400000000006
0.4825
0.481875
0.479414
0.47625
0.47253900000000004
0.47253900000000004
0.468125
0.466875
0.464375
0.46191400000000005
0.46253900000000003
0.45878900000000006
0.45691400000000004
0.45441400000000004
0.452539
0.450664
0.448164
0.44691400000000003
0.447539
0.448164
0.460664
0.46128900000000006
0.46941400000000005
0.48066400000000004
0.486289
0.48816400000000004
0.48566400000000004
0.486289
0.49003900000000006
0.49378900000000003
0.49378900000000003
0.49316400000000005
0.494414
0.49378900000000003
0.48878900000000003
0.489414
0.48753900000000006
0.486914
0.48566400000000004
0.48566400000000004
0.48316400000000004
0.47566400000000003
0.478789
0.47691400000000006
0.47566400000000003
0.476289
0.47691400000000006
0.476289
0.473789
0.47191400000000006
0.47191400000000006
0.46753900000000004
0.45878900000000006
0.46441400000000005
0.46503900000000004
0.47253900000000004
0.47253900000000004
0.47191400000000006
0.48003900000000005
0.48316400000000004
0.483789
0.481289
0.48066400000000004
0.481914
0.481289
0.48875
0.49125
0.494414
0.49378900000000003
0.491875
0.48875
0.486914
0.484414
0.484375
0.4775
0.4775
0.475
0.479375
0.48375
0.485625
0.49003900000000006
0.49253900000000006
0.49128900000000003
0.489414
0.49003900000000006
0.486289
0.49066400000000004
0.48503900000000005
0.484414
0.483789
0.48003900000000005
0.47816400000000003
0.47566400000000003
0.47441400000000006
0.47316400000000003
0.47253900000000004
0.468164
0.46253900000000003
0.463789
0.463164
0.46191400000000005
0.46003900000000003
0.458164
0.45753900000000003
0.45691400000000004
0.455664
0.45628900000000006
0.455664
0.45753900000000003
0.45628900000000006
0.458164
0.45628900000000006
0.45628900000000006
0.45378900000000005
0.452539
0.45128900000000005
0.450039
0.44941400000000004
0.450039
0.45378900000000005
0.45941400000000004
0.46253900000000003
0.468164
0.465664
0.476289
0.48816400000000004
0.49566400000000005
0.49566400000000005
0.495039
0.49816400000000005
0.5025390000000001
0.516289
0.520664
0.5281640000000001
0.536289
0.535625
0.5331640000000001
0.53125
0.531875
0.530625
0.53
0.525
0.52375
0.5175
0.5175
0.5181640000000001
0.515625
0.516289
0.520664
0.525039
0.5231640000000001
0.526289
0.5287890000000001
0.531914
0.535039
0.532539
0.531289
0.531289
0.531289
0.5281640000000001
0.5281640000000001
0.525664
0.5231640000000001
0.5231640000000001
0.520664
0.516289
0.516914
0.510664
0.5081640000000001
0.505664
0.5031640000000001
0.5019140000000001
0.500039
0.49878900000000004
0.499414
0.497539
0.49816400000000005
0.49628900000000004
0.495039
0.49003900000000006
0.48753900000000006
0.48566400000000004
0.48503900000000005
0.483789
0.481289
0.48066400000000004
0.47753900000000005
0.48003900000000005
0.47566400000000003
0.47503900000000004
0.47253900000000004
0.47191400000000006
0.47003900000000004
0.468789
0.46691400000000005
0.46503900000000004
0.466289
0.46253900000000003
0.46691400000000005
0.46941400000000005
0.4725
0.478125
0.476289
0.475625
0.47441400000000006
0.473125
0.470625
0.469375
0.4675
0.466875
0.465664
0.46941400000000005
0.474375
0.470664
0.47253900000000004
0.476289
0.478789
0.47753900000000005
0.476289
0.47691400000000006
0.471289
0.47441400000000006
0.47253900000000004
0.47753900000000005
0.48566400000000004
0.48753900000000006
0.495039
0.500664
0.5025390000000001
0.499414
0.500664
0.496914
0.500664
0.497539
0.49628900000000004
0.489414
0.491914
0.48816400000000004
0.486289
0.48566400000000004
0.48566400000000004
0.484414
0.48066400000000004
0.48003900000000005
0.47691400000000006
0.471289
0.46691400000000005
0.46941400000000005
0.468789
0.466289
0.463789
0.465664
0.470664
0.471289
0.47003900000000004
0.47253900000000004
0.473789
0.47441400000000006
0.47816400000000003
0.47753900000000005
0.47816400000000003
0.481914
0.48316400000000004
0.481289
0.483789
0.49
0.48875
0.49
0.493125
0.500625
0.501875
0.505625
0.506875
0.5069140000000001
0.503789
0.505664
0.5081640000000001
0.511289
0.51375
0.5187890000000001
0.519414
0.516289
0.515039
0.5131640000000001
0.510664
0.5069140000000001
0.5069140000000001
0.503789
0.509414
0.508789
0.510664
0.520664
0.5175390000000001
0.516289
0.5175390000000001
0.521289
0.519414
0.5231640000000001
0.521914
0.521289
0.5181640000000001
0.513789
0.511914
0.511914
0.510039
0.5075390000000001
0.505664
0.5019140000000001
0.49878900000000004
0.497539
0.49566400000000005
0.489414
0.48878900000000003
0.483789
0.486914
0.49128900000000003
0.49066400000000004
0.49316400000000005
0.49816400000000005
0.500664
0.500664
0.49816400000000005
0.495039
0.49566400000000005
0.49378900000000003
0.489414
0.486914
0.483789
0.481914
0.479414
0.48003900000000005
0.484414
0.485
0.490625
0.4925
0.48875
0.48625
0.485625
0.483125
0.481875
0.48125
0.476875
0.47816400000000003
0.47375
0.465664
0.46941400000000005
0.468164
0.47003900000000004
0.46691400000000005
0.46441400000000005
0.46253900000000003
0.46003900000000003
0.458164
0.45628900000000006
0.452539
0.452539
0.450039
0.448164
0.44691400000000003
0.44441400000000003
0.442539
0.44128900000000004
0.440039
0.437539
0.43628900000000004
0.43566400000000005
0.429414
0.43316400000000005
0.429414
0.429414
0.43003900000000006
0.43003900000000006
0.43066400000000005
0.43066400000000005
0.43066400000000005
0.43066400000000005
0.43128900000000003
0.43128900000000003
0.43566400000000005
0.434414
0.439414
0.442539
0.44316400000000006
0.44128900000000004
0.44066400000000006
0.44128900000000004
0.44316400000000006
0.44566400000000006
0.442539
0.44878900000000005
0.439414
0.437539
0.434414
0.439414
0.43816400000000005
0.43816400000000005
0.43878900000000004
0.43816400000000005
0.44378900000000004
0.44375
0.4475
0.445625
0.443125
0.44125
0.44066400000000006
0.438125
0.440625
0.44316400000000006
0.443125
0.445625
0.45
0.4525
0.45125
0.45191400000000004
0.45753900000000003
0.46503900000000004
0.46441400000000005
0.46941400000000005
0.47191400000000006
0.470664
0.46941400000000005
0.468164
0.46441400000000005
0.46191400000000005
0.460664
0.458164
0.45753900000000003
0.45878900000000006
0.45941400000000004
0.45753900000000003
0.45441400000000004
0.450039
0.45378900000000005
0.45441400000000004
0.45691400000000004
0.45441400000000004
0.45878900000000006
0.468164
0.460664
0.458164
0.45753900000000003
0.455664
0.455039
0.458164
0.46128900000000006
0.47003900000000004
0.46691400000000005
0.47003900000000004
0.470664
0.47191400000000006
0.471289
0.471289
0.47503900000000004
0.47566400000000003
0.47316400000000003
0.47191400000000006
0.47191400000000006
0.46753900000000004
0.46691400000000005
0.46691400000000005
0.46503900000000004
0.46441400000000005
0.46128900000000006
0.46003900000000003
0.45753900000000003
0.46125
0.464375
0.46625
0.461875
0.463125
0.46753900000000004
0.47003900000000004
0.465625
0.46128900000000006
0.4625
0.468164
0.471289
0.470625
0.4675
0.46941400000000005
0.464375
0.466289
0.465664
0.46503900000000004
0.463789
0.460664
0.45878900000000006
0.455664
0.455664
0.450664
0.44441400000000003
0.445039
0.44441400000000003
0.44066400000000006
0.43816400000000005
0.435039
0.434414
0.431914
0.43003900000000006
0.42878900000000003
0.426914
0.42628900000000003
0.42316400000000004
0.42003900000000005
0.42003900000000005
0.41816400000000004
0.416289
0.41503900000000005
0.41441400000000006
0.413789
0.41253900000000004
0.41253900000000004
0.405039
0.406914
0.401289
0.401914
0.401914
0.401914
0.399414
0.398789
0.397539
0.396914
0.397539
0.391914
0.391914
0.391914
0.391289
0.391914
0.388789
0.388164
0.38753899999999997
0.39003899999999997
0.393789
0.398789
0.39816399999999996
0.399375
0.394414
0.3975
0.393164
0.39566399999999996
0.393164
0.3925
0.390664
0.38875
0.388125
0.385625
0.385625
0.384375
0.384414
0.381289
0.381289
0.381914
0.379414
0.38003899999999996
0.37691399999999997
0.375039
0.37441399999999997
0.375664
0.37191399999999997
0.372539
0.371289
0.370664
0.373164
0.373164
0.371289
0.37441399999999997
0.375039
0.38253899999999996
0.383789
0.38753899999999997
0.39253899999999997
0.391914
0.394414
0.394414
0.39816399999999996
0.39816399999999996
0.396914
0.394414
0.39566399999999996
0.391289
0.385664
0.38753899999999997
0.385664
0.386289
0.383789
0.381914
0.380664
0.378789
0.376289
0.377539
0.375664
0.370039
0.373789
0.37691399999999997
0.38253899999999996
0.377539
0.376289
0.373164
0.380664
0.3825
0.385
0.38503899999999996
0.383789
0.383164
0.383125
0.381289
0.38
0.384375
0.3875
0.388164
0.39375
0.396875
0.39875
0.39625
0.394375
0.393789
0.395039
0.390625
0.39003899999999997
0.388164
0.386289
0.384414
0.381914
0.380664
0.37691399999999997
0.375664
0.373164
0.36941399999999996
0.36441399999999996
0.36691399999999996
0.365664
0.363164
0.36128899999999997
0.35878899999999997
0.35878899999999997
0.35378899999999996
0.346914
0.349414
0.34878899999999996
0.34316399999999997
0.34566399999999997
0.34316399999999997
0.34316399999999997
0.341289
0.34066399999999997
0.34066399999999997
0.33816399999999996
0.337539
0.33566399999999996
0.334414
0.334414
0.332539
0.330664
0.33003899999999997
0.328789
0.328789
0.326914
0.325664
0.321289
0.321289
0.32003899999999996
0.32003899999999996
0.316289
0.315664
0.315039
0.32003899999999996
0.323164
0.325664
0.325
0.32003899999999996
0.32125
0.324375
0.321875
0.323125
0.325625
0.331875
0.332539
0.333125
0.340625
0.350625
0.351875
0.360039
0.35
0.350664
0.346289
0.350039
0.34878899999999996
0.347539
0.345039
0.342539
0.34316399999999997
0.34316399999999997
0.343789
0.344414
0.341914
0.348164
0.35128899999999996
0.350039
0.347539
0.34566399999999997
0.343789
0.342539
0.342539
0.341289
0.336289
0.336914
0.332539
0.33003899999999997
0.328789
0.326289
0.325664
0.324414
0.323164
0.32003899999999996
0.31753899999999996
0.316914
0.313789
0.311289
0.30941399999999997
0.30691399999999996
0.305664
0.305664
0.303164
0.301289
0.303164
0.300039
0.30191399999999996
0.299414
0.295039
0.29628899999999997
0.29378899999999997
0.298164
0.301289
0.304375
0.30441399999999996
0.305
0.30191399999999996
0.298125
0.301875
0.301875
0.306875
0.313125
0.32125
0.32375
0.33875
0.34875
0.35125
0.35
0.350625
0.350039
0.350664
0.351914
0.350664
0.34878899999999996
0.347539
0.345039
0.341914
0.33816399999999996
0.336914
0.330664
0.330664
0.33003899999999997
0.328164
0.325664
0.323164
0.32003899999999996
0.31753899999999996
0.316914
0.315664
0.313789
0.308789
0.310039
0.30691399999999996
0.30441399999999996
0.306289
0.30691399999999996
0.306289
0.307539
0.307539
0.307539
0.305664
0.301289
0.29628899999999997
0.29878899999999997
0.298164
0.29628899999999997
0.29378899999999997
0.294414
0.294414
0.294414
0.291914
0.291914
0.290664
0.290664
0.289414
0.289414
0.285664
0.286914
0.295039
0.296914
0.299414
0.303125
0.306875
0.309375
0.305625
0.31125
0.309375
0.306289
0.303125
0.302539
0.301875
0.30125
0.29875
0.299375
0.30125
0.29628899999999997
0.295039
0.29878899999999997
0.293164
0.295
0.293164
0.292539
0.290664
0.290664
0.290039
0.290039
0.287539
0.294414
0.285664
0.283789
0.285664
0.283789
0.283789
0.28066399999999997
0.28066399999999997
0.279414
0.28066399999999997
0.27816399999999997
0.276914
0.276289
0.274414
0.275039
0.276289
0.276289
0.275039
0.276289
0.27566399999999996
0.274414
0.274414
0.281289
0.281289
0.289414
0.292539
0.299414
0.300664
0.300039
0.301289
0.30191399999999996
0.303164
0.30441399999999996
0.303789
0.300039
0.303164
0.300664
0.301289
0.30691399999999996
0.31
0.3125
0.31125
0.30941399999999997
0.311875
0.31125
0.30875
0.30625
0.305625
0.303125
0.303125
0.301289
0.299414
0.299414
0.29875
0.299414
0.295664
0.296914
0.296914
0.29878899999999997
0.295664
0.29628899999999997
0.297539
0.300039
0.30441399999999996
0.30441399999999996
0.308164
0.31191399999999997
0.31441399999999997
0.31441399999999997
0.313164
0.31191399999999997
0.312539
0.313789
0.312539
0.31191399999999997
0.310664
0.30941399999999997
0.307539
0.301289
0.303164
0.305664
0.305664
0.306289
0.308164
0.308789
0.308789
0.307539
0.305664
0.306289
0.302539
0.305664
0.303164
0.30191399999999996
0.300664
0.300664
0.29878899999999997
0.297539
0.296914
0.296914
0.29628899999999997
0.291914
0.297539
0.290039
0.294414
0.290664
0.299414
0.30625
0.308164
0.308164
0.310625
0.310625
0.310625
0.311289
0.307539
0.305
0.305664
0.305039
0.303125
0.30125
0.300625
0.300664
0.302539
0.30941399999999997
0.313164
0.315664
0.324414
0.33316399999999996
0.33566399999999996
0.335039
0.333789
0.332539
0.33316399999999996
0.33316399999999996
0.335039
0.33003899999999997
0.328164
0.329414
0.325664
0.326914
0.323789
0.32253899999999996
0.320664
0.318789
0.316914
0.316289
0.31191399999999997
0.31753899999999996
0.308789
0.308164
0.303164
0.30691399999999996
0.305039
0.30441399999999996
0.302539
0.300664
0.301289
0.297539
0.298164
0.295664
0.292539
0.288164
0.291914
0.290664
0.28878899999999996
0.28878899999999996
0.285664
0.284414
0.283789
0.283789
0.282539
0.279414
0.28628899999999996
0.28878899999999996
0.29125
0.292539
0.29128899999999996
0.29125
0.29125
0.29125
0.29125
0.28875
0.285625
0.285039
0.284414
0.2825
0.281914
0.279375
0.28
0.278789
0.280039
0.277539
0.271914
0.276289
0.275039
0.27316399999999996
0.273789
0.27316399999999996
0.271914
0.271289
0.269414
0.271914
0.268164
0.268164
0.266914
0.26753899999999997
0.26503899999999997
0.26503899999999997
0.263789
0.264414
0.26253899999999997
0.261914
0.260664
0.258789
0.258789
0.258164
0.25753899999999996
0.258164
0.256914
0.258164
0.258789
0.25753899999999996
0.256914
0.25503899999999996
0.25503899999999996
0.248164
0.252539
0.249414
0.249414
0.251289
0.251289
0.250664
0.250664
0.249414
0.248164
0.24878899999999998
0.245664
0.244414
0.243164
0.253789
0.256875
0.26003899999999996
0.259375
0.25875
0.258164
0.260664
0.261914
0.25875
0.26125
0.25875
0.255664
0.25
0.2525
0.25125
0.250625
0.251875
0.25125
0.25125
0.250039
0.24878899999999998
0.248164
0.246914
0.24628899999999998
0.24503899999999998
0.24378899999999998
0.243164
0.241914
0.24253899999999998
0.240664
0.24128899999999998
0.24128899999999998
0.240664
0.237539
0.24003899999999997
0.236289
0.236289
0.23566399999999998
0.23441399999999998
0.235039
0.233789
0.23316399999999998
0.23066399999999998
0.22941399999999998
0.231289
0.228789
0.23066399999999998
0.232539
0.23316399999999998
0.23191399999999998
0.230039
0.22816399999999998
0.228789
0.22566399999999998
0.222539
0.223789
0.22316399999999997
0.22441399999999997
0.221914
0.22128899999999999
0.220664
0.220664
0.219414
0.220664
0.216914
0.21003899999999998
0.219414
0.225
0.22441399999999997
0.228125
0.22691399999999998
0.226289
0.2275
0.227539
0.228125
0.22625
0.22691399999999998
0.221875
0.2225
0.219375
0.218164
0.21753899999999998
0.21625
0.215625
0.215625
0.215
0.21503899999999998
0.21378899999999998
0.213125
0.21253899999999998
0.211914
0.20878899999999997
0.206289
0.204414
0.203164
0.203789
0.203789
0.204414
0.202539
0.198164
0.200664
0.19878900000000002
0.20003900000000002
0.198164
0.19753900000000002
0.195664
0.19503900000000002
0.19253900000000002
0.19378900000000002
0.19128900000000001
0.186914
0.191914
0.19128900000000001
0.19503900000000002
0.188789
0.187539
0.186914
0.185039
0.18316400000000002
0.18316400000000002
0.181289
0.18191400000000002
0.178789
0.178789
0.178789
0.177539
0.17566400000000001
0.17566400000000001
0.174414
0.173164
0.172539
0.171914
0.165664
0.17816400000000002
0.176289
0.182539
0.18566400000000002
0.183789
0.18441400000000002
0.185
0.185039
0.184375
0.18441400000000002
0.180039
0.18066400000000002
0.18125
0.175625
0.175
0.1725
0.171875
0.17125
0.170625
0.170625
0.171289
0.168164
0.165664
0.166914
0.164414
0.16878900000000002
0.16253900000000002
0.16128900000000002
0.16003900000000001
0.159414
0.158164
0.158789
0.156289
0.155664
0.15441400000000002
0.15441400000000002
0.15316400000000002
0.153789
0.15316400000000002
0.152539
0.150039
0.14816400000000002
0.14816400000000002
0.148789
0.150039
0.14816400000000002
0.148789
0.148789
0.146289
0.146289
0.14441400000000001
0.143789
0.141914
0.141289
0.141289
0.139414
0.141289
0.136914
0.135664
0.135664
0.136914
0.13628900000000002
0.136914
0.135664
0.13378900000000002
0.13503900000000002
0.13378900000000002
0.138164
0.13878900000000002
0.14441400000000001
0.145625
0.14566400000000002
0.14625
0.14625
0.146875
0.146289
0.148125
0.14441400000000001
0.145
0.1425
0.1425
0.14375
0.136875
0.13625
0.13625
0.135625
0.134375
