0.13003900000000002
0.13003900000000002
0.13128900000000002
0.13003900000000002
0.13128900000000002
0.126289
0.12441400000000001
0.129414
0.126289
0.130664
0.13128900000000002
0.135664
0.13503900000000002
0.13503900000000002
0.13628900000000002
0.140039
0.140664
0.14941400000000002
0.141289
0.142539
0.139414
0.14566400000000002
0.14816400000000002
0.14816400000000002
0.146289
0.14566400000000002
0.146289
0.143164
0.141289
0.141289
0.138164
0.13878900000000002
0.140664
0.139414
0.138164
0.138164
0.13628900000000002
0.135664
0.135664
0.135664
0.1325
0.135625
0.131875
0.131914
0.13253900000000002
0.13128900000000002
0.13128900000000002
0.131914
0.13125
0.1325
0.13253900000000002
0.127539
0.12625
0.131914
0.13
0.12875
0.129414
0.13628900000000002
0.139375
0.143125
0.146289
0.15441400000000002
0.160664
0.165664
0.172539
0.171289
0.171914
0.171914
0.172539
0.173789
0.173164
0.17566400000000001
0.171289
0.16878900000000002
0.171289
0.169414
0.169414
0.169414
0.17003900000000002
0.17566400000000001
0.17941400000000002
0.180039
0.181289
0.189414
0.199414
0.20128900000000002
0.201914
0.202539
0.205039
0.21253899999999998
0.21753899999999998
0.215664
0.215664
0.216914
0.218164
0.21628899999999998
0.223789
0.223789
0.222539
0.22941399999999998
0.23441399999999998
0.23316399999999998
0.23566399999999998
0.237539
0.235039
0.235039
0.22941399999999998
0.23066399999999998
0.228789
0.227539
0.22875
0.22625
0.225039
0.22375
0.223125
0.22375
0.225
0.22128899999999999
0.226289
0.21878899999999998
0.218164
0.218125
0.223125
0.22625
0.23
0.2425
0.25125
0.254414
0.25191399999999997
0.253789
0.25503899999999996
0.25503899999999996
0.258789
0.263789
0.263164
0.266289
0.266289
0.265664
0.26503899999999997
0.264414
0.261914
0.261289
0.260664
0.258789
0.258164
0.25753899999999996
0.25503899999999996
0.25503899999999996
0.253789
0.253164
0.253164
0.249414
0.246914
0.24878899999999998
0.24753899999999998
0.249414
0.24878899999999998
0.250664
0.25191399999999997
0.253789
0.25191399999999997
0.253789
0.253789
0.265664
0.265664
0.271289
0.266914
0.271914
0.27316399999999996
0.27316399999999996
0.274414
0.27316399999999996
0.276289
0.275039
0.276914
0.275039
0.271914
0.271914
0.2725
0.27066399999999996
0.270039
0.27066399999999996
0.27066399999999996
0.269375
0.26875
0.26875
0.26625
0.264375
0.265
0.26625
0.26753899999999997
0.273125
0.279414
0.281914
0.281914
0.285039
0.285664
0.283789
0.28316399999999997
0.283789
0.285039
0.284414
0.285039
0.286914
0.28878899999999996
0.291914
0.293164
0.291914
0.288164
0.290664
0.290039
0.290664
0.29128899999999996
0.290039
0.289414
0.28878899999999996
0.287539
0.290664
0.28878899999999996
0.287539
0.28878899999999996
0.295039
0.30941399999999997
0.307539
0.315039
0.323789
0.32753899999999997
0.326914
0.328789
0.32753899999999997
0.331914
0.333789
0.331289
0.331914
0.330664
0.33003899999999997
0.33003899999999997
0.329414
0.33003899999999997
0.33003899999999997
0.33003899999999997
0.323789
0.32753899999999997
0.324414
0.323789
0.32625
0.326914
0.32625
0.3275
0.32875
0.3275
0.328125
0.323125
0.323125
0.32625
0.323125
0.326289
0.331914
0.334375
0.338789
0.340039
0.34566399999999997
0.347539
0.349414
0.36128899999999997
0.359414
0.357539
0.351914
0.355039
0.355664
0.35628899999999997
0.35628899999999997
0.355664
0.356914
0.356914
0.355664
0.35628899999999997
0.36128899999999997
0.361914
0.367539
0.37191399999999997
0.373789
0.373789
0.378789
0.388789
0.396914
0.401289
0.41253900000000004
0.424414
0.42878900000000003
0.42878900000000003
0.429414
0.426914
0.42753900000000006
0.426914
0.42503900000000006
0.42566400000000004
0.42566400000000004
0.426914
0.43066400000000005
0.42628900000000003
0.43378900000000004
0.436914
0.440039
0.44941400000000004
0.452539
0.450039
0.450664
0.448164
0.44441400000000003
0.44628900000000005
0.44441400000000003
0.44566400000000006
0.448125
0.445625
0.44628900000000005
0.446875
0.44625
0.444375
0.439375
0.430625
0.435
0.4325
0.42628900000000003
0.436875
0.439414
0.440625
0.440039
0.43816400000000005
0.43566400000000005
0.435039
0.432539
0.429414
0.42753900000000006
0.42503900000000006
0.42253900000000005
0.42066400000000004
0.42003900000000005
0.41816400000000004
0.416289
0.41503900000000005
0.413789
0.41191400000000006
0.411289
0.406914
0.40816399999999997
0.404414
0.403789
0.401914
0.399414
0.399414
0.400039
0.404414
0.409414
0.407539
0.41816400000000004
0.423789
0.42753900000000006
0.426914
0.42878900000000003
0.42566400000000004
0.426914
0.42753900000000006
0.42816400000000004
0.42566400000000004
0.42566400000000004
0.43378900000000004
0.436914
0.43878900000000004
0.439414
0.43878900000000004
0.43878900000000004
0.43878900000000004
0.437539
0.43628900000000004
0.43628900000000004
0.436914
0.43378900000000004
0.434414
0.440039
0.44441400000000003
0.44441400000000003
0.44378900000000004
0.44878900000000005
0.4575
0.45941400000000004
0.459375
0.45128900000000005
0.4525
0.4525
0.45753900000000003
0.470625
0.470625
0.478789
0.48625
0.486914
0.48503900000000005
0.486914
0.483789
0.48253900000000005
0.48503900000000005
0.479414
0.48066400000000004
0.479414
0.478789
0.476289
0.47753900000000005
0.479414
0.47816400000000003
0.47316400000000003
0.47253900000000004
0.468789
0.465664
0.463789
0.46191400000000005
0.460664
0.45753900000000003
0.45691400000000004
0.45753900000000003
0.458164
0.45691400000000004
0.45753900000000003
0.458164
0.45941400000000004
0.466289
0.470664
0.470664
0.476289
0.489414
0.497539
0.497539
0.49878900000000004
0.505039
0.5019140000000001
0.500664
0.499414
0.49816400000000005
0.505664
0.504414
0.5069140000000001
0.5081640000000001
0.5075390000000001
0.510664
0.5081640000000001
0.5125
0.51
0.508125
0.508789
0.50625
0.50625
0.505
0.50375
0.505
0.50875
0.5075390000000001
0.5125390000000001
0.506875
0.5081640000000001
0.511914
0.523125
0.531914
0.5344140000000001
0.535039
0.532539
0.536289
0.540664
0.550664
0.555664
0.555664
0.556914
0.566289
0.5700390000000001
0.568164
0.5656640000000001
0.566914
0.568789
0.574414
0.5856640000000001
0.5862890000000001
0.5956640000000001
0.605039
0.609414
0.605039
0.6019140000000001
0.605664
0.6119140000000001
0.613164
0.6169140000000001
0.6219140000000001
0.6275390000000001
0.629414
0.625664
0.620664
0.621289
0.620039
0.614414
0.6112890000000001
0.608789
0.6062890000000001
0.6012890000000001
0.597539
0.594414
0.5906640000000001
0.5906640000000001
0.5862890000000001
0.5856640000000001
0.581914
0.579414
0.576914
0.576289
0.5706640000000001
0.5644140000000001
0.567539
0.566289
0.559375
0.560664
0.561289
0.560625
0.558125
0.555
0.5537890000000001
0.55
0.548164
0.545039
0.550625
0.5494140000000001
0.551914
0.5544140000000001
0.555664
0.5594140000000001
0.561289
0.560664
0.566289
0.562539
0.5694140000000001
0.5706640000000001
0.5750390000000001
0.5756640000000001
0.573789
0.574414
0.573789
0.574414
0.5750390000000001
0.579414
0.574414
0.5756640000000001
0.576289
0.5750390000000001
0.5706640000000001
0.577539
0.5806640000000001
0.578789
0.5800390000000001
0.5862890000000001
0.5912890000000001
0.590039
0.593164
0.593789
0.597539
0.593789
0.598164
0.6012890000000001
0.599414
0.5962890000000001
0.5962890000000001
0.5962890000000001
0.595039
0.593164
0.592539
0.591914
0.5912890000000001
0.594414
0.591914
0.590039
0.588164
0.5856640000000001
0.584414
0.583164
0.583164
0.578125
0.5800390000000001
0.575625
0.575625
0.5812890000000001
0.588164
0.588789
0.591875
0.596875
0.6006640000000001
0.600039
0.6025
0.615664
0.621875
0.631875
0.641914
0.6425390000000001
0.641289
0.6437890000000001
0.649414
0.6531640000000001
0.650664
0.6481640000000001
0.6475390000000001
0.6481640000000001
0.660039
0.660664
0.660039
0.6631640000000001
0.6637890000000001
0.660664
0.661289
0.6594140000000001
0.6631640000000001
0.6644140000000001
0.661289
0.6587890000000001
0.6587890000000001
0.660664
0.661914
0.660039
0.657539
0.660664
0.665664
0.667539
0.667539
0.671914
0.6694140000000001
0.666914
0.6644140000000001
0.666914
0.670664
0.6694140000000001
0.671914
0.675664
0.673164
0.671289
0.671289
0.6694140000000001
0.668164
0.6694140000000001
0.6750390000000001
0.6744140000000001
0.6787890000000001
0.6850390000000001
0.686914
0.683789
0.687539
0.683125
0.681289
0.681914
0.6800390000000001
0.676914
0.6750390000000001
0.673125
0.67125
0.668125
0.661875
0.671875
0.665625
0.666289
0.670664
0.667539
0.6694140000000001
0.6694140000000001
0.666289
0.668164
0.671289
0.670664
0.670039
0.666914
0.671914
0.6800390000000001
0.6794140000000001
0.6844140000000001
0.6906640000000001
0.691289
0.688164
0.6850390000000001
0.685664
0.6800390000000001
0.682539
0.677539
0.677539
0.6750390000000001
0.671289
0.668164
0.665039
0.662539
0.6594140000000001
0.6587890000000001
0.6531640000000001
0.652539
0.650664
0.650039
0.6481640000000001
0.649414
0.650039
0.6475390000000001
0.6475390000000001
0.649414
0.651914
0.650039
0.6594140000000001
0.655039
0.657539
0.6581640000000001
0.6531640000000001
0.652539
0.651289
0.650664
0.651914
0.651289
0.646914
0.6475390000000001
0.64375
0.64125
0.641914
0.645
0.645625
0.64625
0.645
0.650625
0.65375
0.654375
0.65375
0.658125
0.67
0.677539
0.676914
0.6794140000000001
0.6794140000000001
0.676914
0.6744140000000001
0.671289
0.670039
0.668164
0.6694140000000001
0.665664
0.665664
0.661914
0.660039
0.6594140000000001
0.660664
0.660039
0.660664
0.665039
0.661914
0.656914
0.655039
0.6531640000000001
0.649414
0.646914
0.644414
0.641914
0.640039
0.6375390000000001
0.6381640000000001
0.640039
0.6481640000000001
0.6481640000000001
0.6531640000000001
0.657539
0.657539
0.654414
0.651914
0.650039
0.6481640000000001
0.646914
0.645039
0.6481640000000001
0.6487890000000001
0.646289
0.650039
0.649414
0.6481640000000001
0.6481640000000001
0.6475390000000001
0.6487890000000001
0.650039
0.649414
0.641289
0.6437890000000001
0.641289
0.640625
0.64125
0.640625
0.635625
0.6325
0.630625
0.6275
0.628789
0.62875
0.629375
0.6331640000000001
0.629414
0.6269140000000001
0.625039
0.623164
0.620664
0.618164
0.6162890000000001
0.615039
0.610039
0.604414
0.613164
0.613789
0.6219140000000001
0.621289
0.621289
0.620664
0.621289
0.619414
0.618164
0.6169140000000001
0.6169140000000001
0.6162890000000001
0.614414
0.6119140000000001
0.607539
0.605664
0.604414
0.605664
0.610039
0.610664
0.6162890000000001
0.6175390000000001
0.6175390000000001
0.610664
0.6112890000000001
0.6112890000000001
0.613789
0.6112890000000001
0.6119140000000001
0.610664
0.6125390000000001
0.614414
0.610039
0.614414
0.618789
0.615039
0.615039
0.614414
0.613789
0.6119140000000001
0.610039
0.6069140000000001
0.608164
0.6062890000000001
0.603164
0.6025
0.603125
0.6
0.598125
0.594375
0.59
0.586875
0.58375
0.58625
0.584375
0.5875
0.5856640000000001
0.586914
0.588164
0.5800390000000001
0.576914
0.5750390000000001
0.573164
0.571289
0.568789
0.5706640000000001
0.573789
0.568789
0.5750390000000001
0.576289
0.576289
0.573789
0.574414
0.583164
0.593164
0.5956640000000001
0.605039
0.614414
0.618164
0.615664
0.6125390000000001
0.608789
0.607539
0.607539
0.6062890000000001
0.607539
0.613164
0.615664
0.614414
0.615039
0.6219140000000001
0.623164
0.620039
0.6175390000000001
0.618789
0.6219140000000001
0.6225390000000001
0.619414
0.623164
0.621289
0.618164
0.615039
0.614414
0.608164
0.6112890000000001
0.615039
0.6125390000000001
0.613789
0.614414
0.613164
0.615039
0.615625
0.615
0.614375
0.610625
0.61125
0.611875
0.608164
0.6025
0.600039
0.60375
0.6019140000000001
0.5956640000000001
0.597539
0.59375
0.5912890000000001
0.589414
0.588164
0.589414
0.593789
0.592539
0.595039
0.598789
0.599414
0.6006640000000001
0.595039
0.592539
0.589414
0.586914
0.584414
0.5812890000000001
0.578789
0.576289
0.573789
0.568164
0.561289
0.563164
0.561289
0.5600390000000001
0.558164
0.558789
0.558164
0.556914
0.556289
0.556914
0.5544140000000001
0.552539
0.5494140000000001
0.546914
0.5437890000000001
0.541289
0.5387890000000001
0.536914
0.5344140000000001
0.5331640000000001
0.532539
0.5344140000000001
0.531289
0.530664
0.526289
0.5281640000000001
0.525664
0.525039
0.5225390000000001
0.521289
0.519414
0.516914
0.516875
0.511875
0.51375
0.510625
0.513125
0.510625
0.5081640000000001
0.505664
0.505039
0.505
0.5075
0.515039
0.514414
0.510664
0.51
0.513789
0.514414
0.513789
0.514414
0.5125390000000001
0.5125390000000001
0.513789
0.515664
0.513789
0.515039
0.516914
0.520664
0.521289
0.520664
0.5181640000000001
0.516914
0.516289
0.516289
0.516289
0.521914
0.5287890000000001
0.525664
0.526289
0.5287890000000001
0.5331640000000001
0.540664
0.5544140000000001
0.561914
0.561289
0.563164
0.566914
0.5656640000000001
0.566289
0.566289
0.566289
0.571289
0.576914
0.576289
0.5800390000000001
0.5806640000000001
0.5800390000000001
0.5800390000000001
0.583789
0.588164
0.588789
0.591914
0.5962890000000001
0.594414
0.592539
0.589414
0.5850390000000001
0.58
0.579375
0.573789
0.568789
0.576875
0.5756640000000001
0.5825
0.578125
0.578125
0.574375
0.5775
0.575625
0.5756640000000001
0.572539
0.571875
0.568789
0.566289
0.563789
0.561914
0.558164
0.555664
0.551914
0.5500390000000001
0.545664
0.5437890000000001
0.535664
0.535664
0.536289
0.530039
0.5281640000000001
0.526289
0.531289
0.5344140000000001
0.5344140000000001
0.5394140000000001
0.5437890000000001
0.541289
0.542539
0.5387890000000001
0.536914
0.536289
0.535664
0.5331640000000001
0.530664
0.530039
0.529414
0.5287890000000001
0.5225390000000001
0.516289
0.5181640000000001
0.515039
0.516914
0.5125390000000001
0.510664
0.510664
0.5081640000000001
0.5075390000000001
0.5075390000000001
0.5069140000000001
0.504414
0.501289
0.500039
0.497539
0.496914
0.49566400000000005
0.49378900000000003
0.491914
0.49
0.488125
0.4875
0.4875
0.48375
0.48375
0.483125
0.48066400000000004
0.479414
0.478789
0.481875
0.48503900000000005
0.48753900000000006
0.48878900000000003
0.483789
0.486875
0.48503900000000005
0.48566400000000004
0.491914
0.49378900000000003
0.497539
0.501289
0.501289
0.49878900000000004
0.501289
0.500039
0.503789
0.5019140000000001
0.5081640000000001
0.5081640000000001
0.511914
0.5131640000000001
0.511914
0.510664
0.514414
0.5231640000000001
0.525039
0.5237890000000001
0.529414
0.535664
0.5394140000000001
0.540664
0.540039
0.536289
0.5387890000000001
0.541914
0.5387890000000001
0.536289
0.535039
0.529414
0.530039
0.5237890000000001
0.5225390000000001
0.521289
0.521914
0.521914
0.5225390000000001
0.524414
0.524414
0.521289
0.5181640000000001
0.5175390000000001
0.514414
0.509414
0.5069140000000001
0.503789
0.5019140000000001
0.5
0.49878900000000004
0.49816400000000005
0.49375
0.496914
0.49125
0.488125
0.48878900000000003
0.485
0.48375
0.48625
0.48875
0.4875
0.48875
0.486289
0.478789
0.483789
0.481289
0.481289
0.48003900000000005
0.47691400000000006
0.47503900000000004
0.47253900000000004
0.470664
0.468789
0.46691400000000005
0.465664
0.463164
0.45878900000000006
0.45878900000000006
0.458164
0.45628900000000006
0.45691400000000004
0.45628900000000006
0.455039
0.45441400000000004
0.455039
0.44628900000000005
0.448164
0.44378900000000004
0.44316400000000006
0.44566400000000006
0.445039
0.44378900000000004
0.442539
0.44128900000000004
0.440039
0.43878900000000004
0.43316400000000005
0.43566400000000005
0.432539
0.43316400000000005
0.42878900000000003
0.42816400000000004
0.42628900000000003
0.42566400000000004
0.42503900000000006
0.42503900000000006
0.42503900000000006
0.42003900000000005
0.42503900000000006
0.419414
0.42003900000000005
0.42566400000000004
0.419414
0.418789
0.416914
0.41566400000000003
0.413789
0.41316400000000003
0.41191400000000006
0.4125
0.41066400000000003
0.41
0.405039
0.40625
0.41066400000000003
0.411875
0.414375
0.415
0.421875
0.423125
0.426914
0.430625
0.43378900000000004
0.431914
0.431914
0.43316400000000005
0.436914
0.43816400000000005
0.43878900000000004
0.440039
0.44128900000000004
0.43878900000000004
0.44066400000000006
0.44878900000000005
0.44878900000000005
0.44691400000000003
0.44691400000000003
0.44941400000000004
0.450039
0.44691400000000003
0.44316400000000006
0.442539
0.437539
0.43816400000000005
0.432539
0.43628900000000004
0.440039
0.44191400000000003
0.44566400000000006
0.455039
0.458164
0.45628900000000006
0.455039
0.45191400000000004
0.45191400000000004
0.44941400000000004
0.44441400000000003
0.440039
0.440039
0.43816400000000005
0.43378900000000004
0.431914
0.42816400000000004
0.424414
0.423789
0.421289
0.42003900000000005
0.42503900000000006
0.424414
0.42566400000000004
0.43003900000000006
0.43316400000000005
0.432539
0.43128900000000003
0.42816400000000004
0.426875
0.423125
0.42375
0.42625
0.425625
0.43125
0.433125
0.4425
0.453125
0.454375
0.4525
0.453125
0.450625
0.452539
0.450039
0.44941400000000004
0.45378900000000005
0.45628900000000006
0.46003900000000003
0.463789
0.46503900000000004
0.460664
0.46128900000000006
0.45753900000000003
0.453164
0.45628900000000006
0.45378900000000005
0.450664
0.44941400000000004
0.44566400000000006
0.44128900000000004
0.439414
0.437539
0.437539
0.43378900000000004
0.43316400000000005
0.43003900000000006
0.42753900000000006
0.42566400000000004
0.421914
0.421914
0.42316400000000004
0.42066400000000004
0.42066400000000004
0.419414
0.421289
0.419414
0.42503900000000006
0.421914
0.42003900000000005
0.421914
0.421289
0.42003900000000005
0.42003900000000005
0.421289
0.42003900000000005
0.42003900000000005
0.416289
0.41441400000000006
0.41566400000000003
0.41316400000000003
0.41003900000000004
0.411289
0.41003900000000004
0.41003900000000004
0.409414
0.409375
0.41
0.41003900000000004
0.411875
0.415625
0.418125
0.41625
0.419375
0.41875
0.418125
0.41566400000000003
0.41875
0.425625
0.43
0.430625
0.43378900000000004
0.43566400000000005
0.435039
0.434414
0.432539
0.43066400000000005
0.43003900000000006
0.42753900000000006
0.42566400000000004
0.42503900000000006
0.424414
0.419414
0.42066400000000004
0.416914
0.413789
0.41253900000000004
0.411289
0.409414
0.406914
0.407539
0.403789
0.40066399999999996
0.397539
0.397539
0.39566399999999996
0.397539
0.396289
0.39566399999999996
0.396914
0.396289
0.39253899999999997
0.394414
0.391914
0.39003899999999997
0.389414
0.39003899999999997
0.386289
0.38753899999999997
0.38753899999999997
0.38753899999999997
0.386914
0.386289
0.386289
0.384414
0.388789
0.39003899999999997
0.390664
0.395039
0.399414
0.400039
0.398125
0.39816399999999996
0.3975
0.398125
0.39875
0.398125
0.396875
0.396289
0.4
0.40125
0.401875
0.40066399999999996
0.403125
0.401875
0.401875
0.402539
0.401289
0.399414
0.39816399999999996
0.397539
0.398789
0.39816399999999996
0.396289
0.395039
0.394414
0.39566399999999996
0.394414
0.39253899999999997
0.393789
0.401914
0.401289
0.404414
0.41316400000000003
0.41566400000000003
0.41566400000000003
0.41503900000000005
0.413789
0.41503900000000005
0.41191400000000006
0.40816399999999997
0.41066400000000003
0.41191400000000006
0.41316400000000003
0.41003900000000004
0.40816399999999997
0.41003900000000004
0.41503900000000005
0.42066400000000004
0.42003900000000005
0.421289
0.423789
0.42816400000000004
0.43316400000000005
0.434414
0.432539
0.43128900000000003
0.43128900000000003
0.43066400000000005
0.42878900000000003
0.42816400000000004
0.42753900000000006
0.42253900000000005
0.42753900000000006
0.42878900000000003
0.436914
0.43816400000000005
0.44128900000000004
0.440039
0.438125
0.441875
0.446875
0.45
0.444375
0.448164
0.445
0.45191400000000004
0.45128900000000005
0.450664
0.448164
0.447539
0.44691400000000003
0.446875
0.445
0.44191400000000003
0.447539
0.44066400000000006
0.440039
0.43816400000000005
0.44441400000000003
0.44316400000000006
0.448164
0.450664
0.44941400000000004
0.45128900000000005
0.450664
0.45378900000000005
0.45441400000000004
0.450039
0.448164
0.44941400000000004
0.448164
0.450664
0.45378900000000005
0.455039
0.45378900000000005
0.45628900000000006
0.46003900000000003
0.45628900000000006
0.45628900000000006
0.453164
0.45128900000000005
0.44878900000000005
0.44691400000000003
0.44441400000000003
0.44378900000000004
0.44316400000000006
0.44128900000000004
0.440039
0.436914
0.43378900000000004
0.43003900000000006
0.43003900000000006
0.42816400000000004
0.42628900000000003
0.42566400000000004
0.42253900000000005
0.41816400000000004
0.418789
0.41566400000000003
0.41066400000000003
0.411289
0.41191400000000006
0.40566399999999997
0.40816399999999997
0.406914
0.405625
0.405039
0.403125
0.406914
0.4025
0.39625
0.40125
0.404414
0.404414
0.40875
0.406289
0.406875
0.40816399999999997
0.408125
0.406914
0.406289
0.406914
0.408789
0.416289
0.418789
0.416289
0.418789
0.42253900000000005
0.42253900000000005
0.42316400000000004
0.42878900000000003
0.429414
0.431914
0.435039
0.43628900000000004
0.437539
0.436914
0.43316400000000005
0.431914
0.42878900000000003
0.429414
0.42878900000000003
0.42878900000000003
0.42628900000000003
0.426914
0.423789
0.42066400000000004
0.419414
0.42066400000000004
0.419414
0.41753900000000005
0.418789
0.424414
0.424414
0.424414
0.416914
0.424414
0.42878900000000003
0.436914
0.43316400000000005
0.43128900000000003
0.43003900000000006
0.43066400000000005
0.432539
0.434414
0.431914
0.43003900000000006
0.426914
0.42566400000000004
0.42316400000000004
0.42125
0.41875
0.41753900000000005
0.415
0.41441400000000006
0.41375
0.415
0.4125
0.41441400000000006
0.41375
0.418789
0.418125
0.416914
0.41753900000000005
0.4175
0.416914
0.415625
0.41503900000000005
0.408789
0.406289
0.408789
0.404414
0.406914
0.40316399999999997
0.401914
0.400039
0.399414
0.39816399999999996
0.396914
0.393789
0.397539
0.390664
0.39003899999999997
0.386289
0.386289
0.386289
0.384414
0.383789
0.381289
0.38003899999999996
0.37691399999999997
0.375039
0.375664
0.373164
0.373164
0.37441399999999997
0.372539
0.371289
0.368789
0.368789
0.366289
0.363789
0.36691399999999996
0.362539
0.365039
0.360664
0.360039
0.360664
0.360664
0.360039
0.358164
0.357539
0.358164
0.356914
0.355664
0.354414
0.355664
0.353125
0.350625
0.35
0.349375
0.34878899999999996
0.348164
0.34875
0.348125
0.356914
0.354375
0.360625
0.363164
0.36128899999999997
0.361875
0.365664
0.36941399999999996
0.368789
0.372539
0.37125
0.370039
0.368789
0.36941399999999996
0.368789
0.366289
0.36441399999999996
0.363789
0.361914
0.360664
0.360039
0.35878899999999997
0.357539
0.35378899999999996
0.35378899999999996
0.352539
0.35128899999999996
0.349414
0.348164
0.346289
0.343789
0.341289
0.341914
0.336914
0.33816399999999996
0.339414
0.33816399999999996
0.338789
0.337539
0.335039
0.33316399999999996
0.331289
0.330664
0.329414
0.326289
0.33003899999999997
0.32503899999999997
0.325664
0.321289
0.321914
0.319414
0.318789
0.318164
0.31753899999999996
0.316914
0.312539
0.315664
0.310664
0.308789
0.313789
0.308125
0.30625
0.305664
0.30625
0.310039
0.316875
0.315
0.319375
0.328125
0.331289
0.332539
0.331914
0.331875
0.333125
0.33316399999999996
0.3325
0.332539
0.333789
0.328789
0.33316399999999996
0.331289
0.32753899999999997
0.326289
0.324414
0.32253899999999996
0.320664
0.32003899999999996
0.318789
0.318164
0.31191399999999997
0.310039
0.310664
0.308164
0.305664
0.305039
0.303789
0.302539
0.300664
0.297539
0.29628899999999997
0.29378899999999997
0.300039
0.291914
0.291914
0.290039
0.294414
0.29378899999999997
0.29128899999999996
0.290039
0.288164
0.287539
0.284414
0.28316399999999997
0.282539
0.280039
0.278789
0.279414
0.276914
0.27566399999999996
0.275039
0.271914
0.270039
0.270039
0.270039
0.266289
0.26753899999999997
0.264414
0.263789
0.2625
0.261914
0.261875
0.261289
0.26003899999999996
0.264375
0.26625
0.266875
0.26625
0.268164
0.271875
0.274375
0.271875
0.2775
0.280039
0.278789
0.280039
0.277539
0.273789
0.275039
0.272539
0.276289
0.273789
0.272539
0.269414
0.26753899999999997
0.265664
0.266289
0.26253899999999997
0.261914
0.259414
0.258789
0.256289
0.253789
0.25191399999999997
0.250039
0.248164
0.246914
0.24628899999999998
0.24503899999999998
0.244414
0.24253899999999998
0.241914
0.24128899999999998
0.240664
0.239414
0.237539
0.23566399999999998
0.23441399999999998
0.23191399999999998
0.23316399999999998
0.225039
0.22816399999999998
0.227539
0.22691399999999998
0.22941399999999998
0.22816399999999998
0.22691399999999998
0.22566399999999998
0.225039
0.223789
0.22316399999999997
0.219414
0.21753899999999998
0.21875
0.219414
0.21628899999999998
0.21628899999999998
0.215625
0.21753899999999998
0.221875
0.224375
0.226875
0.231875
0.24375
0.23625
0.235625
0.238125
0.238125
0.238125
0.23691399999999999
0.23625
0.23625
0.236289
0.235039
0.23566399999999998
0.23316399999999998
0.23191399999999998
0.23191399999999998
0.231289
0.22941399999999998
0.22816399999999998
0.22691399999999998
0.22566399999999998
0.223789
0.22441399999999997
0.222539
0.22316399999999997
0.219414
0.222539
0.22003899999999998
0.219414
0.216914
0.21503899999999998
0.21378899999999998
0.21378899999999998
0.215664
0.213164
0.21128899999999998
0.21378899999999998
0.213164
0.218164
0.22566399999999998
0.226289
0.23066399999999998
0.236289
0.240664
0.24253899999999998
0.23878899999999997
0.24503899999999998
0.24128899999999998
0.24003899999999997
0.235039
0.23878899999999997
0.237539
0.236289
0.233789
0.233789
0.23441399999999998
0.23316399999999998
0.236289
0.23878899999999997
0.239414
0.241914
0.24503899999999998
0.245
0.245
0.24375
0.24375
0.24625
0.249375
0.25125
0.24625
0.245664
0.24253899999999998
0.243125
0.243164
0.241914
0.24003899999999997
0.23878899999999997
0.236289
0.236289
0.23566399999999998
0.23316399999999998
0.230039
0.227539
0.22566399999999998
0.22566399999999998
0.22441399999999997
0.222539
0.222539
0.220664
0.220664
0.21753899999999998
0.21378899999999998
0.216914
0.215664
0.221914
0.21503899999999998
0.213164
0.21128899999999998
0.21003899999999998
0.20878899999999997
0.21253899999999998
0.21003899999999998
0.21128899999999998
0.213164
0.214414
0.220664
0.21503899999999998
0.21628899999999998
0.222539
0.22691399999999998
0.22816399999999998
0.22691399999999998
0.227539
0.228789
0.23066399999999998
0.231289
0.23441399999999998
0.23066399999999998
0.23066399999999998
0.228789
0.22816399999999998
0.22691399999999998
0.226289
0.22816399999999998
0.22441399999999997
0.231289
0.23
0.23375
0.233789
0.23125
0.2325
0.231875
0.234375
0.235625
0.24125
0.239414
0.2375
0.239375
0.2375
0.236289
0.23878899999999997
0.239414
0.237539
0.23691399999999999
0.24128899999999998
0.24128899999999998
0.239414
0.241914
0.24128899999999998
0.243164
0.245664
0.240664
0.24128899999999998
0.24128899999999998
0.24003899999999997
0.239414
0.239414
0.237539
0.236289
0.235039
0.235039
0.235039
0.23441399999999998
0.233789
0.23191399999999998
0.232539
0.232539
0.232539
0.232539
0.23191399999999998
0.232539
0.230039
0.233789
0.22941399999999998
0.233789
0.24128899999999998
0.241914
0.24253899999999998
0.24878899999999998
0.258789
0.261289
0.26253899999999997
0.263164
0.261289
0.266914
0.266914
0.26753899999999997
0.268789
0.268164
0.268789
0.27566399999999996
0.274414
0.271914
0.27566399999999996
0.277539
0.27375
0.2825
0.289375
0.29
0.296875
0.2975
0.3
0.296875
0.295039
0.295039
0.29628899999999997
0.299414
0.294414
0.293164
0.29128899999999996
0.29128899999999996
0.29378899999999997
0.300039
0.303164
0.311289
0.31441399999999997
0.316914
0.316289
0.315039
0.315039
0.315039
0.313789
0.311289
0.311289
0.311289
0.310039
0.308789
0.308164
0.305664
0.300664
0.300039
0.29878899999999997
0.29628899999999997
0.295039
0.294414
0.294414
0.291914
0.288164
0.291914
0.289414
0.287539
0.286914
0.28628899999999996
0.284414
0.28316399999999997
0.281289
0.282539
0.279414
0.272539
0.276914
0.278789
0.278789
0.27566399999999996
0.274414
0.273789
0.27316399999999996
0.27316399999999996
0.27566399999999996
0.272539
0.27375
0.27125
0.26875
0.271289
0.26875
0.27
0.2725
0.276875
0.280039
0.284414
0.28625
0.283125
0.295
0.2925
0.29628899999999997
0.300664
0.301289
0.301289
0.30191399999999996
0.303789
0.303789
0.303164
0.299414
0.30191399999999996
0.300664
0.300039
0.297539
0.299414
0.29878899999999997
0.298164
0.29878899999999997
0.299414
0.299414
0.29628899999999997
0.294414
0.295664
0.294414
0.29378899999999997
0.293164
0.293164
0.292539
0.292539
0.292539
0.297539
0.30441399999999996
0.305664
0.313164
0.321289
0.324414
0.323164
0.321289
0.323164
0.32253899999999996
0.32253899999999996
0.32253899999999996
0.32253899999999996
0.323789
0.321914
0.328164
0.33003899999999997
0.331289
0.336914
0.336914
0.33566399999999996
0.334414
0.335039
0.336914
0.336289
0.3375
0.330625
0.335
0.335
0.33375
0.33875
0.34
0.34375
0.343125
0.34316399999999997
0.34
0.335625
0.335039
0.33375
0.335039
0.335039
0.333789
0.332539
0.332539
0.331914
0.331914
0.329414
0.33003899999999997
0.328789
0.326914
0.326289
0.323789
0.323789
0.321914
0.321289
0.32003899999999996
0.318164
0.318164
0.31753899999999996
0.31753899999999996
0.324414
0.328164
0.333789
0.335039
0.34566399999999997
0.358164
0.365664
0.365664
0.368164
0.36691399999999996
0.372539
0.373164
0.37441399999999997
0.371289
0.370664
0.368789
0.367539
0.365664
0.36441399999999996
0.361914
0.360039
0.362539
0.357539
0.35628899999999997
0.353164
0.35128899999999996
0.349414
0.348164
0.34566399999999997
0.344414
0.346289
0.343125
0.346875
0.342539
0.338789
0.345039
0.34125
0.345625
0.345625
0.350039
0.35125
0.349375
0.347539
0.348164
0.344375
0.345
0.346289
0.34566399999999997
0.345039
0.34316399999999997
0.341914
0.341289
0.340039
0.338789
0.332539
0.334414
0.33566399999999996
0.333789
0.330664
0.331289
0.329414
0.328789
0.328164
0.326289
0.326914
0.321289
0.324414
0.32253899999999996
0.321289
0.315664
0.32003899999999996
0.319414
0.318164
0.319414
0.321914
0.321914
0.319414
0.323164
0.318789
0.315664
0.311289
0.31441399999999997
0.31441399999999997
0.315039
0.316914
0.321289
0.323789
0.325664
0.331914
0.336289
0.336289
0.33566399999999996
0.336914
0.33566399999999996
0.33566399999999996
0.335039
0.336914
0.341914
0.349375
0.351914
0.355
0.360625
0.360625
0.36375
0.366289
0.368789
0.36941399999999996
0.366875
0.365625
0.365625
0.3625
0.36375
0.360625
0.361914
0.359375
0.355664
0.355039
0.353164
0.352539
0.348164
0.349414
0.344414
0.343789
0.341914
0.34316399999999997
0.34316399999999997
0.341289
0.339414
0.33816399999999996
0.337539
0.33566399999999996
0.336914
0.334414
0.335039
0.33316399999999996
0.331914
0.33003899999999997
0.329414
0.328789
0.32753899999999997
0.32753899999999997
0.326289
0.325664
0.325664
0.326289
0.321914
0.321289
0.318164
0.318164
0.31753899999999996
0.316289
0.31753899999999996
0.31753899999999996
0.316914
0.319414
0.31753899999999996
0.318164
0.319414
0.318164
0.315039
0.315039
0.31441399999999997
0.313164
0.312539
0.31191399999999997
0.311875
0.308789
0.30625
0.310625
0.308164
0.308789
0.313125
0.313789
0.314375
0.318125
0.321875
0.326289
0.321875
0.316875
0.3225
0.32125
0.320664
0.325
0.323789
0.323164
0.321289
0.319414
0.318164
0.316289
0.316289
0.31441399999999997
0.31191399999999997
0.311289
0.310039
0.308164
0.307539
0.306289
0.30441399999999996
0.303789
0.302539
0.296914
0.299414
0.293164
0.295039
0.295039
0.294414
0.293164
0.292539
0.291914
0.29128899999999996
0.292539
0.287539
0.288164
0.289414
0.29128899999999996
0.29128899999999996
0.292539
0.293164
0.293164
0.292539
0.291914
0.293164
0.29128899999999996
0.298164
0.290039
0.287539
0.285664
0.286914
0.28628899999999996
0.28628899999999996
0.283789
0.283125
0.283789
0.28066399999999997
0.28066399999999997
0.278789
0.279375
0.28375
0.2875
0.290625
0.29
0.288125
0.2875
0.285625
0.285
0.28625
0.2825
0.285625
0.284375
0.285
0.285664
0.283789
0.282539
0.281289
0.280039
0.278789
0.276914
0.27566399999999996
0.276914
0.272539
0.271914
0.27066399999999996
0.27066399999999996
0.269414
0.268164
0.26503899999999997
0.268164
0.265664
0.263789
0.264414
0.263164
0.265664
0.259414
0.258164
0.258789
0.256914
0.256289
0.258789
0.25503899999999996
0.255664
0.253164
0.250039
0.24878899999999998
0.24753899999999998
0.24753899999999998
0.245664
0.244414
0.244414
0.24378899999999998
0.24378899999999998
0.24378899999999998
0.241914
0.23878899999999997
0.23878899999999997
0.23878899999999997
0.238164
0.23691399999999999
0.23566399999999998
0.23566399999999998
0.235
0.235
0.22941399999999998
0.2325
0.231875
0.238125
0.24125
0.243125
0.244375
0.24375
0.245
0.245
0.245
0.24128899999999998
0.245664
0.245
0.244414
0.240664
0.23878899999999997
0.237539
0.23691399999999999
0.23566399999999998
0.23441399999999998
0.23441399999999998
0.23066399999999998
0.22316399999999997
0.22816399999999998
0.227539
0.22441399999999997
0.226289
0.223789
0.22316399999999997
0.223789
0.22316399999999997
0.228789
0.228789
0.22816399999999998
0.22691399999999998
0.22691399999999998
0.227539
0.227539
0.22816399999999998
0.22816399999999998
0.228789
0.230039
0.23566399999999998
0.240664
0.237539
0.24003899999999997
0.23441399999999998
0.23878899999999997
0.239414
0.240664
0.23878899999999997
0.237539
0.23566399999999998
0.23566399999999998
0.237539
0.233789
0.233789
0.236289
0.233789
0.233789
0.232539
0.23066399999999998
0.230039
0.22941399999999998
0.22816399999999998
0.231289
0.228789
0.225
0.23125
0.2375
0.235
0.239375
0.241914
0.24378899999999998
0.248125
0.2525
0.2525
0.25125
0.260664
0.265664
0.26625
0.26503899999999997
0.26753899999999997
0.270039
0.273789
0.281914
0.284414
0.28316399999999997
0.282539
0.285039
0.282539
0.28878899999999996
0.294414
0.296914
0.30191399999999996
0.308789
0.31191399999999997
0.310039
0.310664
0.318789
0.318789
0.318789
0.319414
0.316914
0.315664
0.31441399999999997
0.312539
0.310664
0.30941399999999997
0.308164
0.313789
0.316914
0.310039
0.320664
0.32753899999999997
0.33316399999999996
0.33003899999999997
0.329414
0.329414
0.32503899999999997
0.323164
0.324414
0.319414
0.311289
0.313164
0.31191399999999997
0.307539
0.30941399999999997
0.313789
0.321914
0.321914
0.330625
0.34125
0.34625
0.346289
0.350664
0.350664
0.34875
0.345625
0.344375
0.3425
0.34066399999999997
0.33816399999999996
0.334375
0.334375
0.33
0.328164
0.326289
0.32503899999999997
0.328164
0.331914
0.33003899999999997
0.331914
0.335039
0.33566399999999996
0.335039
0.330664
0.330664
0.328164
0.32753899999999997
0.32253899999999996
0.32753899999999997
0.325664
0.32253899999999996
0.323164
0.321914
0.32253899999999996
0.319414
0.313164
0.316289
0.315664
0.31191399999999997
0.315039
0.313164
0.313789
0.313789
0.313164
0.31441399999999997
0.313164
0.311289
0.30941399999999997
0.310039
0.310039
0.30941399999999997
0.308789
0.308164
0.307539
0.30691399999999996
0.307539
0.307539
0.306289
0.310039
0.308164
0.315039
0.312539
0.313164
0.312539
0.31441399999999997
0.315039
0.31753899999999996
0.319375
0.32503899999999997
0.339414
0.34875
0.36
0.36375
0.363789
0.363125
0.365
0.3675
0.36691399999999996
0.36875
0.366875
0.372539
0.366289
0.372539
0.377539
0.378789
0.38253899999999996
0.38753899999999997
0.388164
0.388789
0.389414
0.38753899999999997
0.38753899999999997
0.388789
0.386914
0.386289
0.38753899999999997
0.38753899999999997
0.386289
0.38503899999999996
0.384414
0.383164
0.383789
0.384414
0.38003899999999996
0.383164
0.379414
0.38003899999999996
0.380664
0.380664
0.381289
0.381914
0.38253899999999996
0.383164
0.381289
0.381914
0.381914
0.38003899999999996
0.378164
0.377539
0.378164
0.378164
0.377539
0.378164
0.379414
0.377539
0.378789
0.377539
0.377539
0.378164
0.377539
0.377539
0.378789
0.378125
0.3775
0.38
0.383125
0.3825
0.393125
0.394414
0.40316399999999997
0.396289
0.396875
0.39375
0.39566399999999996
0.395
0.39566399999999996
0.395625
0.396289
0.39566399999999996
0.39566399999999996
0.39566399999999996
0.393789
0.393164
0.393164
0.393164
0.391914
0.391914
0.395039
0.390664
0.395039
0.396289
0.39816399999999996
0.40066399999999996
0.398789
0.397539
0.396914
0.396289
0.397539
0.398789
0.395039
0.397539
0.395039
0.39566399999999996
0.39566399999999996
0.39566399999999996
0.39566399999999996
0.396289
0.396289
0.398789
0.397539
0.394414
0.39253899999999997
0.398789
0.401289
0.403789
0.409414
0.41441400000000006
0.41503900000000005
0.41441400000000006
0.41316400000000003
0.41441400000000006
0.41441400000000006
0.413789
0.41316400000000003
0.411289
0.41066400000000003
0.41191400000000006
0.409414
0.40816399999999997
0.406875
0.405
0.403125
0.41375
0.41253900000000004
0.415625
0.41875
0.419375
0.419414
0.418125
0.42125
0.421875
0.42066400000000004
0.419375
0.42
0.415
0.416914
0.42003900000000005
0.41503900000000005
0.41566400000000003
0.41441400000000006
0.41191400000000006
0.408789
0.40816399999999997
0.405039
0.404414
0.401289
0.406289
0.39816399999999996
0.397539
0.396914
0.391914
0.39003899999999997
0.388164
0.386914
0.384414
0.38503899999999996
0.380664
0.378164
0.377539
0.376289
0.377539
0.378789
0.38003899999999996
0.379414
0.378789
0.377539
0.375039
0.37441399999999997
0.373789
0.368789
0.370039
0.36441399999999996
0.365039
0.363164
0.360664
0.360664
0.35878899999999997
0.358164
0.35878899999999997
0.35628899999999997
0.355664
0.365039
0.371289
0.368789
0.378125
0.389414
0.39566399999999996
0.394414
0.393789
0.401289
0.398125
0.4025
0.3975
0.39253899999999997
0.393164
0.39816399999999996
0.396875
0.39625
0.39875
0.398125
0.39875
0.393789
0.388164
0.389414
0.391289
0.393164
0.385664
0.38253899999999996
0.379414
0.375664
0.372539
0.370664
0.368789
0.366289
0.363789
0.361914
0.360664
0.357539
0.355664
0.353164
0.350039
0.348164
0.34566399999999997
0.343789
0.333789
0.33566399999999996
0.334414
0.331289
0.33316399999999996
0.33003899999999997
0.328789
0.32753899999999997
0.325664
0.323164
0.321289
0.316914
0.318789
0.315039
0.316289
0.312539
0.31191399999999997
0.31191399999999997
0.312539
0.312539
0.315664
0.313164
0.30941399999999997
0.315664
0.305664
0.303164
0.301289
0.302539
0.301289
0.300625
0.299414
0.300664
0.304375
0.308125
0.310039
0.307539
0.30625
0.301875
0.30375
0.303125
0.30125
0.300625
0.300039
0.30125
0.300625
0.298164
0.29878899999999997
0.29378899999999997
0.294414
0.294414
0.295039
0.294414
0.292539
0.29128899999999996
0.290664
0.289414
0.286914
0.284414
0.28628899999999996
0.28316399999999997
0.285664
0.282539
0.281914
0.280039
0.278789
0.276289
0.277539
0.27316399999999996
0.277539
0.271289
0.271914
0.266914
0.269414
0.268789
0.26753899999999997
0.266914
0.265664
0.26753899999999997
0.264414
0.265664
0.263164
0.259414
0.255664
0.258789
0.258164
0.256914
0.25753899999999996
0.256289
0.254414
0.25503899999999996
0.253789
0.253789
0.253164
0.254414
0.253164
0.252539
0.25
0.24878899999999998
0.255
0.25753899999999996
0.263125
0.26503899999999997
0.26
0.25875
0.258125
0.259414
0.258789
0.255625
0.254375
0.253164
0.253125
0.25375
0.25125
0.24878899999999998
0.24753899999999998
0.248164
0.248164
0.245664
0.24378899999999998
0.24253899999999998
0.241914
0.24003899999999997
0.241914
0.23878899999999997
0.236289
0.23691399999999999
0.237539
0.235039
0.233789
0.232539
0.230039
0.23066399999999998
0.230039
0.230039
0.227539
0.22691399999999998
0.22691399999999998
0.22566399999999998
0.226289
0.22566399999999998
0.225039
0.226289
0.225039
0.22316399999999997
0.222539
0.221914
0.21503899999999998
0.219414
0.21628899999999998
0.21628899999999998
0.21878899999999998
0.218164
0.21753899999999998
0.21628899999999998
0.215664
0.214414
0.21628899999999998
0.210664
0.209414
0.21128899999999998
0.211914
0.21128899999999998
0.209414
0.20878899999999997
0.209375
0.21503899999999998
0.221914
0.225
0.22316399999999997
0.231875
0.23375
0.234375
0.24
0.245625
0.246875
0.244375
0.245664
0.24625
0.248164
0.24753899999999998
0.24753899999999998
0.24503899999999998
0.250039
0.255664
0.25753899999999996
0.260664
0.268164
0.271914
0.270039
0.268789
0.268789
0.27066399999999996
0.269414
0.268789
0.26753899999999997
0.264414
0.263789
0.261914
0.260664
0.261289
0.25753899999999996
0.256914
0.25503899999999996
0.25191399999999997
0.251289
0.249414
0.251289
0.250664
0.250039
0.249414
0.244414
0.24128899999999998
0.24378899999999998
0.23878899999999997
0.235039
0.236289
0.233789
0.235039
0.232539
0.23066399999999998
0.230039
0.22816399999999998
0.226289
0.22691399999999998
0.22316399999999997
0.21753899999999998
0.22003899999999998
0.220664
0.22003899999999998
0.21878899999999998
0.2175
0.22
0.223125
0.228125
0.23
0.228125
0.228125
0.22691399999999998
0.225625
0.225
0.223125
0.221875
0.22003899999999998
0.220664
0.22
0.21878899999999998
0.219414
0.218164
0.216914
0.216914
0.213164
0.211914
0.21128899999999998
0.209414
0.208164
0.209414
0.21128899999999998
0.211914
0.209414
0.206914
0.208164
0.20753899999999997
0.209414
0.215664
0.21753899999999998
0.22316399999999997
0.22941399999999998
0.228789
0.23316399999999998
0.23316399999999998
0.230039
0.238164
0.24128899999999998
0.245664
0.239414
0.24003899999999997
0.24003899999999997
0.24003899999999997
0.24003899999999997
0.241914
0.24003899999999997
0.239414
0.23691399999999999
0.235039
0.23566399999999998
0.23316399999999998
0.231289
0.23191399999999998
0.231289
0.23066399999999998
0.23066399999999998
0.231289
0.226289
0.22941399999999998
0.228789
0.227539
0.22566399999999998
0.225
0.229375
0.2325
0.2375
0.23875
0.240625
0.236289
0.234375
0.238125
0.233789
0.235625
0.23625
0.235625
0.23566399999999998
0.23625
0.23878899999999997
0.244414
0.24503899999999998
0.253164
0.253789
0.256914
0.261289
0.25503899999999996
0.25503899999999996
0.26003899999999996
0.26253899999999997
0.263789
0.268164
0.268789
0.266289
0.265664
0.26503899999999997
0.26503899999999997
0.266289
0.263164
0.261914
0.261289
0.259414
0.25753899999999996
0.258164
0.259414
0.256914
0.256289
0.256289
0.254414
0.253789
0.252539
0.251289
0.249414
0.249414
0.24878899999999998
0.24878899999999998
0.24753899999999998
0.244414
0.24253899999999998
0.24378899999999998
0.243164
0.243164
0.24503899999999998
0.24878899999999998
0.250664
0.255664
0.255664
0.260664
0.259414
0.26003899999999996
0.27
0.26875
0.271875
0.279375
0.283125
0.283125
0.28625
0.28375
0.28066399999999997
0.279414
0.28
0.283125
0.27816399999999997
0.28
0.27875
0.278789
0.277539
0.27566399999999996
0.275039
0.274414
0.272539
0.272539
0.27316399999999996
0.270039
0.27066399999999996
0.270039
0.268789
0.269414
0.27566399999999996
0.280039
0.281914
0.292539
0.298164
0.298164
0.295664
0.295039
0.295039
0.294414
0.29378899999999997
0.290039
0.291914
0.289414
0.29378899999999997
0.300664
0.300039
0.305664
0.313164
0.315664
0.312539
0.313789
0.311289
0.311289
0.307539
0.301289
0.30691399999999996
0.307539
0.31191399999999997
0.30941399999999997
0.313789
0.315039
0.32003899999999996
0.326914
0.328164
0.32753899999999997
0.326914
0.324414
0.326289
0.325625
0.330625
0.33316399999999996
0.33625
0.340039
0.34
0.338125
0.338125
0.331289
0.33566399999999996
0.330664
0.328164
0.326289
0.323164
0.32503899999999997
0.325625
0.324414
0.323789
0.328789
0.326289
0.33003899999999997
0.335039
0.336289
0.337539
0.336914
0.337539
0.33816399999999996
0.33816399999999996
0.339414
0.338789
0.336289
0.338789
0.33316399999999996
0.330664
0.32753899999999997
0.328164
0.328164
0.325664
0.324414
0.323164
0.32503899999999997
0.321914
0.32003899999999996
0.32003899999999996
0.318789
0.31753899999999996
0.320664
0.319414
0.316289
0.315664
0.315664
0.318164
0.318789
0.321914
0.316914
0.321914
0.320664
0.319414
0.320664
0.32503899999999997
0.331289
0.332539
0.338789
0.34566399999999997
0.348164
0.343789
0.348164
0.345625
0.353125
0.3575
0.35875
0.35875
0.35878899999999997
0.358125
0.360664
0.356914
0.3525
0.349414
0.353164
0.358164
0.36
0.363789
0.368789
0.37191399999999997
0.371289
0.37191399999999997
0.368789
0.37191399999999997
0.370039
0.368164
0.36441399999999996
0.363164
0.363789
0.362539
0.363164
0.363164
0.363789
0.362539
0.362539
0.35878899999999997
0.35878899999999997
0.356914
0.35628899999999997
0.355664
0.35628899999999997
0.354414
0.354414
0.353164
0.354414
0.350039
0.35378899999999996
0.360664
0.36691399999999996
0.368789
0.373164
0.376289
0.378789
0.379414
0.38253899999999996
0.386914
0.383789
0.39003899999999997
0.389414
0.390664
0.38753899999999997
0.389414
0.388164
0.388789
0.389414
0.39253899999999997
0.393164
0.389414
0.397539
0.386875
0.388789
0.394375
0.393789
0.39566399999999996
0.395625
0.394414
0.394375
0.393164
0.390625
0.390664
0.38625
0.384375
0.381875
0.3825
0.381289
0.379375
0.378164
0.37691399999999997
0.375039
0.375039
0.36941399999999996
0.37191399999999997
0.36941399999999996
0.36941399999999996
0.367539
0.365664
0.365664
0.365039
0.36441399999999996
0.362539
0.363164
0.35878899999999997
0.357539
0.356914
0.357539
0.35628899999999997
0.357539
0.356914
0.355664
0.355039
0.355664
0.357539
0.35378899999999996
0.362539
0.354414
0.35378899999999996
0.353164
0.352539
0.35128899999999996
0.350664
0.349414
0.348164
0.350039
0.346914
0.347539
0.34566399999999997
0.342539
0.341914
0.343789
0.344414
0.342539
0.342539
0.34066399999999997
0.340039
0.340039
0.341914
0.339414
0.341289
0.345039
0.350625
0.351875
0.351914
0.353164
0.3525
0.35125
0.35125
0.35
0.34878899999999996
0.345625
0.345625
0.345625
0.34375
0.343125
0.341914
0.34316399999999997
0.339414
0.341289
0.33816399999999996
0.333789
0.33566399999999996
0.335039
0.328789
0.33316399999999996
0.33316399999999996
0.331914
0.331289
0.328164
0.33003899999999997
0.326289
0.32753899999999997
0.324414
0.324414
0.32253899999999996
0.321289
0.321914
0.319414
0.31753899999999996
0.316914
0.316914
0.316289
0.316914
0.315664
0.315664
0.316289
0.31441399999999997
0.31191399999999997
0.31191399999999997
0.30941399999999997
0.308789
0.308789
0.308789
0.302539
0.30441399999999996
0.305039
0.302539
0.303789
0.30191399999999996
0.300664
0.301289
0.300664
0.300664
0.300664
0.296914
0.29378899999999997
0.3
0.30691399999999996
0.306875
0.310625
0.310039
0.30941399999999997
0.30875
0.306875
0.30625
0.303125
0.299375
0.301875
0.3
0.300625
0.3075
0.30875
0.31375
0.316914
0.315664
0.31441399999999997
0.313164
0.312539
0.311289
0.310039
0.310039
0.308164
0.306289
0.305039
0.302539
0.300664
0.299414
0.297539
0.29378899999999997
0.29378899999999997
0.288164
0.290039
0.287539
0.285664
0.283789
0.281914
0.280039
0.278789
0.278789
0.273789
0.271289
0.273789
0.270039
0.270039
0.268164
0.266914
0.26503899999999997
0.263789
0.261289
0.26253899999999997
0.258164
0.25753899999999996
0.255664
0.253789
0.25191399999999997
0.252539
0.251289
0.250039
0.24878899999999998
0.24753899999999998
0.248164
0.244414
0.240664
0.248164
0.25191399999999997
0.25191399999999997
0.251875
0.25191399999999997
0.250625
0.25
0.249375
0.2475
0.245625
0.245625
0.24
0.24
0.2375
0.238125
0.236289
0.235039
0.23441399999999998
0.23316399999999998
0.232539
0.232539
0.23066399999999998
0.230039
0.228789
0.226289
0.22566399999999998
0.221914
0.220664
0.219414
0.218164
0.21628899999999998
0.216914
0.213164
0.20878899999999997
0.21128899999999998
0.21128899999999998
0.21503899999999998
0.208164
0.20566399999999999
0.205039
0.204414
0.201914
0.204414
0.20128900000000002
0.200664
0.20003900000000002
0.200664
0.203789
0.195664
0.19503900000000002
0.19378900000000002
0.191914
0.190664
0.19128900000000001
0.19128900000000001
0.190039
0.187539
0.187539
0.188164
0.186289
0.18316400000000002
0.18441400000000002
0.183789
0.182539
0.18191400000000002
0.18191400000000002
0.180039
0.188125
0.189375
0.1925
0.194375
0.193125
0.19375
0.193125
0.193125
0.193125
0.191914
0.188125
0.18875
0.1875
0.185039
0.184375
0.1825
0.180039
0.180039
0.17941400000000002
0.17941400000000002
0.178789
0.17566400000000001
0.16878900000000002
0.172539
0.170664
0.168164
0.170664
0.169414
0.16878900000000002
0.16753900000000002
0.165664
0.16628900000000002
0.164414
0.161914
0.16128900000000002
0.160664
0.160664
0.158164
0.156914
0.156914
0.157539
0.156289
0.156289
0.156289
0.155664
0.156289
0.153789
0.15441400000000002
0.151289
