0.099414
0.100664
0.098789
0.10691400000000001
0.100664
0.100664
0.103164
0.100664
0.098789
0.099414
0.098164
0.098164
0.100039
0.098164
0.10566400000000001
0.10878900000000001
0.11066400000000001
0.11128900000000001
0.11378900000000002
0.11566400000000002
0.11441400000000002
0.11503900000000002
0.11441400000000002
0.11378900000000002
0.11316400000000001
0.11316400000000001
0.113125
0.1125
0.11375
0.113125
0.113125
0.113125
0.1125
0.1125
0.111875
0.1125
0.10625
0.1075
0.10375
0.104414
0.10753900000000001
0.1075
0.10753900000000001
0.10691400000000001
0.10691400000000001
0.10566400000000001
0.10691400000000001
0.103164
0.10816400000000001
0.10503900000000001
0.10628900000000001
0.102539
0.103164
0.102539
0.102539
0.102539
0.103789
0.103789
0.100664
0.10503900000000001
0.100039
0.098789
0.103164
0.100039
0.099414
0.098164
0.097539
0.098164
0.099414
0.098164
0.098789
0.099414
0.098164
0.098789
0.098789
0.098164
0.098164
0.098789
0.097539
0.098164
0.103164
0.10878900000000001
0.11191400000000001
0.116289
0.11566400000000002
0.116289
0.116289
0.116914
0.117539
0.11566400000000002
0.116289
0.116914
0.11378900000000002
0.11441400000000002
0.11441400000000002
0.11375
0.113125
0.111875
0.1125
0.113125
0.1125
0.11
0.111875
0.109375
0.111875
0.108125
0.109375
0.10753900000000001
0.10878900000000001
0.10753900000000001
0.10816400000000001
0.10816400000000001
0.10691400000000001
0.10878900000000001
0.10628900000000001
0.10753900000000001
0.10628900000000001
0.103789
0.104414
0.10503900000000001
0.10566400000000001
0.103164
0.104414
0.104414
0.103164
0.10503900000000001
0.104414
0.101914
0.103164
0.101289
0.101914
0.101289
0.100664
0.101289
0.101289
0.101914
0.103164
0.100664
0.101289
0.10503900000000001
0.104414
0.100664
0.101289
0.100664
0.101289
0.100664
0.100664
0.10691400000000001
0.10816400000000001
0.11378900000000002
0.117539
0.11566400000000002
0.116914
0.118164
0.119414
0.118789
0.118164
0.116289
0.118164
0.11441400000000002
0.10753900000000001
0.114375
0.111875
0.109375
0.1125
0.113125
0.11375
0.113125
0.1125
0.11191400000000001
0.11128900000000001
0.11125
0.110625
0.10875
0.109375
0.10875
0.10878900000000001
0.11
0.10878900000000001
0.10816400000000001
0.10816400000000001
0.10941400000000001
0.103164
0.10566400000000001
0.100664
0.103789
0.10566400000000001
0.10566400000000001
0.10566400000000001
0.10566400000000001
0.104414
0.104414
0.104414
0.100039
0.100039
0.101914
0.101914
0.103164
0.100664
0.099414
0.100039
0.101289
0.101289
0.100039
0.100039
0.104414
0.100039
0.101289
0.101914
0.101914
0.100664
0.100664
0.101289
0.100039
0.10753900000000001
0.11003900000000001
0.117539
0.116914
0.117539
0.11378900000000002
0.116289
0.116289
0.116914
0.116914
0.11566400000000002
0.11566400000000002
0.11441400000000002
0.116289
0.113125
0.113125
0.11125
0.113125
0.111875
0.113125
0.11253900000000001
0.110625
0.11125
0.11
0.10878900000000001
0.106875
0.106875
0.105625
0.10875
0.10816400000000001
0.10878900000000001
0.108125
0.10753900000000001
0.10628900000000001
0.10816400000000001
0.10566400000000001
0.104414
0.104414
0.10566400000000001
0.100039
0.103789
0.103789
0.103164
0.103789
0.103789
0.10503900000000001
0.103789
0.104414
0.103789
0.101914
0.102539
0.101914
0.101914
0.100039
0.101289
0.101289
0.101914
0.101914
0.102539
0.102539
0.102539
0.100664
0.101289
0.101289
0.100664
0.099414
0.102539
0.10691400000000001
0.11316400000000001
0.11441400000000002
0.11441400000000002
0.11566400000000002
0.11503900000000002
0.116914
0.116914
0.11566400000000002
0.11503900000000002
0.11441400000000002
0.115625
0.117539
0.11503900000000002
0.118125
0.11
0.1125
0.11125
0.114375
0.114375
0.113125
0.11375
0.1125
0.11316400000000001
0.10875
0.10125
0.10691400000000001
0.108125
0.115625
0.10875
0.108125
0.10878900000000001
0.10816400000000001
0.10816400000000001
0.10753900000000001
0.10691400000000001
0.10691400000000001
0.10691400000000001
0.10816400000000001
0.116289
0.116914
0.12316400000000001
0.13003900000000002
0.131914
0.131914
0.13128900000000002
0.13253900000000002
0.129414
0.13378900000000002
0.129414
0.133164
0.131914
0.131914
0.130664
0.130664
0.129414
0.129414
0.130664
0.125664
0.127539
0.128164
0.127539
0.125039
0.12441400000000001
0.12191400000000001
0.12128900000000001
0.128164
0.131914
0.13878900000000002
0.13753900000000002
0.13878900000000002
0.134414
0.136914
0.135664
0.13753900000000002
0.13753900000000002
0.138164
0.13878900000000002
0.138125
0.138164
0.136875
0.135625
0.135625
0.13503900000000002
0.133125
0.1325
0.133164
0.13253900000000002
0.13125
0.130664
0.12875
0.12878900000000001
0.129375
0.125625
0.128125
0.125625
0.125
0.12625
0.12441400000000001
0.12441400000000001
0.12378900000000001
0.12378900000000001
0.12378900000000001
0.12316400000000001
0.12128900000000001
0.12128900000000001
0.120039
0.12316400000000001
0.12128900000000001
0.12128900000000001
0.12066400000000001
0.12066400000000001
0.119414
0.12128900000000001
0.118164
0.11378900000000002
0.118789
0.117539
0.118164
0.119414
0.119414
0.118789
0.119414
0.118164
0.12066400000000001
0.119414
0.11253900000000001
0.119414
0.118789
0.11441400000000002
0.118789
0.118789
0.117539
0.12378900000000001
0.127539
0.13128900000000002
0.131914
0.133164
0.13378900000000002
0.134414
0.134414
0.13378900000000002
0.13253900000000002
0.13253900000000002
0.131914
0.13128900000000002
0.131914
0.135664
0.13628900000000002
0.138125
0.1425
0.14875
0.15191400000000002
0.15316400000000002
0.15191400000000002
0.15125
0.151875
0.1525
0.1525
0.15
0.151289
0.14941400000000002
0.14875
0.148125
0.14941400000000002
0.147539
0.14691400000000002
0.147539
0.14691400000000002
0.14816400000000002
0.143164
0.136914
0.142539
0.143164
0.141914
0.142539
0.140664
0.141289
0.140664
0.140039
0.140039
0.138164
0.139414
0.13753900000000002
0.141289
0.140664
0.142539
0.143164
0.143789
0.142539
0.142539
0.143789
0.145039
0.14441400000000001
0.143164
0.142539
0.143789
0.141289
0.141289
0.14566400000000002
0.155664
0.155664
0.16128900000000002
0.172539
0.173789
0.176289
0.17691400000000002
0.177539
0.17941400000000002
0.18066400000000002
0.18066400000000002
0.18066400000000002
0.18191400000000002
0.1825
0.18375
0.183125
0.190039
0.185
0.188125
0.193164
0.195625
0.200625
0.203789
0.201914
0.2025
0.204375
0.203125
0.201875
0.2025
0.204375
0.209414
0.211875
0.214414
0.215664
0.220664
0.22003899999999998
0.22316399999999997
0.22441399999999997
0.225039
0.223789
0.23066399999999998
0.22816399999999998
0.22691399999999998
0.22941399999999998
0.230039
0.23566399999999998
0.239414
0.241914
0.24628899999999998
0.24878899999999998
0.246914
0.249414
0.256914
0.259414
0.258789
0.265664
0.268164
0.266914
0.26503899999999997
0.26503899999999997
0.26253899999999997
0.264414
0.256289
0.251289
0.255664
0.252539
0.258789
0.260664
0.26503899999999997
0.26503899999999997
0.266289
0.261914
0.253164
0.25753899999999996
0.255664
0.258164
0.254414
0.253164
0.250664
0.250039
0.24878899999999998
0.246914
0.245625
0.245
0.24253899999999998
0.24128899999999998
0.241875
0.24
0.239375
0.238125
0.235625
0.235
0.23375
0.233125
0.22875
0.231875
0.23066399999999998
0.23066399999999998
0.231875
0.23066399999999998
0.230039
0.230039
0.23066399999999998
0.23066399999999998
0.23191399999999998
0.22941399999999998
0.23441399999999998
0.23066399999999998
0.231289
0.23316399999999998
0.231289
0.23191399999999998
0.231289
0.23191399999999998
0.232539
0.233789
0.231289
0.23316399999999998
0.233789
0.237539
0.24128899999999998
0.243164
0.248164
0.253164
0.254414
0.25503899999999996
0.258164
0.258164
0.259414
0.258164
0.258789
0.263164
0.259414
0.263789
0.266289
0.27066399999999996
0.271289
0.271289
0.272539
0.270039
0.271914
0.271289
0.271289
0.271289
0.271914
0.27316399999999996
0.273789
0.27316399999999996
0.272539
0.273789
0.268125
0.268125
0.273789
0.27
0.273125
0.269375
0.270039
0.27
0.268125
0.26753899999999997
0.2725
0.276875
0.288125
0.286875
0.295039
0.295039
0.299414
0.300039
0.301289
0.301289
0.301289
0.303789
0.300664
0.300039
0.300039
0.29878899999999997
0.298164
0.29878899999999997
0.298164
0.296914
0.295664
0.294414
0.293164
0.293164
0.29378899999999997
0.290664
0.29378899999999997
0.288164
0.290664
0.290664
0.290664
0.29128899999999996
0.295039
0.300664
0.303789
0.30691399999999996
0.312539
0.321289
0.31753899999999996
0.321289
0.325664
0.32753899999999997
0.328789
0.328789
0.328164
0.331289
0.33316399999999996
0.341914
0.34316399999999997
0.347539
0.35378899999999996
0.357539
0.35628899999999997
0.355039
0.353164
0.3525
0.355
0.3525
0.352539
0.35375
0.35375
0.35375
0.35
0.348125
0.34625
0.345625
0.34316399999999997
0.341875
0.34
0.34316399999999997
0.346875
0.349414
0.352539
0.357539
0.358164
0.362539
0.363164
0.366289
0.370664
0.370039
0.361914
0.36441399999999996
0.363164
0.363164
0.363789
0.365664
0.363789
0.362539
0.360039
0.35878899999999997
0.360039
0.355039
0.35378899999999996
0.352539
0.350039
0.346289
0.348164
0.346289
0.34566399999999997
0.344414
0.345039
0.34566399999999997
0.341914
0.341914
0.337539
0.340039
0.341289
0.342539
0.346289
0.34566399999999997
0.34566399999999997
0.348164
0.353164
0.353164
0.355664
0.356914
0.355664
0.35628899999999997
0.358164
0.35878899999999997
0.358164
0.355664
0.355039
0.354375
0.35375
0.35125
0.35125
0.353164
0.351914
0.34875
0.3475
0.345625
0.34375
0.341914
0.3425
0.353164
0.36125
0.36
0.366289
0.37191399999999997
0.384414
0.391289
0.393164
0.39253899999999997
0.39253899999999997
0.391289
0.394414
0.393164
0.39816399999999996
0.390664
0.389414
0.389414
0.384414
0.383164
0.38253899999999996
0.381289
0.38003899999999996
0.381289
0.381914
0.383789
0.381289
0.383164
0.385664
0.38753899999999997
0.388789
0.385664
0.386289
0.385664
0.385664
0.38503899999999996
0.381289
0.378164
0.378164
0.383164
0.386914
0.390664
0.391914
0.391914
0.39003899999999997
0.388789
0.388789
0.388164
0.384414
0.380664
0.38003899999999996
0.378789
0.377539
0.378164
0.388164
0.400039
0.4025
0.41875
0.43125
0.43378900000000004
0.435
0.43378900000000004
0.434375
0.44441400000000003
0.4425
0.44441400000000003
0.445625
0.4425
0.4425
0.441875
0.44628900000000005
0.45191400000000004
0.452539
0.453164
0.45691400000000004
0.45753900000000003
0.455664
0.45378900000000005
0.453164
0.45191400000000004
0.453164
0.460664
0.45941400000000004
0.46191400000000005
0.46691400000000005
0.465664
0.46191400000000005
0.45941400000000004
0.45691400000000004
0.45941400000000004
0.46253900000000003
0.463164
0.460664
0.47003900000000004
0.465664
0.463164
0.46691400000000005
0.46441400000000005
0.46753900000000004
0.470664
0.470664
0.47253900000000004
0.476289
0.47003900000000004
0.47003900000000004
0.470664
0.47566400000000003
0.476289
0.47816400000000003
0.47691400000000006
0.47566400000000003
0.47316400000000003
0.47316400000000003
0.47316400000000003
0.468164
0.473789
0.466289
0.463164
0.463164
0.455039
0.45378900000000005
0.450664
0.44875
0.44625
0.444375
0.443125
0.441875
0.440039
0.436875
0.43566400000000005
0.434414
0.43566400000000005
0.439414
0.440039
0.444375
0.45191400000000004
0.45691400000000004
0.456875
0.455625
0.45628900000000006
0.45691400000000004
0.455664
0.45628900000000006
0.45753900000000003
0.45378900000000005
0.453164
0.45378900000000005
0.453164
0.45128900000000005
0.45128900000000005
0.45378900000000005
0.458164
0.46441400000000005
0.463789
0.468164
0.46941400000000005
0.470664
0.47191400000000006
0.47503900000000004
0.483789
0.49128900000000003
0.496914
0.496914
0.497539
0.497539
0.505039
0.514414
0.516914
0.5175390000000001
0.5175390000000001
0.5125390000000001
0.5075390000000001
0.515039
0.5181640000000001
0.5187890000000001
0.519414
0.520039
0.521289
0.525039
0.524414
0.5231640000000001
0.525039
0.530039
0.535039
0.543164
0.541914
0.551289
0.560664
0.5650390000000001
0.566289
0.563164
0.568125
0.576914
0.5775
0.579375
0.583164
0.584414
0.57875
0.578164
0.583789
0.584375
0.588125
0.59375
0.593789
0.59
0.586914
0.587539
0.584414
0.584414
0.582539
0.5800390000000001
0.577539
0.5750390000000001
0.572539
0.572539
0.567539
0.560664
0.5650390000000001
0.5644140000000001
0.558789
0.561289
0.5644140000000001
0.567539
0.568789
0.5756640000000001
0.5800390000000001
0.579414
0.5800390000000001
0.583164
0.586914
0.587539
0.5912890000000001
0.593164
0.592539
0.5906640000000001
0.590039
0.588789
0.590039
0.590039
0.608789
0.608164
0.615664
0.623789
0.626289
0.625039
0.623789
0.6219140000000001
0.618789
0.620039
0.619414
0.619414
0.6225390000000001
0.618789
0.620039
0.620039
0.623164
0.6269140000000001
0.62625
0.625
0.626289
0.6281640000000001
0.633789
0.635039
0.633125
0.64625
0.644414
0.645
0.64125
0.64
0.63875
0.6381640000000001
0.635039
0.6325390000000001
0.630664
0.6281640000000001
0.6281640000000001
0.6281640000000001
0.626289
0.6269140000000001
0.629414
0.628789
0.631289
0.6381640000000001
0.6437890000000001
0.645039
0.6437890000000001
0.640664
0.6375390000000001
0.6375390000000001
0.636914
0.636914
0.636289
0.635039
0.6325390000000001
0.629414
0.628789
0.625039
0.623164
0.6225390000000001
0.621289
0.623164
0.6275390000000001
0.6275390000000001
0.6275390000000001
0.633789
0.6331640000000001
0.636914
0.634414
0.636914
0.634414
0.636914
0.635664
0.634414
0.635039
0.633789
0.635664
0.6331640000000001
0.635039
0.633789
0.635039
0.628789
0.628789
0.6281640000000001
0.6275
0.6269140000000001
0.625
0.623164
0.6225390000000001
0.621875
0.619414
0.619375
0.618164
0.6275390000000001
0.62875
0.630625
0.63625
0.643125
0.65
0.6525
0.6487890000000001
0.650664
0.651914
0.6531640000000001
0.651289
0.654414
0.656289
0.660039
0.6637890000000001
0.6644140000000001
0.672539
0.6787890000000001
0.6844140000000001
0.6794140000000001
0.676914
0.676914
0.6750390000000001
0.673164
0.671914
0.6694140000000001
0.6687890000000001
0.670664
0.668164
0.666289
0.666289
0.666914
0.662539
0.666289
0.671914
0.670664
0.673164
0.675664
0.676289
0.677539
0.6787890000000001
0.6750390000000001
0.6750390000000001
0.681914
0.693789
0.698789
0.703164
0.720039
0.730039
0.728789
0.727539
0.718789
0.724414
0.719414
0.7162890000000001
0.718164
0.7162890000000001
0.7162890000000001
0.7162890000000001
0.718164
0.72
0.7206640000000001
0.718125
0.7212890000000001
0.720625
0.718164
0.711914
0.709375
0.705
0.701875
0.700625
0.699375
0.6956640000000001
0.6906640000000001
0.692539
0.6850390000000001
0.681914
0.681289
0.676289
0.6737890000000001
0.671914
0.672539
0.671914
0.672539
0.671289
0.670039
0.6694140000000001
0.666914
0.6694140000000001
0.6694140000000001
0.671914
0.673164
0.6694140000000001
0.671289
0.678164
0.681914
0.682539
0.6850390000000001
0.6906640000000001
0.685664
0.683164
0.682539
0.681914
0.6800390000000001
0.675664
0.673164
0.6794140000000001
0.676914
0.6750390000000001
0.671914
0.671289
0.670039
0.666289
0.662539
0.660664
0.657539
0.654414
0.6537890000000001
0.650039
0.6437890000000001
0.6425390000000001
0.6437890000000001
0.639414
0.640664
0.639414
0.636914
0.634414
0.631289
0.6325
0.628125
0.626875
0.624375
0.6281640000000001
0.625625
0.6275
0.630625
0.635039
0.634414
0.639414
0.645664
0.6437890000000001
0.6437890000000001
0.6425390000000001
0.651914
0.651914
0.650664
0.651289
0.654414
0.651289
0.651289
0.6487890000000001
0.650664
0.651289
0.652539
0.655664
0.6581640000000001
0.6587890000000001
0.655664
0.6537890000000001
0.651914
0.651914
0.652539
0.656289
0.656289
0.655664
0.6587890000000001
0.6594140000000001
0.656289
0.6537890000000001
0.652539
0.649414
0.646289
0.645664
0.6487890000000001
0.6487890000000001
0.650664
0.646914
0.645039
0.641289
0.6425390000000001
0.641289
0.6487890000000001
0.6587890000000001
0.6594140000000001
0.6694140000000001
0.677539
0.680664
0.6787890000000001
0.675664
0.672539
0.670664
0.670664
0.666289
0.6625
0.660664
0.65875
0.656875
0.6525
0.653125
0.6475
0.646289
0.644414
0.644414
0.6425
0.640039
0.638789
0.638789
0.6431640000000001
0.636914
0.636914
0.640664
0.641914
0.640039
0.636914
0.635664
0.6331640000000001
0.630664
0.6281640000000001
0.6275390000000001
0.623164
0.6281640000000001
0.6175390000000001
0.615039
0.6175390000000001
0.608789
0.6062890000000001
0.603789
0.6012890000000001
0.599414
0.599414
0.5962890000000001
0.5962890000000001
0.592539
0.5906640000000001
0.594414
0.587539
0.5862890000000001
0.582539
0.579414
0.582539
0.583164
0.5862890000000001
0.588789
0.583164
0.582539
0.581914
0.584414
0.590039
0.589414
0.5912890000000001
0.594414
0.5962890000000001
0.595039
0.593164
0.5956640000000001
0.5912890000000001
0.5906640000000001
0.58875
0.588164
0.586875
0.586875
0.589375
0.58875
0.5956640000000001
0.5956640000000001
0.59125
0.591875
0.590039
0.588125
0.585625
0.5856640000000001
0.584414
0.5825
0.581875
0.587539
0.584414
0.586914
0.587539
0.588164
0.5850390000000001
0.588789
0.588789
0.590039
0.593789
0.593789
0.591914
0.588789
0.588789
0.586914
0.5850390000000001
0.583789
0.581914
0.579414
0.579414
0.583789
0.582539
0.5850390000000001
0.5906640000000001
0.5856640000000001
0.594414
0.591914
0.598789
0.5969140000000001
0.599414
0.598164
0.6006640000000001
0.598164
0.6006640000000001
0.6012890000000001
0.599414
0.5956640000000001
0.595039
0.589414
0.590039
0.586914
0.5850390000000001
0.582539
0.5800390000000001
0.579414
0.578164
0.573789
0.5650390000000001
0.568789
0.5656640000000001
0.5625
0.562539
0.561289
0.56
0.558164
0.555664
0.555664
0.551875
0.5494140000000001
0.545625
0.542539
0.539375
0.537539
0.536289
0.536289
0.53375
0.532539
0.533125
0.5331640000000001
0.530039
0.5287890000000001
0.5237890000000001
0.525664
0.521914
0.520039
0.5181640000000001
0.5175390000000001
0.516914
0.515664
0.515039
0.509414
0.5069140000000001
0.5075390000000001
0.503789
0.5031640000000001
0.5025390000000001
0.5019140000000001
0.499414
0.49816400000000005
0.495039
0.49628900000000004
0.49316400000000005
0.48753900000000006
0.49003900000000006
0.49066400000000004
0.48753900000000006
0.48816400000000004
0.491914
0.49816400000000005
0.503789
0.515664
0.526289
0.526914
0.526289
0.525039
0.527539
0.5237890000000001
0.527539
0.525664
0.5231640000000001
0.521289
0.519414
0.5175390000000001
0.515664
0.514414
0.509414
0.511914
0.519414
0.518125
0.52375
0.531875
0.5344140000000001
0.533125
0.531289
0.53
0.5287890000000001
0.526875
0.525039
0.525039
0.525625
0.5231640000000001
0.52375
0.52625
0.52625
0.52375
0.525039
0.530039
0.5331640000000001
0.537539
0.545039
0.5537890000000001
0.5550390000000001
0.557539
0.5656640000000001
0.5650390000000001
0.5656640000000001
0.568164
0.563789
0.558164
0.560664
0.5644140000000001
0.5644140000000001
0.561914
0.5656640000000001
0.568789
0.5706640000000001
0.568789
0.573164
0.576914
0.578164
0.573789
0.573164
0.576914
0.5912890000000001
0.5962890000000001
0.593789
0.605039
0.6175390000000001
0.618789
0.618164
0.620039
0.624414
0.619414
0.619414
0.6169140000000001
0.613164
0.610039
0.607539
0.605039
0.602539
0.599414
0.592539
0.595039
0.587539
0.578789
0.5750390000000001
0.572539
0.5706640000000001
0.57
0.5675
0.56375
0.560664
0.555
0.545625
0.5475
0.541875
0.54
0.536875
0.535625
0.5331640000000001
0.53
0.5275
0.525039
0.521289
0.519414
0.516914
0.515039
0.511914
0.508789
0.506289
0.506289
0.5031640000000001
0.501289
0.500039
0.49878900000000004
0.497539
0.49628900000000004
0.49316400000000005
0.49566400000000005
0.49253900000000006
0.491914
0.49003900000000006
0.486914
0.484414
0.483789
0.486289
0.484414
0.486914
0.483789
0.48316400000000004
0.486289
0.48753900000000006
0.49566400000000005
0.49878900000000004
0.508789
0.515039
0.5181640000000001
0.513789
0.5131640000000001
0.511289
0.514414
0.5175390000000001
0.5175390000000001
0.516289
0.515039
0.513789
0.514414
0.513789
0.510664
0.513789
0.5175390000000001
0.5187890000000001
0.518125
0.52375
0.530039
0.529375
0.530625
0.529414
0.530664
0.531914
0.532539
0.52625
0.52875
0.525
0.5275
0.52875
0.52875
0.530039
0.531289
0.531289
0.532539
0.532539
0.5344140000000001
0.536914
0.536289
0.5381640000000001
0.542539
0.5437890000000001
0.541289
0.540039
0.5387890000000001
0.540039
0.536914
0.536289
0.535039
0.5331640000000001
0.527539
0.531289
0.531289
0.526914
0.524414
0.5231640000000001
0.524414
0.520664
0.5175390000000001
0.520039
0.516289
0.519414
0.5181640000000001
0.520664
0.5237890000000001
0.525664
0.5231640000000001
0.5231640000000001
0.521914
0.5225390000000001
0.519414
0.5187890000000001
0.5181640000000001
0.516289
0.513789
0.5131640000000001
0.511289
0.509414
0.5075390000000001
0.506289
0.500039
0.501875
0.500664
0.500039
0.500664
0.499414
0.498125
0.496914
0.495625
0.494414
0.49375
0.488125
0.491875
0.489375
0.49375
0.495625
0.4975
0.500625
0.5019140000000001
0.504414
0.506289
0.5125390000000001
0.513789
0.511914
0.511914
0.511914
0.520039
0.520039
0.5225390000000001
0.521914
0.525039
0.527539
0.5281640000000001
0.526289
0.5237890000000001
0.5225390000000001
0.520664
0.521289
0.520664
0.519414
0.516289
0.514414
0.511914
0.510039
0.509414
0.509414
0.505039
0.505039
0.503789
0.5075390000000001
0.5081640000000001
0.514414
0.515039
0.520664
0.520664
0.525664
0.525664
0.530039
0.527539
0.527539
0.526914
0.525664
0.5281640000000001
0.5281640000000001
0.526914
0.5281640000000001
0.5287890000000001
0.5237890000000001
0.525039
0.5181640000000001
0.5187890000000001
0.513789
0.5125
0.510664
0.508789
0.505664
0.500625
0.501875
0.49625
0.49375
0.49
0.486875
0.48253900000000005
0.485
0.48316400000000004
0.480625
0.479414
0.47691400000000006
0.47566400000000003
0.47503900000000004
0.47316400000000003
0.468789
0.47441400000000006
0.47691400000000006
0.47816400000000003
0.483789
0.48816400000000004
0.48878900000000003
0.486914
0.48503900000000005
0.483789
0.483789
0.483789
0.48566400000000004
0.48753900000000006
0.48503900000000005
0.48253900000000005
0.48066400000000004
0.47753900000000005
0.47816400000000003
0.476289
0.47691400000000006
0.47316400000000003
0.47253900000000004
0.47503900000000004
0.471289
0.47566400000000003
0.473789
0.473789
0.471289
0.47191400000000006
0.468789
0.46941400000000005
0.468789
0.463789
0.47253900000000004
0.47003900000000004
0.481914
0.48066400000000004
0.47816400000000003
0.478789
0.479414
0.478789
0.47816400000000003
0.47566400000000003
0.47503900000000004
0.47441400000000006
0.47191400000000006
0.46941400000000005
0.466875
0.465625
0.46625
0.464375
0.46128900000000006
0.45875
0.456875
0.448125
0.44875
0.444375
0.443125
0.44441400000000003
0.44375
0.44066400000000006
0.439414
0.43816400000000005
0.435039
0.434414
0.42816400000000004
0.42878900000000003
0.42566400000000004
0.42503900000000006
0.418789
0.41816400000000004
0.41566400000000003
0.41441400000000006
0.41316400000000003
0.413789
0.41316400000000003
0.408789
0.413789
0.405039
0.401289
0.40566399999999997
0.400039
0.39816399999999996
0.395039
0.393789
0.393164
0.393164
0.390664
0.39253899999999997
0.390664
0.39253899999999997
0.398789
0.397539
0.399414
0.397539
0.396914
0.396914
0.39566399999999996
0.395039
0.39253899999999997
0.391289
0.39003899999999997
0.38753899999999997
0.385664
0.385664
0.384414
0.38253899999999996
0.38003899999999996
0.378789
0.378164
0.373789
0.37191399999999997
0.371875
0.368125
0.37
0.3675
0.368125
0.3675
0.365625
0.364375
0.365625
0.361875
0.36441399999999996
0.358125
0.360664
0.35878899999999997
0.359414
0.35878899999999997
0.357539
0.356914
0.357539
0.36128899999999997
0.362539
0.365664
0.37191399999999997
0.375664
0.37691399999999997
0.37691399999999997
0.37691399999999997
0.375664
0.375664
0.375039
0.375664
0.381289
0.386914
0.386914
0.395039
0.396289
0.396289
0.393789
0.393789
0.391289
0.389414
0.38753899999999997
0.38753899999999997
0.383789
0.383789
0.386914
0.386914
0.389414
0.388164
0.386289
0.383164
0.38253899999999996
0.38003899999999996
0.378164
0.376289
0.381914
0.381289
0.381914
0.381914
0.38503899999999996
0.383789
0.381914
0.381914
0.378164
0.378164
0.37441399999999997
0.368164
0.370664
0.370664
0.3675
0.36691399999999996
0.36375
0.363125
0.36
0.358164
0.355625
0.35628899999999997
0.362539
0.362539
0.366289
0.373789
0.375664
0.375039
0.373789
0.37191399999999997
0.37191399999999997
0.372539
0.371289
0.365664
0.365039
0.359414
0.360039
0.358164
0.360039
0.36128899999999997
0.362539
0.36128899999999997
0.360664
0.36128899999999997
0.36128899999999997
0.366289
0.370039
0.36691399999999996
0.366289
0.36691399999999996
0.367539
0.367539
0.36691399999999996
0.365039
0.365039
0.361914
0.358164
0.368164
0.370039
0.363789
0.366289
0.372539
0.375039
0.37441399999999997
0.37191399999999997
0.370664
0.36941399999999996
0.370039
0.368789
0.366289
0.363789
0.363164
0.360664
0.358164
0.35628899999999997
0.355039
0.353164
0.352539
0.351875
0.348125
0.348125
0.345625
0.3425
0.3425
0.341875
0.348125
0.353164
0.35125
0.3525
0.3525
0.3525
0.35375
0.354375
0.35878899999999997
0.356914
0.356914
0.356914
0.357539
0.35628899999999997
0.35878899999999997
0.355039
0.351914
0.352539
0.351914
0.346289
0.349414
0.346914
0.34566399999999997
0.344414
0.341914
0.343789
0.34066399999999997
0.336289
0.336289
0.336289
0.333789
0.332539
0.33003899999999997
0.331289
0.332539
0.33316399999999996
0.33316399999999996
0.333789
0.33566399999999996
0.337539
0.341914
0.34316399999999997
0.347539
0.353164
0.354414
0.360664
0.365039
0.365039
0.366289
0.365664
0.365039
0.36441399999999996
0.36441399999999996
0.365039
0.365664
0.363789
0.36128899999999997
0.360664
0.36
0.36441399999999996
0.365625
0.367539
0.37375
0.3775
0.384375
0.38003899999999996
0.377539
0.373789
0.373164
0.370625
0.37125
0.36691399999999996
0.36
0.366289
0.370664
0.37691399999999997
0.371289
0.372539
0.373789
0.373789
0.375039
0.373789
0.37191399999999997
0.373164
0.371289
0.371289
0.37191399999999997
0.371289
0.373789
0.378789
0.379414
0.378789
0.378164
0.37691399999999997
0.372539
0.378789
0.375664
0.37691399999999997
0.373789
0.37441399999999997
0.380664
0.385664
0.38753899999999997
0.395039
0.403789
0.401914
0.405039
0.406289
0.404414
0.406289
0.413789
0.41816400000000004
0.41753900000000005
0.41753900000000005
0.419414
0.419414
0.42066400000000004
0.43316400000000005
0.42753900000000006
0.42628900000000003
0.42066400000000004
0.42316400000000004
0.423789
0.42316400000000004
0.42316400000000004
0.42003900000000005
0.419414
0.41625
0.4125
0.41125
0.40875
0.408125
0.408789
0.405
0.402539
0.400039
0.397539
0.395
0.39375
0.394375
0.391289
0.3925
0.388789
0.386914
0.386289
0.38503899999999996
0.383789
0.38253899999999996
0.38253899999999996
0.381914
0.381289
0.38003899999999996
0.377539
0.37691399999999997
0.377539
0.378789
0.384414
0.383789
0.386914
0.390664
0.393789
0.391289
0.389414
0.390664
0.390664
0.386914
0.389414
0.388164
0.39003899999999997
0.388164
0.388164
0.39003899999999997
0.393789
0.388789
0.396914
0.397539
0.393164
0.39566399999999996
0.396289
0.395039
0.394414
0.393789
0.393164
0.39253899999999997
0.39253899999999997
0.39003899999999997
0.388789
0.386914
0.39253899999999997
0.39566399999999996
0.397539
0.40316399999999997
0.408789
0.41066400000000003
0.41066400000000003
0.406289
0.4075
0.41003900000000004
0.41066400000000003
0.41066400000000003
0.408125
0.406875
0.40375
0.40375
0.403125
0.40625
0.405625
0.40875
0.410625
0.41253900000000004
0.41375
0.41441400000000006
0.416289
0.421289
0.421914
0.42066400000000004
0.423789
0.42253900000000005
0.416289
0.421289
0.421914
0.42503900000000006
0.419414
0.41753900000000005
0.416914
0.416289
0.41566400000000003
0.41441400000000006
0.41316400000000003
0.41191400000000006
0.41003900000000004
0.408789
0.40566399999999997
0.406289
0.404414
0.404414
0.40316399999999997
0.40316399999999997
0.403789
0.40816399999999997
0.40816399999999997
0.41316400000000003
0.41253900000000004
0.41003900000000004
0.41003900000000004
0.409414
0.40816399999999997
0.406289
0.404414
0.402539
0.403789
0.396289
0.393789
0.396289
0.393789
0.393164
0.39253899999999997
0.393789
0.40066399999999996
0.405039
0.407539
0.41566400000000003
0.418789
0.425625
0.42
0.418789
0.41625
0.416914
0.415625
0.414375
0.4125
0.41191400000000006
0.41191400000000006
0.4125
0.419414
0.420625
0.425
0.43066400000000005
0.435039
0.432539
0.43128900000000003
0.43003900000000006
0.42753900000000006
0.423789
0.424414
0.42503900000000006
0.42253900000000005
0.42503900000000006
0.42003900000000005
0.41816400000000004
0.42253900000000005
0.424414
0.424414
0.426914
0.429414
0.431914
0.431914
0.426914
0.43003900000000006
0.434414
0.435039
0.434414
0.434414
0.43878900000000004
0.442539
0.44378900000000004
0.44941400000000004
0.44628900000000005
0.447539
0.445039
0.44378900000000004
0.442539
0.445039
0.442539
0.44066400000000006
0.439414
0.43628900000000004
0.435039
0.43128900000000003
0.42753900000000006
0.42628900000000003
0.42503900000000006
0.418789
0.421914
0.42566400000000004
0.42628900000000003
0.426914
0.431875
0.43566400000000005
0.43378900000000004
0.434414
0.433125
0.4325
0.430625
0.426875
0.42625
0.425
0.425
0.4225
0.421875
0.42125
0.416289
0.416875
0.416914
0.41503900000000005
0.41375
0.41191400000000006
0.408789
0.406914
0.404414
0.402539
0.401914
0.397539
0.40066399999999996
0.39566399999999996
0.39566399999999996
0.393164
0.391289
0.388789
0.38753899999999997
0.386914
0.386289
0.384414
0.381914
0.386289
0.378164
0.375039
0.375664
0.37441399999999997
0.373164
0.373164
0.373164
0.38003899999999996
0.384414
0.38753899999999997
0.386289
0.383789
0.381914
0.379414
0.381914
0.381289
0.379414
0.378789
0.378164
0.377539
0.37691399999999997
0.373164
0.375039
0.373164
0.372539
0.371289
0.36941399999999996
0.370664
0.370039
0.371289
0.370625
0.371875
0.365625
0.366875
0.368125
0.368125
0.36875
0.3675
0.366875
0.365625
0.36375
0.361875
0.3625
0.360664
0.368164
0.359414
0.358164
0.354414
0.358164
0.357539
0.356914
0.356914
0.355664
0.356914
0.35628899999999997
0.365039
0.370664
0.367539
0.370664
0.378789
0.38503899999999996
0.38753899999999997
0.388789
0.385664
0.385664
0.386914
0.388164
0.38503899999999996
0.38753899999999997
0.393164
0.393164
0.396914
0.398789
0.40066399999999996
0.403789
0.406914
0.406914
0.405039
0.40066399999999996
0.399414
0.400039
0.400039
0.396914
0.393164
0.393164
0.390664
0.389414
0.388164
0.384414
0.377539
0.38253899999999996
0.373789
0.37191399999999997
0.37441399999999997
0.372539
0.370664
0.368164
0.365664
0.36625
0.36128899999999997
0.3625
0.36125
0.36125
0.358125
0.355625
0.353164
0.353164
0.351875
0.35
0.35
0.350039
0.349414
0.346914
0.345039
0.344414
0.34316399999999997
0.341289
0.339414
0.33816399999999996
0.336914
0.336289
0.335039
0.328789
0.334414
0.333789
0.332539
0.334414
0.336289
0.335039
0.334414
0.332539
0.330664
0.331914
0.32753899999999997
0.323789
0.325664
0.326914
0.32753899999999997
0.326914
0.326289
0.329414
0.333789
0.339414
0.341289
0.336289
0.341914
0.337539
0.337539
0.335039
0.336289
0.33566399999999996
0.333789
0.33316399999999996
0.331914
0.331914
0.331289
0.33566399999999996
0.335039
0.340039
0.344414
0.348164
0.34566399999999997
0.345039
0.344414
0.34375
0.3425
0.3425
0.341875
0.341875
0.33816399999999996
0.339414
0.3425
0.345
0.345
0.34878899999999996
0.35
0.351914
0.35378899999999996
0.349414
0.34625
0.3475
0.344414
0.348164
0.346289
0.344414
0.341914
0.341289
0.341914
0.340039
0.33816399999999996
0.339414
0.33566399999999996
0.33316399999999996
0.329414
0.330664
0.328164
0.326289
0.323789
0.321289
0.321914
0.318164
0.313164
0.313164
0.315664
0.328164
0.323789
0.329414
0.329414
0.337539
0.341289
0.338789
0.338789
0.340039
0.337539
0.340039
0.34066399999999997
0.337539
0.33816399999999996
0.335039
0.333789
0.331914
0.33003899999999997
0.328164
0.326289
0.32503899999999997
0.318789
0.316914
0.316289
0.315039
0.313125
0.310664
0.310664
0.30875
0.30941399999999997
0.308789
0.312539
0.318164
0.319414
0.325
0.330664
0.33
0.328125
0.328789
0.333125
0.33875
0.33566399999999996
0.336289
0.34066399999999997
0.342539
0.341289
0.33816399999999996
0.336914
0.337539
0.340039
0.344414
0.353164
0.360664
0.36441399999999996
0.375664
0.393164
0.40316399999999997
0.40066399999999996
0.400039
0.40316399999999997
0.405039
0.403789
0.40316399999999997
0.40066399999999996
0.390664
0.39566399999999996
0.39003899999999997
0.38753899999999997
0.38503899999999996
0.384414
0.38753899999999997
0.390664
0.39253899999999997
0.389414
0.388164
0.383164
0.378789
0.38003899999999996
0.37441399999999997
0.37441399999999997
0.37191399999999997
0.370039
0.36691399999999996
0.365039
0.363789
0.36128899999999997
0.357539
0.355664
0.35378899999999996
0.352539
0.349414
0.348164
0.346875
0.344414
0.341914
0.34125
0.34
0.339375
0.337539
0.335
0.33316399999999996
0.331914
0.33125
0.328125
0.32753899999999997
0.32625
0.325
0.325
0.325
0.32503899999999997
0.32375
0.321914
0.323789
0.320664
0.320664
0.319414
0.318164
0.31753899999999996
0.31753899999999996
0.31753899999999996
0.315039
0.315039
0.313789
0.31191399999999997
0.316914
0.315039
0.315039
0.315039
0.313164
0.311289
0.313164
0.31191399999999997
0.311289
0.313789
0.310664
0.31441399999999997
0.318789
0.323164
0.328789
0.33003899999999997
0.328789
0.330664
0.328789
0.330664
0.330664
0.331289
0.330664
0.33003899999999997
0.328789
0.32753899999999997
0.32753899999999997
0.326914
0.325664
0.325664
0.326914
0.323164
0.324414
0.32253899999999996
0.323789
0.323164
0.323164
0.32253899999999996
0.321875
0.321914
0.3225
0.321875
0.3225
0.323125
0.32625
0.3325
0.335625
0.341875
0.350625
0.356875
0.36
0.359414
0.35878899999999997
0.357539
0.360039
0.35878899999999997
0.36128899999999997
0.360039
0.358164
0.355664
0.355664
0.354414
0.355664
0.352539
0.344414
0.350039
0.350039
0.346289
0.346289
0.34566399999999997
0.345039
0.344414
0.34316399999999997
0.342539
0.340039
0.34066399999999997
0.338789
0.341289
0.336289
0.343789
0.348164
0.353164
0.354414
0.351914
0.350664
0.35128899999999996
0.344414
0.350039
0.346914
0.346289
0.344414
0.344414
0.343789
0.343789
0.34316399999999997
0.341289
0.342539
0.336914
0.339414
0.33566399999999996
0.33566399999999996
0.33316399999999996
0.332539
0.331289
0.33
0.328164
0.33003899999999997
0.331289
0.3275
0.32625
0.32503899999999997
0.323125
0.32503899999999997
0.320625
0.32
0.318125
0.316875
0.316914
0.316914
0.315664
0.31441399999999997
0.312539
0.313164
0.313164
0.313164
0.311289
0.30941399999999997
0.308164
0.308789
0.307539
0.307539
0.307539
0.303789
0.305039
0.305039
0.303164
0.305039
0.30941399999999997
0.308164
0.313164
0.318789
0.321289
0.320664
0.318789
0.321289
0.319414
0.32503899999999997
0.328164
0.331289
0.33003899999999997
0.328164
0.325664
0.326289
0.323789
0.318789
0.31753899999999996
0.316914
0.32003899999999996
0.31753899999999996
0.316914
0.31753899999999996
0.316289
0.316914
0.318164
0.313164
0.315039
0.31191399999999997
0.311289
0.308164
0.307539
0.30691399999999996
0.303789
0.302539
0.30125
0.299414
0.29875
0.297539
0.29375
0.29375
0.28875
0.28875
0.28625
0.284375
0.28375
0.283125
0.281875
0.281875
0.276914
0.278789
0.278789
0.278789
0.273789
0.272539
0.27066399999999996
0.270039
0.268789
0.269414
0.269414
0.266914
0.269414
0.26503899999999997
0.263164
0.263164
0.26003899999999996
0.259414
0.258789
0.25753899999999996
0.255664
0.25503899999999996
0.252539
0.261289
0.258789
0.26503899999999997
0.271289
0.279414
0.285039
0.286914
0.283789
0.28316399999999997
0.28316399999999997
0.282539
0.284414
0.281289
0.27816399999999997
0.28066399999999997
0.279414
0.276914
0.276914
0.275039
0.273789
0.271289
0.270039
0.263164
0.265664
0.261289
0.266289
0.27375
0.273789
0.27875
0.28316399999999997
0.284375
0.284414
0.284375
0.27875
0.28125
0.279414
0.27875
0.27625
0.27375
0.270039
0.268789
0.268164
0.2675
0.266289
0.26253899999999997
0.266914
0.259414
0.259414
0.258164
0.258164
0.25753899999999996
0.255664
0.253789
0.252539
0.252539
0.250039
0.251289
0.248164
0.24503899999999998
0.244414
0.244414
0.24253899999999998
0.239414
0.23878899999999997
0.236289
0.23441399999999998
0.23441399999999998
0.240664
0.244414
0.250039
0.26003899999999996
0.270039
0.274414
0.276914
0.28316399999999997
0.282539
0.285039
0.28878899999999996
0.286914
0.28628899999999996
0.28316399999999997
0.285039
0.282539
0.284414
0.289414
0.291914
0.29128899999999996
0.295664
0.301289
0.300664
0.29628899999999997
0.295664
0.298164
0.301289
0.301289
0.301875
0.301875
0.305039
0.308125
0.30941399999999997
0.305
0.30441399999999996
0.300039
0.29625
0.293125
0.29375
0.292539
0.29128899999999996
0.2925
0.291875
0.29128899999999996
0.290664
0.290039
0.285664
0.28628899999999996
0.281914
0.28066399999999997
0.27816399999999997
0.277539
0.28316399999999997
0.288164
0.28878899999999996
0.295664
0.296914
0.29878899999999997
0.300039
0.298164
0.297539
0.298164
0.296914
0.295664
0.293164
0.290039
0.290039
0.286914
0.285039
0.29128899999999996
0.296914
0.29628899999999997
0.295664
0.29628899999999997
0.298164
0.302539
0.300664
0.305039
0.306289
0.301289
0.306289
0.30191399999999996
0.307539
0.303164
0.303789
0.303164
0.306289
0.308789
0.308164
0.310039
0.315039
0.315039
0.31441399999999997
0.318789
0.32375
0.325625
0.328789
0.332539
0.335
0.335
0.33375
0.329375
0.33003899999999997
0.323789
0.325625
0.32375
0.324414
0.32125
0.32253899999999996
0.321289
0.321289
0.321289
0.316914
0.316914
0.318164
0.316914
0.318789
0.31753899999999996
0.316289
0.31441399999999997
0.31441399999999997
0.313164
0.313789
0.310664
0.313789
0.308164
0.308164
0.315039
0.318789
0.320664
0.32503899999999997
0.33003899999999997
0.332539
0.33816399999999996
0.33566399999999996
0.34066399999999997
0.344414
0.348164
0.351914
0.349414
0.34878899999999996
0.346914
0.34566399999999997
0.34566399999999997
0.344414
0.344414
0.34566399999999997
0.341289
0.345039
0.344414
0.345039
0.34316399999999997
0.34316399999999997
0.341914
0.341289
0.34066399999999997
0.341289
0.340039
0.338789
0.339414
0.336914
0.3375
0.33816399999999996
0.34125
0.3425
0.34625
0.346875
0.349375
0.346875
0.345039
0.3475
0.349375
0.349414
0.34875
0.34875
0.350664
0.35378899999999996
0.352539
0.357539
0.355664
0.356914
0.354414
0.355039
0.351914
0.353164
0.354414
0.355039
0.356914
0.356914
0.35628899999999997
0.355664
0.356914
0.357539
0.354414
0.354414
0.354414
0.355039
0.360039
0.36128899999999997
0.363789
0.368789
0.37191399999999997
0.38753899999999997
0.396914
0.405039
0.421289
0.43378900000000004
0.43378900000000004
0.43816400000000005
0.44378900000000004
0.44128900000000004
0.44128900000000004
0.44378900000000004
0.44066400000000006
0.44378900000000004
0.44316400000000006
0.44378900000000004
0.44378900000000004
0.452539
0.455664
0.45753900000000003
0.463789
0.46753900000000004
0.46941400000000005
0.46441400000000005
0.45753900000000003
0.46191400000000005
0.46
0.458125
0.45628900000000006
0.453125
0.45125
0.450039
0.448125
0.44566400000000006
0.44625
0.450664
0.449375
0.453125
0.45875
0.460664
0.45941400000000004
0.458125
0.4575
0.45625
0.45378900000000005
0.45378900000000005
0.452539
0.453164
0.44691400000000003
0.447539
0.44441400000000003
0.44191400000000003
0.44066400000000006
0.43878900000000004
0.43628900000000004
0.434414
0.435039
0.42878900000000003
0.42878900000000003
0.426914
0.42316400000000004
0.42503900000000006
0.42316400000000004
0.421289
0.419414
0.418789
0.41816400000000004
0.421289
0.42503900000000006
0.424414
0.42753900000000006
0.432539
0.43128900000000003
0.43128900000000003
0.43003900000000006
0.42753900000000006
0.42628900000000003
0.424414
0.42503900000000006
0.421914
0.42253900000000005
0.42066400000000004
0.421289
0.418789
0.41816400000000004
0.41753900000000005
0.416914
0.41503900000000005
0.41316400000000003
0.41191400000000006
0.41191400000000006
0.41253900000000004
0.407539
0.410625
0.4075
0.408789
0.41066400000000003
0.411289
0.41375
0.413789
0.411289
0.41066400000000003
0.410625
0.408125
0.40566399999999997
0.40375
0.402539
0.40375
0.405039
0.402539
0.401914
0.40125
0.401289
0.398789
0.393789
0.396914
0.395039
0.396914
0.395039
0.394414
0.394414
0.393789
0.39253899999999997
0.393789
0.390664
0.38253899999999996
0.388789
0.39003899999999997
0.384414
0.386914
0.386289
0.385664
0.385664
0.38503899999999996
0.391289
0.39566399999999996
0.405039
0.40816399999999997
0.407539
0.40816399999999997
0.41066400000000003
0.41316400000000003
0.41753900000000005
0.419414
0.42066400000000004
0.42316400000000004
0.42753900000000006
0.42503900000000006
0.42628900000000003
0.42753900000000006
0.436914
0.44128900000000004
0.44128900000000004
0.445039
0.44566400000000006
0.44441400000000003
0.44191400000000003
0.44316400000000006
0.439414
0.44191400000000003
0.436914
0.43378900000000004
0.43066400000000005
0.429414
0.428125
0.426875
0.424414
0.421289
0.420625
0.416289
0.409375
0.413125
0.41375
0.4125
0.415
0.41875
0.42003900000000005
0.41816400000000004
0.41566400000000003
0.41503900000000005
0.41191400000000006
0.409414
0.407539
0.407539
0.408789
0.41316400000000003
0.41566400000000003
0.416289
0.41816400000000004
0.42316400000000004
0.42316400000000004
0.42316400000000004
0.423789
0.42566400000000004
0.42503900000000006
0.424414
0.426914
0.426914
0.42503900000000006
0.42253900000000005
0.42003900000000005
0.42628900000000003
0.42816400000000004
0.42566400000000004
0.42816400000000004
0.42628900000000003
0.42566400000000004
0.424414
0.421914
0.421289
0.419414
0.41753900000000005
0.41503900000000005
0.413789
0.407539
0.41253900000000004
0.406289
0.403789
0.395039
0.39816399999999996
0.396289
0.393164
0.39253899999999997
0.389414
0.389414
0.38503899999999996
0.381914
0.381914
0.378125
0.37691399999999997
0.37691399999999997
0.375625
0.3725
0.371875
0.36875
0.36625
0.365039
0.36625
0.36
0.360625
0.35625
0.357539
0.35625
0.35628899999999997
0.358164
0.357539
0.357539
0.357539
0.355664
0.355039
0.352539
0.352539
0.348164
0.346289
0.345039
0.343789
0.342539
0.342539
0.343789
0.341289
0.343789
0.338789
0.33816399999999996
0.337539
0.33316399999999996
0.332539
0.33003899999999997
0.331914
0.33566399999999996
0.342539
0.345039
0.33816399999999996
0.34316399999999997
0.341289
0.336914
0.340039
0.33816399999999996
0.337539
0.336289
0.336289
0.336289
0.335039
0.336914
0.334414
0.335039
0.33316399999999996
0.332539
0.329414
0.328789
0.326914
0.32503899999999997
0.323789
0.323164
0.318164
0.318789
0.318164
0.314375
0.315664
0.316914
0.315039
0.31441399999999997
0.3125
0.31125
0.315625
0.315625
0.32125
0.320625
0.32375
0.325
0.3275
0.334414
0.33816399999999996
0.340039
0.346914
0.350664
0.347539
0.347539
0.344414
0.34316399999999997
0.347539
0.341914
0.341914
0.34066399999999997
0.339414
0.33816399999999996
0.337539
0.335039
0.33316399999999996
0.332539
0.33003899999999997
0.328164
0.326289
0.323789
0.321289
0.323789
0.325664
0.330664
0.331914
0.329414
0.329414
0.330664
0.328164
0.326914
0.325664
0.324414
0.323789
0.33003899999999997
0.33316399999999996
0.339414
0.341914
0.34066399999999997
0.344414
0.339414
0.344414
0.34316399999999997
0.342539
0.340039
0.338789
0.33816399999999996
0.340039
0.336914
0.341289
0.3325
0.331914
0.32625
0.3275
0.325625
0.323125
0.320664
0.31875
0.318125
0.31375
0.31125
0.308125
0.305625
0.3025
0.304375
0.303789
0.303164
0.300039
0.298164
0.295664
0.295039
0.29378899999999997
0.290039
0.29128899999999996
0.28628899999999996
0.286914
0.28628899999999996
0.283789
0.283789
0.28316399999999997
0.28066399999999997
0.28066399999999997
0.27816399999999997
0.276914
0.273789
0.27816399999999997
0.274414
0.27316399999999996
0.272539
0.277539
0.281289
0.285664
0.28878899999999996
0.286914
0.296914
0.300664
0.299414
0.303164
0.30691399999999996
0.307539
0.305039
0.303789
0.300664
0.301289
0.298164
0.295039
0.300664
0.306289
0.305664
0.310664
0.315664
0.318164
0.31753899999999996
0.315664
0.315664
0.315664
0.31625
0.31375
0.311875
0.31191399999999997
0.311875
0.31
0.308164
0.308125
0.305625
0.305
0.303125
0.29378899999999997
0.295
0.2925
0.291914
0.293125
0.291914
0.290039
0.289414
0.290039
0.28878899999999996
0.290664
0.28628899999999996
0.286914
0.28628899999999996
0.285039
0.281289
0.281289
0.28066399999999997
0.280039
0.280039
0.28066399999999997
0.280039
0.280039
0.282539
0.280039
0.281289
0.27566399999999996
0.276914
0.278789
0.28316399999999997
0.286914
0.289414
0.290039
0.289414
0.290039
0.288164
0.284414
0.28066399999999997
0.282539
0.281914
0.281289
0.278789
0.279414
0.277539
0.278789
0.281289
0.281289
0.28066399999999997
0.27816399999999997
0.281914
0.28066399999999997
0.279414
0.280039
0.280039
0.278789
0.279414
0.27625
0.27375
0.27375
0.271875
0.276875
0.27375
0.27375
0.27125
0.270625
0.268125
0.27125
0.2675
0.271914
0.268164
0.27
0.270039
0.270039
0.269414
0.268789
0.269414
0.268789
0.27066399999999996
0.268164
0.270039
0.265664
0.264414
0.26253899999999997
0.263789
0.264414
0.26253899999999997
0.261914
0.261289
0.260664
0.259414
0.258789
0.25753899999999996
0.25503899999999996
0.25503899999999996
0.254414
0.259414
0.264414
0.270039
0.274414
0.275039
0.276289
0.276914
0.275039
0.272539
0.272539
0.27316399999999996
0.271289
0.270039
0.268789
0.268164
0.26753899999999997
0.268164
0.266289
0.26503899999999997
0.264414
0.263164
0.259414
0.261914
0.261914
0.260664
0.26003899999999996
0.258789
0.260664
0.261914
0.26625
0.269375
0.276875
0.2825
0.285039
0.284414
0.287539
0.2875
0.288125
0.2875
0.285
0.28625
0.288164
0.289414
0.290039
0.290664
0.290664
0.291914
0.295039
0.296914
0.296914
0.299414
0.297539
0.30191399999999996
0.29628899999999997
0.296914
0.300039
0.29878899999999997
0.298164
0.295664
0.293164
0.293164
0.294414
0.28878899999999996
0.290039
0.28878899999999996
0.285664
0.286914
0.29128899999999996
0.293164
0.295664
0.295664
0.29628899999999997
0.295664
0.29378899999999997
0.300039
0.291914
0.290664
0.28878899999999996
0.285039
0.28316399999999997
0.281289
0.279414
0.279414
0.27816399999999997
0.276289
0.273789
0.272539
0.27066399999999996
0.269414
0.27066399999999996
0.268789
0.26753899999999997
0.266289
0.26503899999999997
0.263789
0.26375
0.264375
0.26125
0.261875
0.26125
0.25875
0.258125
0.255625
0.255
0.25375
0.251289
0.250625
0.24753899999999998
0.24625
0.24625
0.243125
0.24628899999999998
0.24503899999999998
0.250039
0.256914
0.256914
0.260664
0.270039
0.269414
0.264414
0.269414
0.26753899999999997
0.265664
0.268789
0.268789
0.268789
0.27066399999999996
0.265664
0.26753899999999997
0.264414
0.255664
0.261914
0.259414
0.259414
0.266914
0.271289
0.27566399999999996
0.27566399999999996
0.275039
0.274414
0.27566399999999996
0.275039
0.27316399999999996
0.273789
0.272539
0.271289
0.271289
0.268789
0.266914
0.266289
0.26503899999999997
0.264414
0.263164
0.26253899999999997
0.258164
0.26003899999999996
0.26003899999999996
0.25753899999999996
0.256289
0.25503899999999996
0.254414
0.25875
0.266289
0.265
0.270039
0.2775
0.278789
0.280039
0.28066399999999997
0.279375
0.278789
0.278789
0.280625
0.28878899999999996
0.285625
0.281875
0.291875
0.295625
0.299414
0.291914
0.292539
0.291914
0.29128899999999996
0.290039
0.290039
0.288164
0.288164
0.28628899999999996
0.288164
0.293164
0.290664
0.29378899999999997
0.296914
0.295664
0.295039
0.295039
0.29378899999999997
0.28878899999999996
0.289414
0.289414
0.292539
0.294414
0.299414
0.300664
0.300039
0.300039
0.301289
0.303164
0.29628899999999997
0.294414
0.295664
0.29128899999999996
0.292539
0.290664
0.289414
0.287539
0.286914
0.287539
0.28628899999999996
0.284414
0.289414
0.285664
0.291914
0.300039
0.29878899999999997
0.308164
0.318789
0.324414
0.324414
0.32503899999999997
0.32503899999999997
0.326914
0.33625
0.339375
0.34375
0.34875
0.35125
0.349414
0.34625
0.344375
0.3425
0.341875
0.343125
0.34
0.344375
0.350039
0.350039
0.35378899999999996
0.356914
0.35628899999999997
0.35628899999999997
0.358164
0.356914
0.355039
0.355039
0.352539
0.35128899999999996
0.35128899999999996
0.34878899999999996
0.346914
0.345039
0.34316399999999997
0.339414
0.340039
0.336289
0.338789
0.334414
0.33816399999999996
0.336914
0.33816399999999996
0.34066399999999997
0.34066399999999997
0.34066399999999997
0.337539
0.339414
0.33566399999999996
0.331914
0.333789
0.335039
0.337539
0.334414
0.334414
0.33316399999999996
0.332539
0.331289
0.331289
0.331289
0.33003899999999997
0.32753899999999997
0.326914
0.325664
0.32503899999999997
0.323789
0.323164
0.321914
0.321289
0.32503899999999997
0.332539
0.33003899999999997
0.339375
0.348164
0.350039
0.347539
0.346875
0.345625
0.344375
0.344375
0.34316399999999997
0.34375
0.341875
0.345039
0.34375
0.342539
0.34
0.341914
0.341289
0.340039
0.33816399999999996
0.33816399999999996
0.33816399999999996
0.339414
0.345039
0.34878899999999996
0.35628899999999997
0.368789
0.366289
0.363789
0.368164
0.368164
0.366289
0.365664
0.365664
0.366289
0.36441399999999996
0.367539
0.371289
0.375039
0.375039
0.37441399999999997
0.375664
0.376289
0.37691399999999997
0.376289
0.36941399999999996
0.373164
0.371289
0.373164
0.38253899999999996
0.393789
0.399414
0.41191400000000006
0.42503900000000006
0.42878900000000003
0.42878900000000003
0.42503900000000006
0.42566400000000004
0.426914
0.42628900000000003
0.42753900000000006
0.429414
0.42878900000000003
0.426914
0.42753900000000006
0.42628900000000003
0.425
0.421289
0.42878900000000003
0.4275
0.42625
0.43566400000000005
0.43125
0.43125
0.433125
0.434375
0.43375
0.43875
0.438125
0.436875
0.435
0.43128900000000003
0.43128900000000003
0.43316400000000005
0.432539
0.429414
0.42878900000000003
0.42878900000000003
0.426914
0.42878900000000003
0.43066400000000005
0.424414
0.42753900000000006
0.42316400000000004
0.42253900000000005
0.421914
0.42003900000000005
0.41753900000000005
0.41753900000000005
0.41503900000000005
0.41503900000000005
0.413789
0.41191400000000006
0.41503900000000005
0.42066400000000004
0.423789
0.42316400000000004
0.421289
0.421289
0.42066400000000004
0.42066400000000004
0.42066400000000004
0.416914
0.41253900000000004
0.411289
0.409414
0.411289
0.41191400000000006
0.41066400000000003
0.41003900000000004
0.41003900000000004
0.409414
0.411289
0.407539
0.40816399999999997
0.40566399999999997
0.405039
0.402539
0.403789
0.40316399999999997
0.402539
0.4025
0.40375
0.401289
0.401914
0.405625
0.40375
0.40375
0.4025
0.4025
0.400625
0.4
0.398125
0.39625
0.395039
0.396875
0.3925
0.393789
0.395
0.393789
0.396289
0.396289
0.395039
0.395039
0.395039
0.397539
0.400039
0.397539
0.400039
0.40316399999999997
0.403789
0.407539
0.41191400000000006
0.41503900000000005
0.41566400000000003
0.418789
0.42316400000000004
0.42753900000000006
0.423789
0.436914
0.43066400000000005
0.43128900000000003
0.429414
0.431914
0.43316400000000005
0.43816400000000005
0.44691400000000003
0.450039
0.45378900000000005
0.45878900000000006
0.46191400000000005
0.46003900000000003
0.45691400000000004
0.46003900000000003
0.46441400000000005
0.46253900000000003
0.463164
0.46503900000000004
0.46441400000000005
0.463164
0.46191400000000005
0.45691400000000004
0.458164
0.452539
0.45441400000000004
0.45691400000000004
0.463789
0.463164
0.46753900000000004
0.471875
0.471289
0.476289
0.47691400000000006
0.478125
0.485
0.486875
0.485
0.48375
0.48125
0.478125
0.475625
0.475
0.476289
0.47316400000000003
0.479414
0.47003900000000004
0.468789
0.463789
0.468164
0.47253900000000004
0.47191400000000006
0.47316400000000003
0.481914
0.49066400000000004
0.49128900000000003
0.49066400000000004
0.48753900000000006
0.486289
0.486914
0.48753900000000006
0.48566400000000004
0.484414
0.481289
0.479414
0.476289
0.473789
0.47691400000000006
0.476289
0.478789
0.47753900000000005
0.47753900000000005
0.484414
0.486289
0.48816400000000004
0.49378900000000003
0.495039
0.49378900000000003
0.49128900000000003
0.49128900000000003
0.48878900000000003
0.491914
0.486289
0.486914
0.486289
0.486289
0.484414
0.481914
0.481914
0.47816400000000003
0.47316400000000003
0.473789
0.47316400000000003
0.47316400000000003
0.468164
0.46691400000000005
0.46441400000000005
0.463125
0.46191400000000005
0.461875
0.45753900000000003
0.4575
0.45375
0.451875
0.44625
0.4475
0.44375
0.44
0.43878900000000004
0.43566400000000005
0.435625
0.43316400000000005
0.43316400000000005
0.43125
0.42878900000000003
0.42875
0.42503900000000006
0.423789
0.42253900000000005
0.42066400000000004
0.41816400000000004
0.416914
0.416289
0.41003900000000004
0.41441400000000006
0.409414
0.408789
0.411289
0.41003900000000004
0.408789
0.407539
0.406914
0.40566399999999997
0.408789
0.409414
0.411289
0.416914
0.41441400000000006
0.41566400000000003
0.413789
0.41566400000000003
0.413789
0.413789
0.413789
0.41316400000000003
0.409414
0.406914
0.408789
0.404414
0.401914
0.40316399999999997
0.40316399999999997
0.401914
0.401914
0.400039
0.400039
0.398789
0.397539
0.39816399999999996
0.399414
0.39816399999999996
0.39816399999999996
0.398789
0.399375
0.39875
0.398125
0.3975
0.398125
0.396875
0.395625
0.391875
0.39375
0.39125
0.393125
0.39625
0.397539
0.4
0.405625
0.409375
0.406289
0.404414
0.40566399999999997
0.40316399999999997
0.407539
0.405039
0.404414
0.403789
0.401289
0.401289
0.402539
0.398789
0.395039
0.397539
0.39816399999999996
0.391289
0.393789
0.39253899999999997
0.391289
0.39003899999999997
0.389414
0.394414
0.393789
0.39566399999999996
0.397539
0.39816399999999996
0.401289
0.396289
0.396914
0.39566399999999996
0.394414
0.39253899999999997
0.389414
0.388789
0.388789
0.383164
0.38503899999999996
0.38253899999999996
0.381289
0.38003899999999996
0.379414
0.376289
0.376289
0.375039
0.37441399999999997
0.373789
0.373164
0.37191399999999997
0.370039
0.366289
0.365664
0.365039
0.363125
0.361875
0.36125
0.363164
0.363164
0.358125
0.36125
0.359414
0.359414
0.35628899999999997
0.354414
0.352539
0.3525
0.351875
0.353125
0.350664
0.344414
0.346289
0.346289
0.34878899999999996
0.34316399999999997
0.34066399999999997
0.339414
0.338789
0.33816399999999996
0.33816399999999996
0.336289
0.33566399999999996
0.332539
0.332539
0.329414
0.329414
0.326914
0.326289
0.325664
0.324414
0.329414
0.332539
0.328789
0.33566399999999996
0.333789
0.332539
0.331914
0.331289
0.330664
0.328789
0.326914
0.32503899999999997
0.323789
0.319414
0.321289
0.319414
0.316289
0.31441399999999997
0.312539
0.312539
0.310664
0.308789
0.308789
0.308164
0.30441399999999996
0.29878899999999997
0.300039
0.298164
0.295664
0.29628899999999997
0.295625
0.29378899999999997
0.291875
0.291875
0.29125
0.289375
0.2875
0.285
0.283125
0.28125
0.280039
0.276875
0.275039
0.274414
0.27375
0.27316399999999996
0.271914
0.271914
0.268789
0.26753899999999997
0.268789
0.263789
0.263789
0.261289
0.26003899999999996
0.258789
0.258789
0.25753899999999996
0.253789
0.255664
0.254414
0.25503899999999996
0.248164
0.24753899999999998
0.24628899999999998
0.24628899999999998
0.248164
0.24878899999999998
0.25503899999999996
0.254414
0.250664
0.250039
0.251289
0.250664
0.25191399999999997
0.252539
0.250039
0.24878899999999998
0.246914
0.24753899999999998
0.243164
0.24253899999999998
0.240664
0.237539
0.235039
0.23566399999999998
0.235039
0.235039
0.236289
0.236289
0.23441399999999998
0.233789
0.23316399999999998
0.22816399999999998
0.23066399999999998
0.22566399999999998
0.22691399999999998
0.22441399999999997
0.222539
0.221914
0.220664
0.22
0.21875
0.216914
0.21628899999999998
0.214375
0.21375
0.20878899999999997
0.20625
0.204375
0.20375
0.202539
0.2025
0.20125
0.198125
0.196914
0.19628900000000002
0.19378900000000002
0.19253900000000002
0.191914
0.191914
0.189414
0.188164
0.186914
0.186289
0.18441400000000002
0.181289
0.18316400000000002
0.181289
0.186914
0.180039
0.17816400000000002
0.17691400000000002
0.18191400000000002
0.18316400000000002
0.18566400000000002
0.186289
0.187539
0.18566400000000002
0.18566400000000002
0.186914
0.18566400000000002
0.18441400000000002
0.18441400000000002
0.181289
0.17941400000000002
0.17816400000000002
0.17691400000000002
0.169414
0.172539
0.171914
0.16878900000000002
0.169414
0.16878900000000002
0.168164
0.168164
0.166914
0.165664
0.166914
0.161914
0.16628900000000002
0.16253900000000002
0.16253900000000002
0.156914
0.159414
0.15875
0.163125
0.170625
0.174375
0.1825
0.185039
0.186875
0.18375
0.1825
0.179375
0.181875
0.181875
0.180039
0.18066400000000002
0.18
0.180039
0.182539
0.188164
0.189414
0.194414
0.200664
0.204414
0.202539
0.20128900000000002
0.20003900000000002
0.20003900000000002
0.198164
0.19753900000000002
0.19753900000000002
0.191914
0.190664
0.190664
0.188789
0.187539
0.186289
0.190039
0.191914
0.194414
0.19503900000000002
0.19128900000000001
0.19503900000000002
0.19253900000000002
0.19378900000000002
0.190664
0.188789
0.190039
0.19503900000000002
0.20128900000000002
0.200664
0.21003899999999998
0.218164
0.22316399999999997
0.219414
0.221914
0.216914
0.220664
0.218164
0.216914
0.21628899999999998
0.21628899999999998
0.214414
0.210664
0.209414
0.20753899999999997
0.204414
0.201914
0.201914
0.201875
0.19878900000000002
0.19753900000000002
0.195664
0.194375
0.19375
0.193125
0.188789
0.188789
0.18375
0.183125
0.181875
0.180625
0.180625
0.18066400000000002
0.179375
0.18066400000000002
0.17691400000000002
0.17566400000000001
0.17816400000000002
0.17816400000000002
0.174414
0.173789
0.175039
0.177539
0.177539
0.178789
0.181289
0.17941400000000002
0.17941400000000002
0.17941400000000002
0.178789
0.17816400000000002
0.178789
0.18191400000000002
0.18566400000000002
0.189414
0.190664
0.19378900000000002
0.190039
0.18566400000000002
0.19253900000000002
0.19128900000000001
0.190039
0.19503900000000002
0.195664
0.19503900000000002
0.19378900000000002
0.19628900000000002
0.20003900000000002
0.20128900000000002
0.203789
0.209414
0.21128899999999998
0.211914
0.21378899999999998
0.21378899999999998
0.214414
0.213164
0.213164
0.213164
0.21253899999999998
0.206914
0.210664
0.206914
0.20878899999999997
0.21125
0.21003899999999998
0.209414
0.20878899999999997
0.209414
0.20875
0.209375
0.204375
0.20625
0.205
0.205625
0.204414
0.203164
0.202539
0.203164
0.203789
0.20566399999999999
0.20566399999999999
0.204414
0.213164
0.204414
0.203789
0.200664
0.203789
0.203789
0.203789
0.203164
0.203164
0.205039
0.203164
0.20566399999999999
0.203164
0.203164
0.20128900000000002
0.202539
0.21003899999999998
0.213164
0.218164
0.219414
0.22003899999999998
0.221914
0.225039
0.225039
0.22691399999999998
0.227539
0.22691399999999998
0.22941399999999998
0.22691399999999998
0.22691399999999998
0.22691399999999998
0.22691399999999998
0.23191399999999998
0.23691399999999999
0.239414
0.24378899999999998
0.256914
0.263789
0.264414
0.264414
0.269414
0.276289
0.27566399999999996
0.281914
0.282539
0.282539
0.28066399999999997
0.28066399999999997
0.282539
0.283789
0.28375
0.283125
0.2825
0.281875
0.28375
0.280039
0.285
0.285625
0.28375
0.285
0.288125
0.293164
0.293164
0.293125
0.292539
0.293164
0.293164
0.29378899999999997
0.291914
0.291914
0.28878899999999996
0.288164
0.28628899999999996
0.285664
0.284414
0.283789
0.281914
0.281914
0.27816399999999997
0.28066399999999997
0.281289
0.27816399999999997
0.279414
0.284414
0.287539
0.289414
0.290039
0.290039
0.29128899999999996
0.290039
0.29378899999999997
0.294414
0.291914
0.290039
0.288164
0.285664
0.284414
0.283789
0.281289
0.28316399999999997
0.280039
0.271289
0.27816399999999997
0.277539
0.276289
0.277539
0.276289
0.276289
0.278789
0.277539
0.27816399999999997
0.279414
0.281289
0.281289
0.280039
0.28066399999999997
0.27875
0.279375
0.280625
0.28375
0.290625
0.290625
0.29625
0.297539
0.303164
0.29875
0.3
0.30125
0.30375
0.30625
0.305664
0.304375
0.303789
0.30441399999999996
0.298164
0.29628899999999997
0.299414
0.297539
0.298164
0.295664
0.295039
0.294414
0.293164
0.291914
0.293164
0.290039
0.284414
0.287539
0.287539
0.285664
0.292539
0.297539
0.299414
0.298164
0.298164
0.299414
0.29878899999999997
0.300664
0.298164
0.298164
0.29878899999999997
0.297539
0.296914
0.29628899999999997
0.293164
0.29378899999999997
0.293164
0.292539
0.293164
0.290039
0.293164
0.290039
0.291914
0.291914
0.29128899999999996
0.290664
0.290039
0.28878899999999996
0.290039
0.287539
0.28625
0.28625
0.284375
0.285625
0.284375
0.284375
0.285625
0.284375
0.281914
0.2825
0.27875
0.275
0.276914
0.276875
0.27625
0.277539
0.283789
0.28878899999999996
0.290664
0.296914
0.303789
0.30441399999999996
0.300664
0.300664
0.301289
0.300664
0.301289
0.301289
0.301289
0.300664
0.300039
0.299414
0.296914
0.29628899999999997
0.293164
0.293164
0.297539
0.300664
0.30441399999999996
0.30441399999999996
0.303164
0.30441399999999996
0.303164
0.303789
0.305039
0.310664
0.310664
0.31753899999999996
0.32253899999999996
0.325664
0.32253899999999996
0.320664
0.32003899999999996
0.321289
0.32003899999999996
0.316914
0.32003899999999996
0.316289
0.315039
0.315664
0.312539
0.310664
0.30941399999999997
0.307539
0.307539
0.30691399999999996
0.303164
0.295664
0.29875
0.29878899999999997
0.29625
0.295664
0.293125
0.29375
0.292539
0.290625
0.290625
0.286914
0.285
0.281914
0.281289
0.281289
0.280039
0.278789
0.27875
0.277539
0.276289
0.27566399999999996
0.274414
0.271289
0.27316399999999996
0.266914
0.268164
0.266914
0.26753899999999997
0.266289
0.266289
0.265664
0.265664
0.266914
0.261914
0.263789
0.263164
0.266289
0.27316399999999996
0.275039
0.271289
0.27316399999999996
0.271914
0.271914
0.272539
0.27066399999999996
0.277539
0.271289
0.271289
0.272539
0.268164
0.266914
0.26503899999999997
0.263789
0.263164
0.26253899999999997
0.26003899999999996
0.258789
0.258164
0.256289
0.256289
0.256289
0.255664
0.254414
0.253164
0.252539
0.250664
0.251289
0.251289
0.248164
0.25125
0.248164
0.246875
0.24753899999999998
0.24753899999999998
0.2475
0.24625
0.245
0.244375
0.2425
0.243164
0.24
0.240625
0.24003899999999997
0.239375
0.23875
0.239414
0.24003899999999997
0.237539
0.238164
0.23566399999999998
0.23316399999999998
0.233789
0.23441399999999998
0.233789
0.232539
0.23316399999999998
0.23191399999999998
0.23191399999999998
0.230039
0.231289
0.228789
0.226289
0.230039
0.23566399999999998
0.23878899999999997
0.240664
0.23878899999999997
0.237539
0.239414
0.23878899999999997
0.23878899999999997
0.239414
0.23878899999999997
0.239414
0.239414
0.237539
0.23566399999999998
0.23316399999999998
0.23316399999999998
0.23191399999999998
0.230039
0.228789
0.228789
0.22441399999999997
0.226289
0.22441399999999997
0.225039
0.22441399999999997
0.223789
0.22316399999999997
0.222539
0.22128899999999999
0.22003899999999998
0.219414
0.21628899999999998
0.21875
0.21625
0.214414
0.21253899999999998
0.214375
0.214414
0.21253899999999998
0.211875
0.21125
0.21003899999999998
0.205625
0.199375
0.20375
0.203125
0.2
0.201875
0.20125
0.20128900000000002
0.20003900000000002
0.200664
0.20003900000000002
0.198164
0.196914
0.19503900000000002
0.19503900000000002
0.19378900000000002
0.19378900000000002
0.193164
0.19128900000000001
0.191914
0.19128900000000001
0.190664
0.189414
0.188164
0.19128900000000001
0.19503900000000002
0.20003900000000002
0.20003900000000002
0.20003900000000002
0.198164
0.19878900000000002
0.19878900000000002
0.199414
0.20003900000000002
0.194414
0.194414
0.19753900000000002
0.194414
0.193164
0.19253900000000002
0.19128900000000001
0.188789
0.188164
0.187539
0.188789
0.185039
0.191914
0.183789
0.183789
0.188789
0.181289
0.180039
0.178789
0.178789
0.17691400000000002
0.178789
0.176289
0.175039
0.174414
0.1725
0.173125
0.174375
0.173125
0.171914
0.17003900000000002
0.169375
0.166875
0.165625
0.16625
0.16125
0.165
0.16125
0.1625
0.16128900000000002
0.160664
0.159414
0.158789
0.158164
0.158164
0.158164
0.156289
0.156914
0.157539
0.153789
0.153789
0.15191400000000002
0.15066400000000002
0.150039
0.150039
0.14941400000000002
0.14816400000000002
0.157539
0.155664
0.160664
0.161914
0.158789
0.159414
0.158164
0.159414
0.158789
0.160664
0.158164
0.15316400000000002
0.157539
0.15441400000000002
0.158164
0.151289
0.151289
0.151289
0.14941400000000002
0.14816400000000002
0.14816400000000002
0.147539
0.14941400000000002
0.148789
0.147539
0.14691400000000002
0.145039
0.14441400000000001
0.143789
0.142539
0.141914
0.141289
0.141289
0.135664
0.138125
0.139414
0.135625
0.139414
0.138125
0.13625
0.135
0.135
0.13375
0.133125
0.12875
0.13375
0.128125
0.13003900000000002
0.128125
0.126875
0.126289
0.125664
0.125664
0.126289
0.125664
0.12316400000000001
0.129414
0.12128900000000001
0.118789
0.118164
0.119414
0.119414
0.119414
0.119414
0.118789
0.118789
0.119414
0.126289
0.13003900000000002
0.13253900000000002
0.131914
0.130664
0.131914
0.133164
0.133164
0.13253900000000002
0.133164
0.13253900000000002
0.131914
0.13378900000000002
0.13128900000000002
0.129414
0.127539
0.127539
0.125664
0.12441400000000001
0.12316400000000001
0.12191400000000001
0.12316400000000001
0.119414
0.118164
0.118789
0.116289
0.116914
0.116289
0.117539
0.116914
0.116289
0.11503900000000002
0.116289
0.11375
0.12125
0.11316400000000001
0.113125
0.11125
0.113125
0.1125
0.110625
0.11
0.109375
0.11
0.1075
0.1075
0.10625
0.105
0.102539
0.10691400000000001
0.10816400000000001
0.10691400000000001
0.10691400000000001
0.10753900000000001
0.10691400000000001
0.10753900000000001
0.10753900000000001
0.10503900000000001
0.10628900000000001
0.103789
0.104414
0.10503900000000001
0.10566400000000001
0.10503900000000001
0.104414
0.103789
0.10941400000000001
0.11378900000000002
0.11441400000000002
0.116289
0.116289
0.11566400000000002
0.118789
0.117539
0.118164
0.117539
0.116914
0.120039
0.118164
0.116289
0.116914
0.11441400000000002
0.11316400000000001
0.11378900000000002
0.11441400000000002
0.11378900000000002
0.11503900000000002
0.11253900000000001
0.11503900000000002
0.11253900000000001
0.11191400000000001
0.11191400000000001
0.11253900000000001
0.11003900000000001
0.11003900000000001
0.10816400000000001
0.10878900000000001
0.10878900000000001
0.106875
0.106875
0.106875
0.1075
0.10625
0.106875
0.106875
0.106875
0.106875
0.10625
0.105
0.105625
0.103125
0.1025
0.095664
0.100039
0.098164
0.099414
0.101875
0.101914
0.101914
0.101914
0.101289
0.100039
0.101914
0.096914
0.095039
0.098164
0.099414
0.099414
0.098164
0.098164
0.098164
0.098164
0.098789
0.10628900000000001
0.10816400000000001
0.118789
0.11128900000000001
0.11316400000000001
0.11566400000000002
0.11253900000000001
0.11253900000000001
0.11316400000000001
0.11316400000000001
0.11253900000000001
0.11378900000000002
0.11253900000000001
0.11316400000000001
0.11066400000000001
0.11003900000000001
0.10941400000000001
0.11066400000000001
0.10878900000000001
0.10816400000000001
0.10816400000000001
0.10753900000000001
0.10691400000000001
0.10753900000000001
0.10753900000000001
0.10691400000000001
0.10566400000000001
0.10753900000000001
0.10503900000000001
0.104414
0.10503900000000001
0.104414
0.104375
0.103789
0.104375
0.100625
0.100625
0.101875
0.101289
0.104375
0.1025
0.103125
0.1025
0.101875
0.099375
0.100625
0.098164
0.100039
0.099414
0.099414
0.101875
0.100039
0.100664
0.101289
0.101289
0.100664
0.101914
0.099414
0.096914
0.098164
0.100039
0.096914
0.099414
0.099414
0.100664
0.100039
0.102539
0.10628900000000001
0.11191400000000001
0.11566400000000002
0.11503900000000002
0.11503900000000002
0.11503900000000002
0.11441400000000002
0.11441400000000002
0.11441400000000002
0.11378900000000002
0.11316400000000001
0.11378900000000002
0.11503900000000002
0.11503900000000002
0.11253900000000001
0.11003900000000001
0.11003900000000001
0.11003900000000001
0.10941400000000001
0.10878900000000001
0.10816400000000001
0.10878900000000001
0.10941400000000001
0.11066400000000001
0.10816400000000001
0.10628900000000001
0.10878900000000001
0.10691400000000001
0.102539
0.10753900000000001
0.10691400000000001
0.10628900000000001
0.10566400000000001
0.105
0.1075
0.104375
0.101914
0.104375
0.106875
0.104375
0.103789
0.103164
0.103125
0.1025
0.100625
0.101289
0.09875
0.100664
0.1
0.099375
0.099414
0.100039
0.100039
0.100664
0.100039
0.100039
0.099414
0.100039
0.095039
0.101289
0.099414
0.100039
0.098789
0.099414
0.099414
0.100039
0.104414
0.10691400000000001
0.11253900000000001
0.11066400000000001
0.11066400000000001
0.11378900000000002
0.11253900000000001
0.11441400000000002
0.11566400000000002
0.11566400000000002
0.11566400000000002
0.11566400000000002
0.117539
0.117539
0.11441400000000002
0.118164
0.11191400000000001
0.11378900000000002
0.10628900000000001
0.11191400000000001
0.11003900000000001
0.11003900000000001
0.10941400000000001
0.11066400000000001
0.11066400000000001
0.11066400000000001
0.11003900000000001
0.10878900000000001
0.10816400000000001
0.10816400000000001
0.10753900000000001
0.10691400000000001
0.10691400000000001
0.10628900000000001
0.106875
0.106875
0.10625
0.10816400000000001
0.10628900000000001
0.10625
0.10625
0.105
0.104375
0.103789
0.102539
0.101875
0.100625
0.100625
0.1
0.101914
0.10125
0.09875
0.101289
0.101289
0.102539
0.101914
0.099414
0.099414
0.100664
0.097539
0.096914
0.098164
0.099414
0.098789
0.097539
0.098164
0.096914
0.104414
0.10816400000000001
0.11441400000000002
0.11316400000000001
0.11066400000000001
0.11316400000000001
0.11503900000000002
0.11003900000000001
0.11316400000000001
0.11441400000000002
0.11441400000000002
0.11503900000000002
0.11441400000000002
0.11378900000000002
0.11441400000000002
0.11253900000000001
0.10941400000000001
0.10816400000000001
0.10878900000000001
0.10941400000000001
0.10816400000000001
0.10878900000000001
0.10878900000000001
0.10878900000000001
0.10878900000000001
0.10941400000000001
0.10753900000000001
0.10878900000000001
0.10878900000000001
0.10816400000000001
0.10753900000000001
0.10503900000000001
0.10566400000000001
0.103789
0.104375
0.103789
0.104414
0.1025
0.101875
0.104414
0.10125
0.099375
0.101914
0.101914
0.101289
0.100625
0.099375
0.100625
0.099375
0.0925
0.1
0.101914
0.103789
0.100039
0.098789
0.098789
0.099414
0.098789
0.100039
0.098164
0.098164
0.096289
0.095039
0.096914
0.096914
0.097539
0.100664
0.104414
0.11003900000000001
0.11378900000000002
0.11378900000000002
0.10753900000000001
0.11503900000000002
