0.11566400000000002
0.117539
0.116914
0.11503900000000002
0.11566400000000002
0.11503900000000002
0.11566400000000002
0.11316400000000001
0.11378900000000002
0.11316400000000001
0.11128900000000001
0.11253900000000001
0.11316400000000001
0.11253900000000001
0.11128900000000001
0.11128900000000001
0.11003900000000001
0.11253900000000001
0.10875
0.110625
0.108125
0.109375
0.105625
0.108125
0.108125
0.108125
0.1075
0.106875
0.108125
0.105
0.1075
0.105
0.103789
0.101289
0.104375
0.10503900000000001
0.10375
0.103789
0.104414
0.103789
0.102539
0.103789
0.101289
0.101914
0.100039
0.101914
0.100039
0.101289
0.101289
0.100664
0.099414
0.100039
0.096914
0.097539
0.100039
0.096289
0.096914
0.096914
0.096914
0.097539
0.098789
0.10503900000000001
0.10878900000000001
0.11316400000000001
0.11566400000000002
0.116914
0.11503900000000002
0.11503900000000002
0.11378900000000002
0.11378900000000002
0.11316400000000001
0.11191400000000001
0.11128900000000001
0.11253900000000001
0.10941400000000001
0.101289
0.10753900000000001
0.11003900000000001
0.11191400000000001
0.10816400000000001
0.10816400000000001
0.10753900000000001
0.10753900000000001
0.10628900000000001
0.106875
0.10625
0.106875
0.10503900000000001
0.10503900000000001
0.105
0.105
0.105625
0.105625
0.10566400000000001
0.104375
0.103125
0.1025
0.096875
0.1
0.096875
0.100039
0.101875
0.102539
0.102539
0.101914
0.101289
0.100625
0.101914
0.096289
0.096289
0.098164
0.098789
0.096914
0.099414
0.098164
0.098164
0.098789
0.099414
0.099414
0.096914
0.098164
0.096289
0.096914
0.096289
0.095664
0.095664
0.096914
0.098164
0.103789
0.11003900000000001
0.11378900000000002
0.116289
0.116289
0.116289
0.117539
0.11503900000000002
0.11503900000000002
0.11566400000000002
0.116289
0.11566400000000002
0.116289
0.117539
0.119414
0.116289
0.11441400000000002
0.11503900000000002
0.11441400000000002
0.11378900000000002
0.11316400000000001
0.11253900000000001
0.11253900000000001
0.11253900000000001
0.1125
0.11125
0.110625
0.10875
0.106875
0.11253900000000001
0.11
0.11
0.10875
0.10628900000000001
0.10625
0.10691400000000001
0.10375
0.101875
0.1025
0.105
0.105
0.103789
0.103164
0.102539
0.102539
0.101289
0.104414
0.100664
0.100664
0.098789
0.098789
0.095664
0.098789
0.101914
0.10691400000000001
0.11128900000000001
0.11441400000000002
0.12128900000000001
0.125664
0.126289
0.126289
0.126914
0.125039
0.125664
0.125039
0.125039
0.129414
0.13253900000000002
0.13753900000000002
0.140664
0.139414
0.139414
0.13628900000000002
0.135664
0.136914
0.13753900000000002
0.13503900000000002
0.13378900000000002
0.13253900000000002
0.133164
0.133164
0.13128900000000002
0.13503900000000002
0.13003900000000002
0.129414
0.129414
0.126914
0.127539
0.13128900000000002
0.133164
0.135
0.141914
0.143125
0.139375
0.143164
0.143164
0.14441400000000001
0.14441400000000001
0.143789
0.144375
0.143789
0.141875
0.140625
0.13875
0.136875
0.136875
0.136875
0.1375
0.135664
0.135625
0.138164
0.141914
0.143789
0.147539
0.15191400000000002
0.150039
0.15441400000000002
0.14816400000000002
0.151289
0.151289
0.152539
0.15191400000000002
0.15316400000000002
0.15191400000000002
0.15066400000000002
0.151289
0.146289
0.148789
0.150039
0.14566400000000002
0.14566400000000002
0.143789
0.143164
0.150039
0.152539
0.158164
0.16003900000000001
0.157539
0.16003900000000001
0.155039
0.15441400000000002
0.157539
0.156289
0.155664
0.156914
0.156289
0.155664
0.156914
0.15441400000000002
0.153789
0.15316400000000002
0.155664
0.152539
0.151289
0.152539
0.15066400000000002
0.15066400000000002
0.15066400000000002
0.150039
0.150039
0.151875
0.14816400000000002
0.150625
0.148789
0.149375
0.147539
0.145625
0.14625
0.145
0.146875
0.150625
0.1525
0.155625
0.159375
0.161875
0.165625
0.165
0.16628900000000002
0.166914
0.16753900000000002
0.16753900000000002
0.170664
0.16628900000000002
0.161914
0.166914
0.165664
0.16628900000000002
0.16628900000000002
0.165664
0.164414
0.164414
0.16128900000000002
0.164414
0.16253900000000002
0.156289
0.163164
0.16253900000000002
0.163164
0.161914
0.161914
0.16878900000000002
0.173789
0.17566400000000001
0.177539
0.17816400000000002
0.178789
0.17816400000000002
0.178789
0.178789
0.17816400000000002
0.17566400000000001
0.17691400000000002
0.17691400000000002
0.17691400000000002
0.176289
0.176289
0.173164
0.174414
0.176289
0.173164
0.173789
0.175039
0.174414
0.173789
0.173789
0.174414
0.173789
0.171914
0.175
0.173125
0.173125
0.170625
0.175
0.17625
0.17375
0.171875
0.1725
0.171875
0.169375
0.161875
0.169414
0.17125
0.174375
0.170664
0.17003900000000002
0.171289
0.171914
0.171914
0.172539
0.171289
0.171289
0.17003900000000002
0.171289
0.170664
0.171289
0.170664
0.170664
0.170664
0.170664
0.17003900000000002
0.171289
0.17003900000000002
0.16878900000000002
0.169414
0.169414
0.16878900000000002
0.172539
0.17816400000000002
0.18316400000000002
0.18441400000000002
0.18566400000000002
0.187539
0.18316400000000002
0.183789
0.18566400000000002
0.18566400000000002
0.185039
0.185039
0.185039
0.185039
0.183789
0.18441400000000002
0.18566400000000002
0.183789
0.19253900000000002
0.18316400000000002
0.182539
0.189414
0.18191400000000002
0.181289
0.181289
0.18066400000000002
0.17941400000000002
0.181289
0.180039
0.178125
0.179375
0.181875
0.190625
0.1925
0.199375
0.20375
0.206875
0.205625
0.204375
0.20625
0.21
0.2075
0.211914
0.20753899999999997
0.208164
0.20878899999999997
0.20878899999999997
0.209414
0.209414
0.210664
0.21628899999999998
0.21753899999999998
0.222539
0.226289
0.228789
0.22566399999999998
0.22566399999999998
0.22566399999999998
0.22566399999999998
0.225039
0.22566399999999998
0.22566399999999998
0.221914
0.22566399999999998
0.219414
0.218164
0.215664
0.22316399999999997
0.227539
0.231289
0.23316399999999998
0.23191399999999998
0.23441399999999998
0.231289
0.223789
0.227539
0.226289
0.230039
0.225039
0.22316399999999997
0.22128899999999999
0.22003899999999998
0.22003899999999998
0.21878899999999998
0.216914
0.21878899999999998
0.21503899999999998
0.214414
0.21378899999999998
0.21003899999999998
0.210664
0.209414
0.208164
0.206914
0.205625
0.205625
0.199375
0.201875
0.2025
0.203125
0.2025
0.200625
0.199375
0.1975
0.196914
0.195625
0.195
0.191875
0.198125
0.19375
0.193164
0.190664
0.190664
0.190664
0.190039
0.190664
0.190039
0.190039
0.186914
0.188789
0.186914
0.187539
0.19128900000000001
0.18566400000000002
0.185039
0.185039
0.183789
0.18316400000000002
0.183789
0.18316400000000002
0.183789
0.18066400000000002
0.17941400000000002
0.18066400000000002
0.187539
0.191914
0.19628900000000002
0.19628900000000002
0.196914
0.19753900000000002
0.19753900000000002
0.19503900000000002
0.19628900000000002
0.19503900000000002
0.19253900000000002
0.19253900000000002
0.19128900000000001
0.19128900000000001
0.190039
0.189414
0.188789
0.190039
0.185039
0.183789
0.187539
0.18316400000000002
0.18566400000000002
0.185039
0.185039
0.18441400000000002
0.183789
0.183125
0.183125
0.18125
0.1875
0.1825
0.182539
0.190039
0.18
0.180625
0.179375
0.178789
0.1775
0.17816400000000002
0.17566400000000001
0.176875
0.176289
0.175039
0.173164
0.176289
0.17691400000000002
0.175039
0.175039
0.174414
0.172539
0.172539
0.173789
0.16878900000000002
0.173789
0.16878900000000002
0.170664
0.171289
0.17003900000000002
0.170664
0.169414
0.168164
0.169414
0.16878900000000002
0.165664
0.166914
0.168164
0.17566400000000001
0.18066400000000002
0.18316400000000002
0.18316400000000002
0.183789
0.18316400000000002
0.185039
0.183789
0.182539
0.180039
0.181289
0.176289
0.17816400000000002
0.17691400000000002
0.17691400000000002
0.176289
0.175039
0.17691400000000002
0.173789
0.172539
0.172539
0.173164
0.171289
0.170664
0.169414
0.171289
0.168125
0.16753900000000002
0.168164
0.166875
0.168125
0.168125
0.168125
0.16753900000000002
0.16753900000000002
0.165625
0.165664
0.163125
0.163164
0.160664
0.161914
0.15625
0.160625
0.160664
0.16003900000000001
0.161914
0.161914
0.160664
0.16003900000000001
0.159414
0.158164
0.158789
0.155039
0.155039
0.155664
0.155039
0.152539
0.155039
0.153789
0.15316400000000002
0.153789
0.153789
0.15441400000000002
0.151289
0.15066400000000002
0.148789
0.15441400000000002
0.156289
0.16378900000000002
0.16503900000000002
0.16503900000000002
0.16503900000000002
0.165664
0.165664
0.164414
0.16503900000000002
0.164414
0.16253900000000002
0.16378900000000002
0.165664
0.16503900000000002
0.164414
0.164414
0.16378900000000002
0.16503900000000002
0.16253900000000002
0.160664
0.16128900000000002
0.160664
0.16003900000000001
0.156914
0.158164
0.156914
0.158125
0.158125
0.15875
0.159375
0.154375
0.154375
0.15625
0.153125
0.155
0.154375
0.152539
0.151289
0.14941400000000002
0.14691400000000002
0.15066400000000002
0.153125
0.16125
0.158125
0.164414
0.16503900000000002
0.16753900000000002
0.165664
0.165664
0.16378900000000002
0.16378900000000002
0.164414
0.16503900000000002
0.173789
0.17691400000000002
0.17816400000000002
0.18441400000000002
0.189414
0.190039
0.186914
0.187539
0.186914
0.186289
0.186914
0.186914
0.183789
0.188164
0.19128900000000001
0.19378900000000002
0.19503900000000002
0.203789
0.206914
0.210664
0.214414
0.21753899999999998
0.21878899999999998
0.21878899999999998
0.21878899999999998
0.218164
0.218164
0.21753899999999998
0.21628899999999998
0.21753899999999998
0.216914
0.220664
0.221914
0.22003899999999998
0.21503899999999998
0.21628899999999998
0.214414
0.21628899999999998
0.219414
0.219414
0.22003899999999998
0.22316399999999997
0.223125
0.22441399999999997
0.22316399999999997
0.226875
0.232539
0.235625
0.231289
0.234375
0.24125
0.244375
0.245
0.245625
0.245625
0.246875
0.250625
0.246914
0.24378899999999998
0.24378899999999998
0.24253899999999998
0.243164
0.243164
0.24128899999999998
0.24253899999999998
0.24253899999999998
0.241914
0.23566399999999998
0.24003899999999997
0.233789
0.235039
0.23691399999999999
0.23691399999999999
0.237539
0.23566399999999998
0.237539
0.24378899999999998
0.248164
0.245664
0.250664
0.258164
0.26003899999999996
0.261289
0.263164
0.26503899999999997
0.266914
0.268789
0.270039
0.271914
0.27816399999999997
0.290039
0.29128899999999996
0.303164
0.305039
0.311289
0.30941399999999997
0.310664
0.31191399999999997
0.311289
0.310039
0.308164
0.308789
0.315039
0.315664
0.31753899999999996
0.32253899999999996
0.324414
0.32503899999999997
0.32253899999999996
0.323164
0.321289
0.32
0.320625
0.321875
0.326289
0.329375
0.331289
0.34
0.341875
0.339375
0.339375
0.34
0.339375
0.336914
0.335
0.336914
0.337539
0.345039
0.346289
0.348164
0.347539
0.34566399999999997
0.348164
0.35628899999999997
0.355039
0.355039
0.363164
0.36441399999999996
0.362539
0.363789
0.363789
0.36441399999999996
0.368789
0.36691399999999996
0.370664
0.372539
0.37691399999999997
0.385664
0.394414
0.401289
0.395039
0.393789
0.393789
0.393789
0.391914
0.388789
0.38753899999999997
0.38753899999999997
0.384414
0.389414
0.39566399999999996
0.404414
0.41191400000000006
0.413789
0.421289
0.439414
0.455039
0.458164
0.463164
0.46753900000000004
0.46691400000000005
0.466289
0.46441400000000005
0.466289
0.47
0.468125
0.471289
0.473125
0.47253900000000004
0.470625
0.469375
0.47
0.468125
0.471875
0.469375
0.46753900000000004
0.46875
0.473789
0.475
0.4825
0.48566400000000004
0.481289
0.486289
0.48816400000000004
0.49566400000000005
0.48878900000000003
0.486289
0.486289
0.484414
0.48253900000000005
0.481289
0.481289
0.48253900000000005
0.479414
0.479414
0.478789
0.476289
0.476289
0.47503900000000004
0.47691400000000006
0.47816400000000003
0.47691400000000006
0.47691400000000006
0.47566400000000003
0.486914
0.48816400000000004
0.48878900000000003
0.49003900000000006
0.49066400000000004
0.49316400000000005
0.49316400000000005
0.49253900000000006
0.49128900000000003
0.49566400000000005
0.48878900000000003
0.49003900000000006
0.496914
0.499414
0.501289
0.501289
0.506289
0.510039
0.513789
0.526914
0.543164
0.5500390000000001
0.553164
0.555664
0.566914
0.5694140000000001
0.572539
0.573164
0.5706640000000001
0.568789
0.568789
0.572539
0.575
0.573125
0.57625
0.576875
0.576875
0.575625
0.573789
0.571875
0.571875
0.573164
0.57375
0.572539
0.573164
0.568789
0.5706640000000001
0.568789
0.5656640000000001
0.5656640000000001
0.563164
0.561914
0.560664
0.561289
0.561289
0.561914
0.563164
0.561289
0.5594140000000001
0.5600390000000001
0.558164
0.558789
0.563789
0.571289
0.572539
0.578164
0.578789
0.588164
0.586914
0.590039
0.588789
0.5906640000000001
0.590039
0.5906640000000001
0.591914
0.593789
0.603164
0.602539
0.608789
0.613789
0.6169140000000001
0.613164
0.613789
0.6119140000000001
0.610664
0.613164
0.619414
0.621289
0.623789
0.625664
0.626289
0.6275390000000001
0.630664
0.636289
0.636914
0.63625
0.639414
0.639414
0.6375
0.639375
0.638789
0.643125
0.646875
0.645625
0.643125
0.6425
0.64125
0.63875
0.640664
0.64
0.639414
0.636914
0.6381640000000001
0.635039
0.633789
0.630664
0.630039
0.6269140000000001
0.626289
0.6281640000000001
0.633789
0.635664
0.6375390000000001
0.6437890000000001
0.6437890000000001
0.6437890000000001
0.6475390000000001
0.641289
0.639414
0.6375390000000001
0.636914
0.634414
0.639414
0.638789
0.6381640000000001
0.635664
0.639414
0.644414
0.6481640000000001
0.645039
0.6437890000000001
0.6431640000000001
0.6425390000000001
0.646289
0.6487890000000001
0.641914
0.649414
0.6487890000000001
0.646914
0.646289
0.645039
0.639414
0.6375390000000001
0.635039
0.6319140000000001
0.630664
0.625664
0.628789
0.6281640000000001
0.6269140000000001
0.6225390000000001
0.623789
0.6219140000000001
0.624414
0.62625
0.6275
0.62625
0.626875
0.634375
0.63375
0.630664
0.630625
0.6331640000000001
0.6325390000000001
0.630664
0.629375
0.629414
0.633789
0.6325390000000001
0.631289
0.633789
0.630664
0.6281640000000001
0.629414
0.6275390000000001
0.624414
0.625664
0.630664
0.629414
0.630039
0.628789
0.624414
0.630664
0.631289
0.631289
0.628789
0.625664
0.623164
0.6219140000000001
0.626289
0.625039
0.623164
0.620664
0.6175390000000001
0.6169140000000001
0.615039
0.6119140000000001
0.6125390000000001
0.6162890000000001
0.613164
0.6112890000000001
0.615039
0.614414
0.608164
0.608789
0.608789
0.605664
0.6019140000000001
0.6006640000000001
0.609414
0.624414
0.626289
0.640664
0.650039
0.655039
0.650039
0.6531640000000001
0.6637890000000001
0.676289
0.679375
0.6875
0.703125
0.71375
0.7125
0.708789
0.711914
0.717539
0.72375
0.718125
0.71875
0.7162890000000001
0.711914
0.708164
0.704414
0.7000390000000001
0.697539
0.693164
0.6950390000000001
0.6950390000000001
0.693789
0.692539
0.6900390000000001
0.6850390000000001
0.681289
0.678164
0.6744140000000001
0.670664
0.6637890000000001
0.6587890000000001
0.655039
0.6481640000000001
0.645039
0.6425390000000001
0.638789
0.634414
0.6325390000000001
0.633789
0.636289
0.633789
0.635039
0.6325390000000001
0.6269140000000001
0.625664
0.625039
0.6275390000000001
0.626289
0.6275390000000001
0.630664
0.6319140000000001
0.6281640000000001
0.6269140000000001
0.625664
0.623789
0.620664
0.6175390000000001
0.615664
0.613164
0.610664
0.608164
0.605664
0.603164
0.5956640000000001
0.599414
0.5956640000000001
0.603164
0.608125
0.610625
0.618789
0.620039
0.625664
0.625
0.635664
0.6381640000000001
0.639375
0.639375
0.640664
0.639414
0.638789
0.6425390000000001
0.6425390000000001
0.641289
0.6425390000000001
0.6437890000000001
0.639414
0.6437890000000001
0.6381640000000001
0.638789
0.635039
0.636289
0.6331640000000001
0.629414
0.629414
0.6281640000000001
0.6275390000000001
0.623164
0.623164
0.620039
0.619414
0.615039
0.613789
0.6112890000000001
0.608789
0.6119140000000001
0.6119140000000001
0.614414
0.614414
0.6162890000000001
0.6119140000000001
0.6125390000000001
0.6112890000000001
0.609414
0.608789
0.605039
0.603164
0.600039
0.598164
0.5969140000000001
0.593789
0.595039
0.600039
0.603789
0.604414
0.610664
0.6169140000000001
0.618789
0.6175390000000001
0.6162890000000001
0.6169140000000001
0.6119140000000001
0.607539
0.608789
0.609414
0.613125
0.6069140000000001
0.605664
0.604414
0.608789
0.610625
0.6119140000000001
0.61125
0.61875
0.6169140000000001
0.615039
0.614375
0.613164
0.6112890000000001
0.609414
0.608164
0.607539
0.613164
0.619414
0.621289
0.625039
0.628789
0.630039
0.6269140000000001
0.6269140000000001
0.629414
0.628789
0.629414
0.630039
0.630039
0.6219140000000001
0.624414
0.623164
0.6169140000000001
0.619414
0.620664
0.6219140000000001
0.631289
0.6319140000000001
0.640039
0.649414
0.651289
0.6481640000000001
0.650039
0.6487890000000001
0.655664
0.661289
0.660039
0.662539
0.665039
0.6631640000000001
0.661914
0.656914
0.646914
0.650664
0.6481640000000001
0.6531640000000001
0.644414
0.6425390000000001
0.638789
0.635664
0.633789
0.631289
0.6275390000000001
0.625664
0.6225390000000001
0.620664
0.618789
0.6169140000000001
0.615039
0.61375
0.610625
0.610625
0.60875
0.60625
0.602539
0.603789
0.59875
0.603125
0.60125
0.602539
0.60125
0.6012890000000001
0.600039
0.597539
0.5969140000000001
0.591914
0.590039
0.5906640000000001
0.5862890000000001
0.586914
0.5850390000000001
0.588789
0.588789
0.589414
0.5912890000000001
0.593789
0.5912890000000001
0.591914
0.599414
0.6019140000000001
0.6012890000000001
0.605664
0.605664
0.6062890000000001
0.608164
0.6069140000000001
0.6069140000000001
0.605664
0.608164
0.605664
0.605664
0.6069140000000001
0.599414
0.5956640000000001
0.593164
0.5912890000000001
0.5912890000000001
0.587539
0.586914
0.586914
0.581914
0.581914
0.578789
0.5756640000000001
0.573789
0.5706640000000001
0.5694140000000001
0.568164
0.5656640000000001
0.563789
0.561289
0.559375
0.5594140000000001
0.558164
0.553125
0.5537890000000001
0.5594140000000001
0.562539
0.5650390000000001
0.57125
0.575
0.570625
0.564375
0.571914
0.57625
0.57625
0.57625
0.575625
0.57375
0.576289
0.578164
0.582539
0.576914
0.5706640000000001
0.5706640000000001
0.5700390000000001
0.5700390000000001
0.567539
0.566914
0.566289
0.571289
0.5806640000000001
0.582539
0.588164
0.6012890000000001
0.6062890000000001
0.605664
0.604414
0.6012890000000001
0.608164
0.6069140000000001
0.6019140000000001
0.599414
0.599414
0.599414
0.593164
0.592539
0.589414
0.587539
0.5862890000000001
0.584414
0.5812890000000001
0.578164
0.5756640000000001
0.573164
0.578789
0.576914
0.5800390000000001
0.578164
0.586914
0.5906640000000001
0.587539
0.584414
0.582539
0.5800390000000001
0.577539
0.5756640000000001
0.5700390000000001
0.563164
0.5644140000000001
0.561914
0.5594140000000001
0.556289
0.5525
0.551289
0.5475
0.545
0.543125
0.538125
0.534375
0.5281640000000001
0.5275
0.525
0.523125
0.520625
0.519414
0.516914
0.515039
0.515664
0.521289
0.520664
0.525039
0.525664
0.530039
0.524414
0.525039
0.5237890000000001
0.521914
0.520664
0.5187890000000001
0.5181640000000001
0.515039
0.515039
0.5075390000000001
0.510664
0.509414
0.510664
0.511914
0.5131640000000001
0.510664
0.510664
0.511289
0.5081640000000001
0.5069140000000001
0.501289
0.501289
0.5019140000000001
0.49878900000000004
0.49566400000000005
0.49378900000000003
0.49066400000000004
0.48878900000000003
0.48566400000000004
0.48316400000000004
0.48253900000000005
0.481289
0.478789
0.47691400000000006
0.47503900000000004
0.473789
0.470664
0.468164
0.46691400000000005
0.46503900000000004
0.463164
0.463164
0.45941400000000004
0.46003900000000003
0.455039
0.45625
0.45941400000000004
0.46191400000000005
0.4625
0.465625
0.471875
0.475
0.473125
0.47375
0.473125
0.473789
0.4725
0.47191400000000006
0.47253900000000004
0.470664
0.47316400000000003
0.47753900000000005
0.478789
0.481289
0.48753900000000006
0.486914
0.486914
0.484414
0.483789
0.48316400000000004
0.481289
0.481289
0.47753900000000005
0.47816400000000003
0.47503900000000004
0.48003900000000005
0.479414
0.47816400000000003
0.48878900000000003
0.483789
0.48753900000000006
0.48816400000000004
0.486914
0.486289
0.484414
0.48253900000000005
0.48316400000000004
0.48003900000000005
0.48003900000000005
0.47816400000000003
0.47503900000000004
0.47191400000000006
0.47253900000000004
0.47691400000000006
0.47691400000000006
0.481289
0.486914
0.48316400000000004
0.48253900000000005
0.479414
0.481289
0.48003900000000005
0.48066400000000004
0.47816400000000003
0.473789
0.47253900000000004
0.47316400000000003
0.47816400000000003
0.47753900000000005
0.481289
0.48066400000000004
0.489414
0.490625
0.495625
0.495625
0.49875
0.49875
0.499414
0.499375
0.495
0.489375
0.48875
0.48566400000000004
0.481875
0.48503900000000005
0.484414
0.48253900000000005
0.478789
0.47753900000000005
0.47566400000000003
0.47253900000000004
0.468164
0.46441400000000005
0.46253900000000003
0.45878900000000006
0.45878900000000006
0.455039
0.452539
0.450039
0.448164
0.44691400000000003
0.44441400000000003
0.44378900000000004
0.43816400000000005
0.43628900000000004
0.44128900000000004
0.44316400000000006
0.448164
0.450039
0.44941400000000004
0.447539
0.44691400000000003
0.448164
0.445039
0.44941400000000004
0.44878900000000005
0.44941400000000004
0.44628900000000005
0.44441400000000003
0.44441400000000003
0.44316400000000006
0.442539
0.44066400000000006
0.439414
0.436914
0.44066400000000006
0.43316400000000005
0.435039
0.43816400000000005
0.43128900000000003
0.43066400000000005
0.429414
0.42816400000000004
0.42566400000000004
0.42753900000000006
0.424414
0.42375
0.42375
0.42
0.423789
0.429375
0.43125
0.431875
0.430625
0.43
0.43125
0.43875
0.43878900000000004
0.43625
0.43878900000000004
0.434375
0.435039
0.436914
0.44191400000000003
0.44316400000000006
0.44441400000000003
0.447539
0.447539
0.44378900000000004
0.44128900000000004
0.44316400000000006
0.442539
0.439414
0.437539
0.43566400000000005
0.43566400000000005
0.43628900000000004
0.435039
0.435039
0.43316400000000005
0.43128900000000003
0.43128900000000003
0.435039
0.43878900000000004
0.44066400000000006
0.43878900000000004
0.436914
0.437539
0.43878900000000004
0.44191400000000003
0.43816400000000005
0.429414
0.434414
0.43066400000000005
0.42878900000000003
0.426914
0.424414
0.423789
0.42066400000000004
0.419414
0.41753900000000005
0.41503900000000005
0.41441400000000006
0.41191400000000006
0.411289
0.41003900000000004
0.40816399999999997
0.406289
0.40566399999999997
0.40316399999999997
0.401289
0.40066399999999996
0.400039
0.391875
0.395625
0.389375
0.390625
0.39375
0.391875
0.390664
0.388789
0.386914
0.385
0.385664
0.380625
0.383164
0.38
0.383789
0.38253899999999996
0.381914
0.381914
0.381289
0.38253899999999996
0.38253899999999996
0.381914
0.379414
0.388164
0.378789
0.377539
0.381914
0.39003899999999997
0.39566399999999996
0.39566399999999996
0.40566399999999997
0.41503900000000005
0.42066400000000004
0.418789
0.42003900000000005
0.42253900000000005
0.42628900000000003
0.423789
0.423789
0.424414
0.423789
0.42566400000000004
0.42503900000000006
0.424414
0.426914
0.43128900000000003
0.431914
0.429414
0.42816400000000004
0.429414
0.429414
0.43316400000000005
0.432539
0.431914
0.434414
0.43566400000000005
0.43316400000000005
0.436914
0.43878900000000004
0.44066400000000006
0.445039
0.44378900000000004
0.44441400000000003
0.442539
0.44066400000000006
0.437539
0.43816400000000005
0.434414
0.435625
0.432539
0.436914
0.435625
0.436875
0.44125
0.44375
0.44125
0.44441400000000003
0.448164
0.445
0.44941400000000004
0.45
0.44691400000000003
0.445039
0.445039
0.44628900000000005
0.44191400000000003
0.44128900000000004
0.44441400000000003
0.447539
0.44691400000000003
0.45128900000000005
0.45441400000000004
0.455664
0.45191400000000004
0.450039
0.44941400000000004
0.452539
0.45691400000000004
0.458164
0.458164
0.45753900000000003
0.45628900000000006
0.45691400000000004
0.45941400000000004
0.46253900000000003
0.46191400000000005
0.47003900000000004
0.471289
0.47003900000000004
0.47191400000000006
0.47253900000000004
0.470664
0.46691400000000005
0.468164
0.46503900000000004
0.46191400000000005
0.45691400000000004
0.45441400000000004
0.452539
0.450664
0.447539
0.44378900000000004
0.44378900000000004
0.439414
0.43316400000000005
0.435039
0.434414
0.43003900000000006
0.42816400000000004
0.42628900000000003
0.43003900000000006
0.43128900000000003
0.43066400000000005
0.434414
0.436914
0.435625
0.4325
0.43066400000000005
0.43003900000000006
0.42816400000000004
0.426875
0.42625
0.42316400000000004
0.42125
0.41875
0.416875
0.410625
0.41503900000000005
0.41253900000000004
0.415625
0.4175
0.41753900000000005
0.419414
0.42503900000000006
0.42753900000000006
0.426914
0.43316400000000005
0.43316400000000005
0.434414
0.436914
0.43566400000000005
0.439414
0.43878900000000004
0.437539
0.434414
0.43316400000000005
0.431914
0.43066400000000005
0.42753900000000006
0.431914
0.437539
0.43816400000000005
0.43378900000000004
0.435039
0.434414
0.435039
0.43378900000000004
0.436914
0.439414
0.437539
0.436914
0.434414
0.43128900000000003
0.429414
0.431914
0.43128900000000003
0.43003900000000006
0.42753900000000006
0.426914
0.42628900000000003
0.42566400000000004
0.42753900000000006
0.42316400000000004
0.423789
0.421289
0.418789
0.418789
0.41753900000000005
0.416914
0.416914
0.41566400000000003
0.41625
0.41253900000000004
0.41125
0.411289
0.41
0.41191400000000006
0.41
0.409414
0.40875
0.40625
0.4025
0.404414
0.401914
0.39875
0.401875
0.401875
0.40316399999999997
0.403789
0.40316399999999997
0.403789
0.405039
0.404414
0.406289
0.40316399999999997
0.400039
0.40316399999999997
0.404414
0.401914
0.401914
0.402539
0.401914
0.400039
0.400039
0.399414
0.40316399999999997
0.406289
0.411289
0.41441400000000006
0.41316400000000003
0.41253900000000004
0.41316400000000003
0.41441400000000006
0.41503900000000005
0.413789
0.413789
0.413789
0.41191400000000006
0.41066400000000003
0.40816399999999997
0.40816399999999997
0.40816399999999997
0.406289
0.406289
0.406914
0.406289
0.407539
0.40816399999999997
0.407539
0.405039
0.404414
0.401289
0.396914
0.400039
0.399414
0.399414
0.398789
0.397539
0.398125
0.394414
0.390664
0.398125
0.40625
0.406875
0.411289
0.418125
0.420625
0.419375
0.416875
0.415625
0.413125
0.413125
0.411875
0.4125
0.411289
0.41003900000000004
0.407539
0.406914
0.405039
0.40566399999999997
0.40816399999999997
0.411289
0.407539
0.41441400000000006
0.41566400000000003
0.419414
0.41816400000000004
0.416914
0.41753900000000005
0.41753900000000005
0.41816400000000004
0.41753900000000005
0.421289
0.418789
0.423789
0.42503900000000006
0.42066400000000004
0.421914
0.421289
0.42753900000000006
0.43378900000000004
0.43316400000000005
0.43628900000000004
0.43816400000000005
0.440039
0.453164
0.448164
0.447539
0.442539
0.445039
0.44691400000000003
0.453164
0.45128900000000005
0.452539
0.453164
0.450664
0.447539
0.44628900000000005
0.44378900000000004
0.44316400000000006
0.44128900000000004
0.439414
0.437539
0.43628900000000004
0.43378900000000004
0.43125
0.42816400000000004
0.42753900000000006
0.421875
0.42316400000000004
0.42
0.41816400000000004
0.41625
0.421875
0.421875
0.42125
0.426875
0.430625
0.429375
0.43
0.426914
0.424375
0.421289
0.419414
0.416914
0.41503900000000005
0.41191400000000006
0.408789
0.40816399999999997
0.40316399999999997
0.401289
0.400039
0.397539
0.396289
0.39253899999999997
0.391289
0.390664
0.39003899999999997
0.38753899999999997
0.391914
0.395039
0.39253899999999997
0.398789
0.396289
0.39566399999999996
0.39816399999999996
0.396914
0.39566399999999996
0.39566399999999996
0.395039
0.398789
0.404414
0.405039
0.40816399999999997
0.41191400000000006
0.408789
0.407539
0.40566399999999997
0.403789
0.402539
0.401914
0.401289
0.40066399999999996
0.396289
0.398789
0.40316399999999997
0.401914
0.405039
0.406289
0.405039
0.402539
0.401914
0.39875
0.400625
0.397539
0.3975
0.395625
0.391875
0.388125
0.388125
0.385664
0.383125
0.38
0.378125
0.37691399999999997
0.372539
0.365625
0.370664
0.37
0.370039
0.367539
0.365664
0.36441399999999996
0.363164
0.361914
0.360664
0.35878899999999997
0.357539
0.354414
0.35378899999999996
0.354414
0.355039
0.354414
0.354414
0.353164
0.355664
0.357539
0.36128899999999997
0.35878899999999997
0.361914
0.36128899999999997
0.360039
0.358164
0.359414
0.359414
0.35878899999999997
0.35878899999999997
0.358164
0.35878899999999997
0.351914
0.350039
0.354414
0.35128899999999996
0.349414
0.348164
0.346914
0.346289
0.345039
0.344414
0.345039
0.342539
0.34878899999999996
0.341289
0.339414
0.342539
0.340039
0.33816399999999996
0.337539
0.33566399999999996
0.335
0.336289
0.33316399999999996
0.33316399999999996
0.33375
0.335
0.335
0.335039
0.333125
0.331875
0.335
0.339375
0.3375
0.3425
0.34878899999999996
0.345039
0.350039
0.346289
0.346914
0.348164
0.350664
0.35878899999999997
0.360664
0.365039
0.371289
0.37441399999999997
0.371289
0.371289
0.36691399999999996
0.36691399999999996
0.365664
0.363789
0.366289
0.376289
0.378789
0.388164
0.391914
0.396289
0.393164
0.391289
0.391289
0.391914
0.39253899999999997
0.390664
0.39003899999999997
0.38753899999999997
0.388164
0.383164
0.378789
0.378164
0.375664
0.378789
0.372539
0.370039
0.368789
0.367539
0.366289
0.36441399999999996
0.363164
0.361914
0.35878899999999997
0.35878899999999997
0.35878899999999997
0.356914
0.35628899999999997
0.355039
0.354414
0.354414
0.35375
0.355039
0.349414
0.35625
0.35875
0.357539
0.358125
0.363164
0.363789
0.36128899999999997
0.360625
0.360039
0.360625
0.35878899999999997
0.363164
0.359414
0.360039
0.355625
0.35628899999999997
0.35378899999999996
0.351914
0.350664
0.349414
0.347539
0.344414
0.350039
0.341914
0.338789
0.335039
0.33816399999999996
0.336289
0.33566399999999996
0.34066399999999997
0.34316399999999997
0.346914
0.346914
0.345039
0.341914
0.341289
0.34316399999999997
0.343789
0.34316399999999997
0.341289
0.341289
0.341289
0.339414
0.337539
0.332539
0.335039
0.332539
0.33003899999999997
0.328164
0.326289
0.326914
0.325664
0.32503899999999997
0.323789
0.324414
0.318789
0.31753899999999996
0.318164
0.316914
0.318164
0.315664
0.315039
0.314375
0.312539
0.312539
0.315039
0.314375
0.32125
0.3175
0.318125
0.318125
0.315039
0.313125
0.312539
0.310039
0.308125
0.31
0.308789
0.310039
0.30941399999999997
0.30691399999999996
0.30441399999999996
0.308164
0.308164
0.306289
0.305039
0.303789
0.30191399999999996
0.30191399999999996
0.302539
0.300039
0.29878899999999997
0.296914
0.297539
0.297539
0.29878899999999997
0.301289
0.306289
0.308164
0.308789
0.308164
0.305039
0.305039
0.305039
0.305664
0.305664
0.30441399999999996
0.303164
0.303164
0.301289
0.301289
0.299414
0.291914
0.295039
0.295039
0.295664
0.292539
0.291914
0.290664
0.290039
0.288164
0.289414
0.28628899999999996
0.286914
0.285039
0.283789
0.281914
0.280039
0.280039
0.279375
0.277539
0.27625
0.276289
0.275
0.27625
0.27375
0.2725
0.272539
0.27125
0.27
0.268164
0.266289
0.265
0.264375
0.26503899999999997
0.25875
0.261289
0.261289
0.259414
0.261289
0.258164
0.259414
0.25753899999999996
0.256289
0.25503899999999996
0.254414
0.250664
0.248164
0.253789
0.252539
0.250664
0.248164
0.251289
0.253789
0.258789
0.261289
0.260664
0.25753899999999996
0.264414
0.261914
0.26003899999999996
0.254414
0.25753899999999996
0.256289
0.255664
0.256289
0.253164
0.253164
0.24878899999999998
0.24753899999999998
0.24378899999999998
0.24378899999999998
0.24253899999999998
0.243164
0.241914
0.24128899999999998
0.239414
0.239414
0.23878899999999997
0.237539
0.23566399999999998
0.236289
0.23316399999999998
0.235039
0.23191399999999998
0.230625
0.23
0.228789
0.228125
0.226875
0.2275
0.223789
0.2225
0.221875
0.22128899999999999
0.22316399999999997
0.219414
0.218125
0.2175
0.215625
0.215
0.216914
0.21375
0.21503899999999998
0.211875
0.210664
0.211914
0.21003899999999998
0.20878899999999997
0.208164
0.206289
0.20566399999999999
0.206914
0.203789
0.200664
0.201914
0.202539
0.202539
0.20003900000000002
0.205039
0.20878899999999997
0.211914
0.21253899999999998
0.210664
0.209414
0.21003899999999998
0.20753899999999997
0.20878899999999997
0.20878899999999997
0.20566399999999999
0.20878899999999997
0.206289
0.20566399999999999
0.205039
0.203164
0.202539
0.202539
0.201914
0.19628900000000002
0.19878900000000002
0.196914
0.19503900000000002
0.19503900000000002
0.19378900000000002
0.19378900000000002
0.19128900000000001
0.19128900000000001
0.190039
0.18316400000000002
0.186289
0.185039
0.18441400000000002
0.18316400000000002
0.182539
0.181289
0.179375
0.178125
0.180625
0.17816400000000002
0.17625
0.17691400000000002
0.176875
0.17566400000000001
0.173125
0.171289
0.17
0.16875
0.168125
0.1675
0.166875
0.16753900000000002
0.165664
0.164414
0.16503900000000002
0.163164
0.16253900000000002
0.16253900000000002
0.16128900000000002
0.160664
0.16003900000000001
0.159414
0.15316400000000002
0.158164
0.156289
0.156914
0.156914
0.16253900000000002
0.16628900000000002
0.169414
0.168164
0.16878900000000002
0.171289
0.166914
0.16628900000000002
0.168164
0.164414
0.16753900000000002
0.165664
0.168164
0.16628900000000002
0.165664
0.164414
0.163164
0.16003900000000001
0.156914
0.157539
0.156289
0.16253900000000002
0.155664
0.15441400000000002
0.15316400000000002
0.151289
0.15066400000000002
0.151289
0.14941400000000002
0.14816400000000002
0.14691400000000002
0.14566400000000002
0.14566400000000002
0.145039
0.143164
0.143789
0.141875
0.14125
0.140625
0.140664
0.141914
0.14
0.136875
0.13875
0.135
0.134375
0.1325
0.1325
0.1325
0.133164
0.133125
0.130625
0.13125
0.13003900000000002
0.128164
0.129414
0.12878900000000001
0.129414
0.127539
0.126914
0.125039
0.127539
0.125039
0.12441400000000001
0.12378900000000001
0.12128900000000001
0.13253900000000002
0.13253900000000002
0.136914
0.138164
0.13753900000000002
0.136914
0.13878900000000002
0.136914
0.13878900000000002
0.13753900000000002
0.13878900000000002
0.138164
0.13628900000000002
0.13628900000000002
0.13628900000000002
0.135664
0.133164
0.13128900000000002
0.13253900000000002
0.13128900000000002
0.127539
0.128164
0.126914
0.126914
0.127539
0.127539
0.126289
0.12878900000000001
0.131914
0.13378900000000002
0.13753900000000002
0.140039
0.140039
0.141914
0.141914
0.14691400000000002
0.1475
0.152539
0.154375
0.156289
0.1575
0.156875
0.155625
0.16
0.15875
0.16
0.166875
0.16753900000000002
0.16625
0.168125
0.16875
0.1725
0.171914
0.16503900000000002
0.17003900000000002
0.17003900000000002
0.173789
0.16753900000000002
0.16628900000000002
0.16628900000000002
0.165664
0.16503900000000002
0.16378900000000002
0.16128900000000002
0.16253900000000002
0.159414
0.159414
0.166914
0.16878900000000002
0.173789
0.17566400000000001
0.174414
0.173164
0.171914
0.171914
0.164414
0.170664
0.16628900000000002
0.166914
0.165664
0.16628900000000002
0.165664
0.16378900000000002
0.161914
0.160664
0.160664
0.158164
0.16628900000000002
0.16378900000000002
0.16753900000000002
0.16753900000000002
0.170664
0.17003900000000002
0.17003900000000002
0.170664
0.171289
0.170664
0.16753900000000002
0.16628900000000002
0.16753900000000002
0.16753900000000002
0.163164
0.16628900000000002
0.165625
0.163125
0.1625
0.163125
0.163125
0.16
0.159414
0.15875
0.156875
0.15625
0.15625
0.15375
0.15441400000000002
0.15441400000000002
0.154375
0.15441400000000002
0.155039
0.156914
0.15441400000000002
0.157539
0.158164
0.156914
0.156289
0.155664
0.156289
0.156289
0.156289
0.156914
0.156289
0.15441400000000002
0.158789
0.161914
0.16628900000000002
0.171289
0.171914
0.17941400000000002
0.181289
0.183789
0.190664
0.191914
0.188789
0.188164
0.190664
0.195664
0.196914
0.19753900000000002
0.19628900000000002
0.19503900000000002
0.19378900000000002
0.19503900000000002
0.19128900000000001
0.19253900000000002
0.190664
0.188789
0.187539
0.188789
0.190664
0.188164
0.188164
0.187539
0.187539
0.186914
0.186914
0.183789
0.18566400000000002
0.18316400000000002
0.184375
0.189414
0.193125
0.196875
0.20375
0.208125
0.21
0.2075
0.210664
0.210625
0.2125
0.209375
0.208125
0.20753899999999997
0.208164
0.20878899999999997
0.209414
0.210664
0.20753899999999997
0.21253899999999998
0.209414
0.208164
0.20566399999999999
0.208164
0.20753899999999997
0.20566399999999999
0.20566399999999999
0.20566399999999999
0.206914
0.203789
0.21128899999999998
0.20878899999999997
0.20753899999999997
0.222539
0.218164
0.21753899999999998
0.216914
0.21753899999999998
0.21753899999999998
0.21753899999999998
0.216914
0.218164
0.216914
0.21628899999999998
0.21753899999999998
0.216914
0.216914
0.215664
0.21378899999999998
0.21503899999999998
0.213164
0.21253899999999998
0.206914
0.210664
0.20753899999999997
0.20878899999999997
0.21128899999999998
0.21128899999999998
0.21003899999999998
0.21128899999999998
0.209414
0.20878899999999997
0.21003899999999998
0.20566399999999999
0.209414
0.20753899999999997
0.20878899999999997
0.206914
0.2075
0.206875
0.206914
0.208125
0.209375
0.21
0.208164
0.2125
0.20625
0.205
0.20125
0.203789
0.204375
0.204414
0.20375
0.204414
0.20566399999999999
0.204414
0.205039
0.205039
0.202539
0.20128900000000002
0.204414
0.204414
0.204414
0.203789
0.204414
0.204414
0.203789
0.206289
0.20878899999999997
0.214414
0.218164
0.22003899999999998
0.219414
0.220664
0.22128899999999999
0.22128899999999999
0.22003899999999998
0.22128899999999999
0.219414
0.222539
0.220664
0.22316399999999997
0.221914
0.22003899999999998
0.22003899999999998
0.21878899999999998
0.218164
0.216914
0.218164
0.215664
0.21503899999999998
0.21378899999999998
0.215664
0.210664
0.21378899999999998
0.21378899999999998
0.21378899999999998
0.211914
0.211914
0.21378899999999998
0.21128899999999998
0.211914
0.210664
0.209414
0.209414
0.209375
0.210625
0.2075
0.20875
0.20875
0.2075
0.208125
0.2075
0.205625
0.205
0.203125
0.2025
0.2025
0.2025
0.202539
0.202539
0.201875
0.202539
0.19878900000000002
0.199414
0.201914
0.199414
0.200664
0.199414
0.198164
0.198164
0.198164
0.19753900000000002
0.19753900000000002
0.195664
0.20003900000000002
0.209414
0.21003899999999998
0.20753899999999997
0.208164
0.20878899999999997
0.20878899999999997
0.208164
0.206914
0.20878899999999997
0.206289
0.200664
0.20566399999999999
0.204414
0.202539
0.206914
0.205039
0.203164
0.203164
0.201914
0.201914
0.20003900000000002
0.20003900000000002
0.198164
0.19878900000000002
0.20003900000000002
0.198164
0.196914
0.19628900000000002
0.194414
0.19378900000000002
0.19253900000000002
0.19253900000000002
0.186914
0.190664
0.185625
0.187539
0.188125
0.186875
0.18625
0.186875
0.186289
0.183789
0.185625
0.17941400000000002
0.178789
0.17875
0.177539
0.17625
0.176289
0.17566400000000001
0.175
0.175039
0.175039
0.174414
0.172539
0.17566400000000001
0.170664
0.17003900000000002
0.17003900000000002
0.16878900000000002
0.169414
0.16753900000000002
0.168164
0.168164
0.16878900000000002
0.170664
0.17566400000000001
0.177539
0.18066400000000002
0.17691400000000002
0.177539
0.178789
0.17941400000000002
0.17691400000000002
0.176289
0.176289
0.17691400000000002
0.17691400000000002
0.173164
0.173789
0.172539
0.171914
0.171914
0.17003900000000002
0.166914
0.166914
0.165664
0.16503900000000002
0.16253900000000002
0.161914
0.160664
0.159414
0.160664
0.158164
0.158164
0.157539
0.155664
0.153789
0.155664
0.15191400000000002
0.150039
0.15
0.1525
0.15625
0.148789
0.1475
0.1475
0.14816400000000002
0.146875
0.147539
0.143789
0.145039
0.141875
0.141289
0.14625
0.14
0.140625
0.139375
0.139414
0.138125
0.13753900000000002
0.13753900000000002
0.13753900000000002
0.135664
0.133164
0.134414
0.131914
0.131914
0.130664
0.13003900000000002
0.129414
0.12878900000000001
0.13628900000000002
0.135664
0.141289
0.140664
0.140039
0.141914
0.141914
0.140664
0.140664
0.139414
0.141914
0.141289
0.13878900000000002
0.143164
0.141289
0.141289
0.13878900000000002
0.136914
0.13503900000000002
0.134414
0.13253900000000002
0.13128900000000002
0.131914
0.128164
0.12128900000000001
0.126289
0.126289
0.12253900000000001
0.125039
0.12378900000000001
0.12191400000000001
0.12253900000000001
0.12253900000000001
0.12253900000000001
0.12066400000000001
0.12
0.118789
0.118789
0.119414
0.116914
0.116914
0.117539
0.116875
0.116914
0.11625
0.115625
0.11191400000000001
0.11375
0.108125
0.11003900000000001
0.10941400000000001
0.11066400000000001
0.110625
0.11125
0.11
0.10878900000000001
0.11253900000000001
0.10628900000000001
0.10753900000000001
0.10628900000000001
0.103789
0.10691400000000001
0.10628900000000001
0.10566400000000001
0.10691400000000001
0.10566400000000001
0.10753900000000001
0.11316400000000001
0.116914
0.118164
0.11566400000000002
0.120039
0.116289
0.12128900000000001
0.12128900000000001
0.12066400000000001
0.120039
0.120039
0.12128900000000001
0.120039
0.119414
0.119414
0.116914
0.116914
0.116289
0.11441400000000002
0.11316400000000001
0.11316400000000001
0.11191400000000001
0.11128900000000001
0.11066400000000001
0.11253900000000001
0.10878900000000001
0.11191400000000001
0.10941400000000001
0.10878900000000001
0.10816400000000001
0.10691400000000001
0.10691400000000001
0.10628900000000001
0.10628900000000001
0.10628900000000001
0.10691400000000001
0.10566400000000001
0.105
0.10375
0.1025
0.103125
0.10503900000000001
0.105
0.102539
0.101875
0.10375
0.100625
0.0975
0.099375
0.0975
0.0975
0.1
0.09875
0.098789
0.100664
0.098789
0.101914
0.098789
0.090664
0.096914
0.098789
0.102539
0.096914
0.095664
0.096289
0.095664
0.100664
0.104414
0.11003900000000001
0.11253900000000001
0.11128900000000001
0.11066400000000001
0.11253900000000001
0.11253900000000001
0.11066400000000001
0.11003900000000001
0.11128900000000001
0.11191400000000001
0.11128900000000001
0.11253900000000001
0.10816400000000001
0.10878900000000001
0.11128900000000001
0.11128900000000001
0.10941400000000001
0.10816400000000001
0.10753900000000001
0.10691400000000001
0.10628900000000001
0.10628900000000001
0.10628900000000001
0.103164
0.10753900000000001
0.104414
0.103789
0.10503900000000001
0.103789
0.103164
0.103789
0.103164
0.103789
0.10503900000000001
0.101914
0.096289
0.100039
0.100625
0.1
0.103125
0.10125
0.103125
0.101914
0.101875
0.10125
0.1
0.09875
0.096875
0.096875
0.095625
0.0975
0.096289
0.096914
0.096914
0.098164
0.097539
0.097539
0.096914
0.095039
