0.092539
0.093789
0.093789
0.090664
0.092539
0.090039
0.092539
0.091914
0.090039
0.095039
0.098789
0.10503900000000001
0.10753900000000001
0.10691400000000001
0.10816400000000001
0.10878900000000001
0.10941400000000001
0.10878900000000001
0.11003900000000001
0.10816400000000001
0.10816400000000001
0.10691400000000001
0.10566400000000001
0.10628900000000001
0.10566400000000001
0.10628900000000001
0.10753900000000001
0.10753900000000001
0.10566400000000001
0.104414
0.103164
0.104414
0.103164
0.103164
0.101914
0.101914
0.102539
0.100664
0.098164
0.098789
0.097539
0.100664
0.098789
0.099414
0.100039
0.098789
0.096289
0.098164
0.096289
0.097539
0.095625
0.098125
0.102539
0.096875
0.09625
0.0975
0.096875
0.095625
0.0975
0.09375
0.095
0.0925
0.091289
0.0975
0.093164
0.094375
0.091875
0.092539
0.092539
0.092539
0.091914
0.092539
0.091289
0.08878899999999999
0.090039
0.090664
0.098789
0.101914
0.10566400000000001
0.10691400000000001
0.10691400000000001
0.10753900000000001
0.10691400000000001
0.10503900000000001
0.10503900000000001
0.104414
0.10628900000000001
0.10628900000000001
0.103789
0.103164
0.103164
0.104414
0.104414
0.103164
0.103789
0.103789
0.103164
0.100039
0.101289
0.101289
0.100664
0.100664
0.100039
0.100664
0.099414
0.096289
0.098789
0.100664
0.095664
0.098164
0.096914
0.097539
0.097539
0.097539
0.098164
0.096289
0.098789
0.0975
0.097539
0.0975
0.095625
0.096875
0.0975
0.09875
0.095625
0.095
0.094375
0.08875
0.0925
0.086875
0.091289
0.091875
0.093164
0.094414
0.093789
0.092539
0.091914
0.093789
0.08878899999999999
0.091914
0.08753899999999999
0.08878899999999999
0.091289
0.097539
0.103164
0.10628900000000001
0.10628900000000001
0.10753900000000001
0.10816400000000001
0.10503900000000001
0.11253900000000001
0.10691400000000001
0.10753900000000001
0.11253900000000001
0.104414
0.103164
0.101289
0.102539
0.103164
0.103789
0.103164
0.102539
0.102539
0.100039
0.100664
0.101914
0.100664
0.099414
0.099414
0.098164
0.098164
0.098789
0.100664
0.098789
0.099414
0.098164
0.096914
0.096289
0.095039
0.095664
0.095664
0.095039
0.096914
0.095039
0.09375
0.09375
0.09125
0.09375
0.095625
0.1
0.105625
0.10566400000000001
0.109375
0.11625
0.116875
0.11128900000000001
0.11625
0.118164
0.118125
0.120039
0.12128900000000001
0.12128900000000001
0.12128900000000001
0.120039
0.12253900000000001
0.118789
0.11066400000000001
0.116289
0.11441400000000002
0.125664
0.12253900000000001
0.126914
0.129414
0.12878900000000001
0.128164
0.128164
0.127539
0.126914
0.125039
0.125664
0.12441400000000001
0.12316400000000001
0.12191400000000001
0.12128900000000001
0.12191400000000001
0.12128900000000001
0.12128900000000001
0.12253900000000001
0.12066400000000001
0.12191400000000001
0.118789
0.118789
0.118164
0.116914
0.116289
0.11503900000000002
0.11503900000000002
0.11503900000000002
0.11378900000000002
0.11253900000000001
0.11378900000000002
0.11441400000000002
0.11066400000000001
0.11066400000000001
0.11253900000000001
0.11191400000000001
0.11066400000000001
0.11066400000000001
0.11
0.11253900000000001
0.109375
0.102539
0.10875
0.11
0.10875
0.11
0.109375
0.10941400000000001
0.10941400000000001
0.1075
0.1075
0.105625
0.105625
0.10375
0.10503900000000001
0.105625
0.10566400000000001
0.10503900000000001
0.10566400000000001
0.10566400000000001
0.10566400000000001
0.10566400000000001
0.10628900000000001
0.103164
0.103789
0.103789
0.10941400000000001
0.11316400000000001
0.118789
0.12066400000000001
0.120039
0.12066400000000001
0.12066400000000001
0.12253900000000001
0.118789
0.118789
0.12191400000000001
0.119414
0.118164
0.118789
0.119414
0.118789
0.119414
0.118789
0.120039
0.118164
0.126289
0.118164
0.117539
0.11503900000000002
0.11566400000000002
0.116289
0.11503900000000002
0.11378900000000002
0.11378900000000002
0.116289
0.11441400000000002
0.11316400000000001
0.11441400000000002
0.11253900000000001
0.11378900000000002
0.116289
0.11503900000000002
0.11378900000000002
0.11441400000000002
0.114375
0.11566400000000002
0.114375
0.116875
0.11253900000000001
0.116875
0.115
0.115625
0.11375
0.114375
0.11316400000000001
0.11375
0.1125
0.11375
0.113125
0.11378900000000002
0.11253900000000001
0.11253900000000001
0.11375
0.11191400000000001
0.11253900000000001
0.11128900000000001
0.11253900000000001
0.11253900000000001
0.11378900000000002
0.11066400000000001
0.11503900000000002
0.11566400000000002
0.11566400000000002
0.12191400000000001
0.127539
0.128164
0.127539
0.12878900000000001
0.127539
0.129414
0.126914
0.12441400000000001
0.125039
0.126914
0.12378900000000001
0.12378900000000001
0.12378900000000001
0.125039
0.12441400000000001
0.12441400000000001
0.12441400000000001
0.125039
0.125664
0.12441400000000001
0.12191400000000001
0.12191400000000001
0.12253900000000001
0.12066400000000001
0.12128900000000001
0.12066400000000001
0.12128900000000001
0.12441400000000001
0.13128900000000002
0.128164
0.135664
0.13628900000000002
0.13628900000000002
0.13878900000000002
0.142539
0.14441400000000001
0.143164
0.143164
0.145625
0.1475
0.145039
0.150039
0.146875
0.1475
0.1425
0.146289
0.145
0.142539
0.142539
0.140625
0.143125
0.13875
0.1425
0.1425
0.145039
0.140625
0.1475
0.14691400000000002
0.146289
0.14566400000000002
0.146289
0.145039
0.143164
0.143789
0.146289
0.14816400000000002
0.152539
0.156914
0.157539
0.156289
0.156289
0.155664
0.156289
0.156914
0.15316400000000002
0.158164
0.156914
0.159414
0.160664
0.16378900000000002
0.169414
0.171289
0.171914
0.172539
0.172539
0.17003900000000002
0.169414
0.170664
0.170664
0.170664
0.171914
0.182539
0.190664
0.195664
0.20753899999999997
0.216914
0.215664
0.22128899999999999
0.21253899999999998
0.21378899999999998
0.227539
0.222539
0.22566399999999998
0.228789
0.22941399999999998
0.22816399999999998
0.228789
0.227539
0.231875
0.235625
0.236289
0.238164
0.245
0.245625
0.24375
0.241914
0.24125
0.246875
0.248125
0.248125
0.2475
0.25375
0.250625
0.250625
0.250039
0.250039
0.248164
0.24753899999999998
0.245664
0.24378899999999998
0.24253899999999998
0.244414
0.24628899999999998
0.249414
0.249414
0.24878899999999998
0.24628899999999998
0.24378899999999998
0.24128899999999998
0.240664
0.24878899999999998
0.251289
0.250039
0.250039
0.258164
0.263789
0.271289
0.269414
0.269414
0.27066399999999996
0.27066399999999996
0.275039
0.271914
0.274414
0.271289
0.270039
0.265664
0.266289
0.265664
0.263164
0.263164
0.261289
0.261289
0.26003899999999996
0.26003899999999996
0.256289
0.256289
0.254414
0.253164
0.25191399999999997
0.25191399999999997
0.250039
0.249414
0.249414
0.250664
0.244375
0.246875
0.24625
0.25125
0.256875
0.25875
0.264375
0.269375
0.271875
0.27125
0.27375
0.271875
0.2725
0.2725
0.27375
0.274414
0.27566399999999996
0.27816399999999997
0.276914
0.277539
0.28066399999999997
0.281289
0.280039
0.293164
0.294414
0.29628899999999997
0.29128899999999996
0.29628899999999997
0.299414
0.305039
0.310039
0.310039
0.30941399999999997
0.310664
0.316914
0.318789
0.321289
0.332539
0.335039
0.34316399999999997
0.350039
0.355664
0.35878899999999997
0.35878899999999997
0.360039
0.358164
0.360664
0.35878899999999997
0.361914
0.359414
0.360664
0.360039
0.358164
0.358164
0.359414
0.361914
0.358164
0.357539
0.360039
0.360664
0.359414
0.359414
0.360039
0.359414
0.35878899999999997
0.3575
0.35878899999999997
0.35628899999999997
0.365039
0.364375
0.36875
0.37875
0.38
0.38
0.379375
0.3775
0.375625
0.3775
0.376875
0.37875
0.37875
0.383164
0.393164
0.393164
0.39816399999999996
0.401914
0.403789
0.407539
0.41066400000000003
0.41253900000000004
0.416289
0.41566400000000003
0.41816400000000004
0.418789
0.41816400000000004
0.41753900000000005
0.41753900000000005
0.42253900000000005
0.42753900000000006
0.429414
0.435039
0.43628900000000004
0.439414
0.44378900000000004
0.44628900000000005
0.44941400000000004
0.450664
0.45441400000000004
0.45691400000000004
0.45941400000000004
0.46253900000000003
0.465664
0.460664
0.45378900000000005
0.45878900000000006
0.45941400000000004
0.463789
0.46691400000000005
0.466289
0.468164
0.47191400000000006
0.47253900000000004
0.473789
0.46941400000000005
0.468164
0.46691400000000005
0.466289
0.46441400000000005
0.46191400000000005
0.46128900000000006
0.46128900000000006
0.46003900000000003
0.45875
0.456875
0.45628900000000006
0.455625
0.455625
0.454375
0.455
0.454375
0.455625
0.45625
0.458125
0.46125
0.464375
0.465
0.45941400000000004
0.465625
0.46191400000000005
0.463789
0.46441400000000005
0.465664
0.46503900000000004
0.463789
0.46128900000000006
0.45941400000000004
0.46691400000000005
0.46691400000000005
0.468789
0.47191400000000006
0.470664
0.471289
0.46941400000000005
0.47003900000000004
0.471289
0.470664
0.470664
0.47316400000000003
0.47253900000000004
0.47316400000000003
0.47691400000000006
0.47816400000000003
0.486914
0.48003900000000005
0.481289
0.48066400000000004
0.481289
0.48066400000000004
0.481914
0.479414
0.47753900000000005
0.47566400000000003
0.47691400000000006
0.481914
0.49128900000000003
0.500664
0.506289
0.520039
0.5331640000000001
0.537539
0.536914
0.5337890000000001
0.5331640000000001
0.531289
0.535664
0.535664
0.535664
0.5381640000000001
0.5444140000000001
0.54375
0.545
0.54625
0.54375
0.546875
0.550625
0.54625
0.54875
0.545664
0.54625
0.546914
0.546914
0.552539
0.559375
0.559375
0.5644140000000001
0.576289
0.5812890000000001
0.576914
0.576914
0.5756640000000001
0.574414
0.573164
0.573789
0.5806640000000001
0.5800390000000001
0.578164
0.578789
0.579414
0.573164
0.5750390000000001
0.5756640000000001
0.573164
0.572539
0.5694140000000001
0.566914
0.563789
0.563164
0.561289
0.566914
0.566914
0.574414
0.576914
0.578164
0.576289
0.5750390000000001
0.573164
0.572539
0.5700390000000001
0.5694140000000001
0.5656640000000001
0.5644140000000001
0.558789
0.555664
0.5537890000000001
0.553164
0.553164
0.550664
0.5500390000000001
0.546914
0.541914
0.5444140000000001
0.540039
0.535039
0.537539
0.535039
0.5331640000000001
0.531875
0.5325
0.54
0.540664
0.539375
0.55
0.555
0.5525
0.551289
0.552539
0.555664
0.5575
0.55625
0.556289
0.560664
0.561875
0.563789
0.571914
0.572539
0.574414
0.576914
0.578789
0.578164
0.577539
0.578164
0.582539
0.5750390000000001
0.5800390000000001
0.578789
0.578164
0.579414
0.577539
0.577539
0.576914
0.574414
0.571914
0.571289
0.5656640000000001
0.5650390000000001
0.562539
0.5600390000000001
0.5594140000000001
0.560664
0.561289
0.561289
0.5644140000000001
0.568789
0.5700390000000001
0.572539
0.5700390000000001
0.5694140000000001
0.568164
0.573164
0.5706640000000001
0.5750390000000001
0.573164
0.576289
0.578164
0.577539
0.577539
0.576289
0.577539
0.5800390000000001
0.577539
0.578789
0.579414
0.576914
0.574375
0.574414
0.57375
0.571875
0.571289
0.5700390000000001
0.571875
0.57125
0.570625
0.572539
0.5725
0.569375
0.566914
0.566914
0.572539
0.577539
0.5800390000000001
0.5862890000000001
0.588789
0.589414
0.5856640000000001
0.583789
0.582539
0.588789
0.586914
0.589414
0.5862890000000001
0.5800390000000001
0.579414
0.5806640000000001
0.587539
0.5969140000000001
0.598789
0.603164
0.615039
0.623789
0.625039
0.620039
0.620664
0.618164
0.6169140000000001
0.613164
0.6162890000000001
0.625664
0.6331640000000001
0.638789
0.651289
0.657539
0.657539
0.6587890000000001
0.6644140000000001
0.666289
0.6587890000000001
0.655664
0.655664
0.657539
0.655664
0.651289
0.6481640000000001
0.646914
0.6425390000000001
0.641914
0.640039
0.636914
0.631875
0.6275390000000001
0.628789
0.6331640000000001
0.633125
0.636875
0.641875
0.64125
0.640625
0.635625
0.636289
0.636914
0.638789
0.636875
0.6381640000000001
0.638789
0.6375
0.6375
0.6325
0.631289
0.630664
0.6269140000000001
0.621289
0.623164
0.618789
0.6162890000000001
0.6219140000000001
0.620039
0.618164
0.618164
0.624414
0.629414
0.629414
0.635664
0.638789
0.6375390000000001
0.6425390000000001
0.6481640000000001
0.6487890000000001
0.645039
0.645039
0.638789
0.6437890000000001
0.644414
0.6425390000000001
0.6431640000000001
0.640664
0.638789
0.6375390000000001
0.6331640000000001
0.629414
0.6281640000000001
0.623164
0.6225390000000001
0.618164
0.6162890000000001
0.6169140000000001
0.6225390000000001
0.6225390000000001
0.6269140000000001
0.6275390000000001
0.6281640000000001
0.630664
0.6269140000000001
0.6275390000000001
0.623164
0.620039
0.623164
0.624414
0.623789
0.623164
0.625
0.6275
0.6269140000000001
0.626289
0.628789
0.628789
0.630664
0.63375
0.633789
0.631875
0.634375
0.6425390000000001
0.643125
0.641875
0.6431640000000001
0.6487890000000001
0.6481640000000001
0.6487890000000001
0.650664
0.655664
0.656289
0.655664
0.657539
0.6631640000000001
0.662539
0.662539
0.660664
0.6631640000000001
0.661914
0.662539
0.6594140000000001
0.655664
0.6531640000000001
0.651914
0.6487890000000001
0.645664
0.6475390000000001
0.641914
0.645039
0.645664
0.646289
0.6425390000000001
0.6425390000000001
0.641914
0.641289
0.638789
0.635664
0.633789
0.630039
0.628789
0.626289
0.623164
0.620664
0.620039
0.618789
0.6162890000000001
0.6169140000000001
0.615039
0.618164
0.620664
0.623789
0.625664
0.630039
0.629414
0.626289
0.626289
0.626289
0.6269140000000001
0.625664
0.624414
0.624375
0.619375
0.618789
0.624414
0.6275
0.625625
0.6275
0.630625
0.629375
0.636914
0.64125
0.6425
0.646289
0.64875
0.650039
0.649414
0.6475390000000001
0.6475390000000001
0.652539
0.651914
0.652539
0.651914
0.6537890000000001
0.649414
0.645039
0.6487890000000001
0.644414
0.650664
0.650664
0.654414
0.6531640000000001
0.656289
0.660664
0.6637890000000001
0.660039
0.665664
0.670664
0.670664
0.670039
0.6694140000000001
0.671289
0.6737890000000001
0.671289
0.673164
0.6744140000000001
0.673164
0.670664
0.6737890000000001
0.666914
0.668164
0.667539
0.665039
0.6631640000000001
0.661914
0.6594140000000001
0.655664
0.655664
0.6481640000000001
0.646914
0.646289
0.644414
0.640664
0.6381640000000001
0.635039
0.633789
0.633125
0.6325
0.63125
0.6275
0.63125
0.62125
0.6175
0.61375
0.611875
0.610039
0.6075
0.60375
0.603125
0.602539
0.598789
0.598789
0.594414
0.593164
0.5962890000000001
0.589414
0.593164
0.5962890000000001
0.597539
0.5962890000000001
0.594414
0.593789
0.595039
0.5906640000000001
0.5912890000000001
0.587539
0.5850390000000001
0.584414
0.582539
0.5800390000000001
0.577539
0.5750390000000001
0.573164
0.5694140000000001
0.568789
0.568164
0.568789
0.5706640000000001
0.576914
0.577539
0.5856640000000001
0.589414
0.587539
0.588789
0.5850390000000001
0.583789
0.581914
0.583789
0.577539
0.583789
0.581914
0.5800390000000001
0.582539
0.5850390000000001
0.587539
0.590039
0.594414
0.5912890000000001
0.588789
0.589414
0.5906640000000001
0.590039
0.587539
0.589375
0.589414
0.587539
0.58625
0.586914
0.589375
0.593125
0.590625
0.589414
0.587539
0.5850390000000001
0.586875
0.5925
0.598125
0.6006640000000001
0.593164
0.5962890000000001
0.5956640000000001
0.593164
0.598164
0.6012890000000001
0.598789
0.6006640000000001
0.600039
0.603164
0.6112890000000001
0.613789
0.615039
0.6112890000000001
0.608164
0.605039
0.603789
0.607539
0.610039
0.608164
0.604414
0.6019140000000001
0.598789
0.593789
0.603164
0.602539
0.6062890000000001
0.598164
0.595039
0.593789
0.591914
0.588164
0.584414
0.5806640000000001
0.578789
0.574414
0.5700390000000001
0.568164
0.5694140000000001
0.571289
0.572539
0.576914
0.5800390000000001
0.576914
0.5756640000000001
0.571289
0.574414
0.566914
0.566289
0.562539
0.561289
0.557539
0.5544140000000001
0.551875
0.548125
0.548125
0.5381640000000001
0.536289
0.53625
0.53375
0.530625
0.528125
0.526289
0.525625
0.5231640000000001
0.520664
0.520039
0.515039
0.509414
0.511289
0.504414
0.5125390000000001
0.5131640000000001
0.515039
0.5131640000000001
0.511289
0.509414
0.510664
0.509414
0.508789
0.506289
0.5031640000000001
0.500039
0.500039
0.5025390000000001
0.5075390000000001
0.506289
0.509414
0.513789
0.515039
0.515039
0.510039
0.511289
0.506289
0.505664
0.505039
0.5031640000000001
0.500664
0.499414
0.496914
0.495039
0.49253900000000006
0.49003900000000006
0.486914
0.483789
0.484414
0.48253900000000005
0.484414
0.48316400000000004
0.481914
0.48003900000000005
0.481289
0.47816400000000003
0.473789
0.476289
0.473789
0.47441400000000006
0.473125
0.46941400000000005
0.46691400000000005
0.46625
0.464375
0.465625
0.46
0.45875
0.460625
0.459375
0.46125
0.454375
0.454375
0.4575
0.46253900000000003
0.46441400000000005
0.463789
0.46253900000000003
0.46441400000000005
0.463164
0.471289
0.48066400000000004
0.48503900000000005
0.49066400000000004
0.49378900000000003
0.49316400000000005
0.497539
0.5019140000000001
0.5031640000000001
0.5031640000000001
0.510039
0.513789
0.516289
0.515664
0.5231640000000001
0.532539
0.535664
0.535664
0.541289
0.546289
0.545664
0.548164
0.5500390000000001
0.5550390000000001
0.551289
0.5537890000000001
0.5544140000000001
0.551289
0.548164
0.5494140000000001
0.552539
0.548164
0.5394140000000001
0.545039
0.548164
0.546289
0.543164
0.5394140000000001
0.536914
0.5331640000000001
0.530664
0.529414
0.525664
0.5225390000000001
0.5181640000000001
0.515625
0.5131640000000001
0.508789
0.505625
0.504375
0.50125
0.4975
0.495625
0.4925
0.48875
0.48878900000000003
0.48375
0.48375
0.483125
0.484375
0.483125
0.481914
0.481289
0.48066400000000004
0.481289
0.47691400000000006
0.479414
0.481914
0.47816400000000003
0.48316400000000004
0.48253900000000005
0.481289
0.48003900000000005
0.48066400000000004
0.476289
0.47566400000000003
0.47191400000000006
0.47441400000000006
0.46753900000000004
0.468164
0.468164
0.46441400000000005
0.46253900000000003
0.46253900000000003
0.460664
0.460664
0.46128900000000006
0.45628900000000006
0.455039
0.45441400000000004
0.450664
0.450039
0.45128900000000005
0.44878900000000005
0.44628900000000005
0.44628900000000005
0.44378900000000004
0.44191400000000003
0.44128900000000004
0.44066400000000006
0.436914
0.43816400000000005
0.434414
0.432539
0.432539
0.43066400000000005
0.431914
0.429414
0.429414
0.42878900000000003
0.42878900000000003
0.42875
0.42628900000000003
0.426914
0.424375
0.4225
0.42125
0.421875
0.42125
0.42
0.42
0.41625
0.415
0.413789
0.41316400000000003
0.410625
0.41066400000000003
0.410625
0.41003900000000004
0.409414
0.40875
0.41066400000000003
0.408789
0.40816399999999997
0.41253900000000004
0.413789
0.418789
0.41753900000000005
0.416914
0.416914
0.416289
0.41566400000000003
0.41441400000000006
0.413789
0.413789
0.41253900000000004
0.41191400000000006
0.411289
0.41003900000000004
0.41191400000000006
0.416914
0.41816400000000004
0.421289
0.42878900000000003
0.43316400000000005
0.42878900000000003
0.43128900000000003
0.43066400000000005
0.43003900000000006
0.432539
0.43003900000000006
0.42753900000000006
0.429414
0.43378900000000004
0.434414
0.436914
0.43628900000000004
0.44316400000000006
0.43878900000000004
0.43628900000000004
0.43628900000000004
0.43566400000000005
0.437539
0.434414
0.43316400000000005
0.43316400000000005
0.43316400000000005
0.429414
0.42753900000000006
0.439414
0.44128900000000004
0.443125
0.45625
0.4625
0.464375
0.4625
0.46128900000000006
0.46128900000000006
0.45941400000000004
0.458164
0.45625
0.454375
0.448164
0.449375
0.448164
0.445625
0.44375
0.44191400000000003
0.439414
0.437539
0.434414
0.439414
0.44066400000000006
0.44316400000000006
0.44566400000000006
0.44628900000000005
0.442539
0.44128900000000004
0.439414
0.439414
0.43878900000000004
0.43316400000000005
0.43003900000000006
0.429414
0.423789
0.42316400000000004
0.42253900000000005
0.418789
0.41566400000000003
0.41316400000000003
0.41191400000000006
0.416289
0.419414
0.42628900000000003
0.42566400000000004
0.431914
0.42816400000000004
0.42816400000000004
0.426914
0.424414
0.42316400000000004
0.42253900000000005
0.42316400000000004
0.419414
0.41753900000000005
0.41503900000000005
0.413789
0.413789
0.41503900000000005
0.41253900000000004
0.409414
0.406289
0.40566399999999997
0.403789
0.404414
0.404414
0.401875
0.405
0.4
0.401289
0.404375
0.405039
0.413125
0.416875
0.418125
0.416875
0.414375
0.411875
0.41375
0.41375
0.413125
0.413125
0.411289
0.41003900000000004
0.40816399999999997
0.409375
0.416289
0.42003900000000005
0.426914
0.436914
0.44066400000000006
0.43878900000000004
0.43816400000000005
0.43816400000000005
0.43878900000000004
0.43816400000000005
0.436914
0.436914
0.43378900000000004
0.42566400000000004
0.426914
0.424414
0.42003900000000005
0.42003900000000005
0.41753900000000005
0.41441400000000006
0.41253900000000004
0.41191400000000006
0.41816400000000004
0.421289
0.42566400000000004
0.43128900000000003
0.43316400000000005
0.435039
0.436914
0.43566400000000005
0.439414
0.43878900000000004
0.436914
0.43378900000000004
0.43628900000000004
0.429414
0.437539
0.44316400000000006
0.442539
0.448164
0.452539
0.453164
0.45128900000000005
0.44878900000000005
0.44628900000000005
0.44566400000000006
0.44066400000000006
0.44441400000000003
0.44628900000000005
0.452539
0.44878900000000005
0.450664
0.456875
0.461875
0.46441400000000005
0.463125
0.460664
0.4575
0.464375
0.45625
0.45375
0.455625
0.45378900000000005
0.45878900000000006
0.46128900000000006
0.46003900000000003
0.46003900000000003
0.46441400000000005
0.46253900000000003
0.46941400000000005
0.47191400000000006
0.47003900000000004
0.465664
0.47003900000000004
0.47191400000000006
0.47003900000000004
0.468789
0.46503900000000004
0.46253900000000003
0.46191400000000005
0.45941400000000004
0.458164
0.45691400000000004
0.455664
0.455039
0.450664
0.448164
0.447539
0.44628900000000005
0.44441400000000003
0.44441400000000003
0.43878900000000004
0.436914
0.437539
0.435039
0.43566400000000005
0.431914
0.43128900000000003
0.429414
0.426914
0.424414
0.42503900000000006
0.421289
0.426914
0.419414
0.418789
0.419414
0.416914
0.41566400000000003
0.41503900000000005
0.413789
0.41253900000000004
0.413789
0.41003900000000004
0.411289
0.409375
0.40816399999999997
0.40875
0.408125
0.40875
0.406914
0.406914
0.40625
0.404375
0.404375
0.40375
0.400625
0.400625
0.399375
0.40125
0.400039
0.399375
0.400039
0.399414
0.400039
0.406914
0.411289
0.411289
0.41003900000000004
0.41066400000000003
0.41503900000000005
0.41503900000000005
0.41316400000000003
0.41253900000000004
0.41191400000000006
0.41253900000000004
0.411289
0.409414
0.409414
0.41003900000000004
0.406914
0.405039
0.406914
0.406289
0.405039
0.40566399999999997
0.404414
0.407539
0.405039
0.402539
0.403789
0.40566399999999997
0.40566399999999997
0.401914
0.401289
0.40066399999999996
0.40066399999999996
0.400039
0.400039
0.399414
0.40066399999999996
0.398789
0.398789
0.400039
0.398789
0.397539
0.397539
0.396914
0.396914
0.395039
0.39566399999999996
0.389414
0.393789
0.390664
0.390625
0.394375
0.40125
0.407539
0.410625
0.411875
0.4175
0.425625
0.426875
0.428125
0.431875
0.43
0.433125
0.435039
0.435039
0.436914
0.43816400000000005
0.44066400000000006
0.44316400000000006
0.44691400000000003
0.452539
0.44441400000000003
0.445039
0.442539
0.445039
0.44378900000000004
0.44128900000000004
0.440039
0.439414
0.44316400000000006
0.447539
0.447539
0.45191400000000004
0.458164
0.46003900000000003
0.45691400000000004
0.45378900000000005
0.452539
0.45128900000000005
0.450039
0.44941400000000004
0.44941400000000004
0.44941400000000004
0.44878900000000005
0.44628900000000005
0.44378900000000004
0.43816400000000005
0.437539
0.434414
0.43316400000000005
0.43066400000000005
0.42816400000000004
0.42628900000000003
0.42253900000000005
0.418789
0.41816400000000004
0.41503900000000005
0.416289
0.41316400000000003
0.41253900000000004
0.41253900000000004
0.41003900000000004
0.407539
0.40816399999999997
0.404375
0.401914
0.40066399999999996
0.399375
0.405625
0.401875
0.399375
0.398125
0.398125
0.3975
0.398789
0.39375
0.389375
0.391289
0.396289
0.401914
0.40125
0.401914
0.40625
0.41066400000000003
0.41253900000000004
0.41253900000000004
0.41441400000000006
0.41253900000000004
0.409414
0.41003900000000004
0.408789
0.40816399999999997
0.406289
0.406289
0.405039
0.403789
0.402539
0.40066399999999996
0.397539
0.39566399999999996
0.393164
0.39003899999999997
0.39003899999999997
0.386289
0.384414
0.38253899999999996
0.38003899999999996
0.379414
0.378789
0.37691399999999997
0.37441399999999997
0.379414
0.376289
0.378789
0.381914
0.38503899999999996
0.38503899999999996
0.383164
0.380664
0.38253899999999996
0.38003899999999996
0.375664
0.377539
0.37691399999999997
0.371289
0.371289
0.368164
0.36691399999999996
0.36441399999999996
0.363789
0.36128899999999997
0.35878899999999997
0.358125
0.354414
0.3525
0.351875
0.350039
0.3475
0.3475
0.343125
0.341875
0.340625
0.3425
0.334375
0.33816399999999996
0.34
0.3375
0.338789
0.336914
0.33566399999999996
0.335039
0.34316399999999997
0.342539
0.346289
0.342539
0.348164
0.355664
0.355664
0.362539
0.362539
0.36128899999999997
0.360664
0.358164
0.35878899999999997
0.356914
0.353164
0.357539
0.34878899999999996
0.34878899999999996
0.342539
0.343789
0.344414
0.343789
0.341914
0.340039
0.342539
0.34316399999999997
0.341914
0.34066399999999997
0.33816399999999996
0.336914
0.336914
0.33316399999999996
0.33316399999999996
0.331289
0.329414
0.328164
0.32753899999999997
0.32753899999999997
0.324414
0.326914
0.33316399999999996
0.331914
0.335039
0.337539
0.337539
0.341289
0.341914
0.348125
0.350625
0.351875
0.346875
0.34625
0.349414
0.35375
0.35878899999999997
0.358164
0.35875
0.363125
0.365039
0.365625
0.37
0.37
0.375039
0.376289
0.375664
0.373164
0.375039
0.377539
0.375664
0.37441399999999997
0.370664
0.36691399999999996
0.37191399999999997
0.372539
0.368164
0.36691399999999996
0.367539
0.36441399999999996
0.363164
0.362539
0.360664
0.36128899999999997
0.36691399999999996
0.365664
0.36691399999999996
0.373789
0.375039
0.373164
0.37191399999999997
0.370664
0.370664
0.370664
0.371289
0.367539
0.367539
0.365664
0.362539
0.360664
0.35878899999999997
0.357539
0.355039
0.352539
0.351914
0.350664
0.35128899999999996
0.358164
0.359414
0.360664
0.368164
0.371289
0.370664
0.368789
0.36691399999999996
0.36691399999999996
0.36941399999999996
0.36375
0.35875
0.363125
0.36375
0.359414
0.359375
0.3575
0.356875
0.355625
0.354375
0.35375
0.35125
0.350039
0.347539
0.348164
0.34566399999999997
0.346289
0.346914
0.35128899999999996
0.353164
0.356914
0.35878899999999997
0.356914
0.350664
0.357539
0.356914
0.355039
0.35378899999999996
0.351914
0.351914
0.350039
0.34878899999999996
0.346914
0.347539
0.342539
0.341914
0.344414
0.34066399999999997
0.34066399999999997
0.33816399999999996
0.33816399999999996
0.337539
0.337539
0.338789
0.338789
0.336289
0.339414
0.333789
0.33316399999999996
0.33316399999999996
0.33316399999999996
0.33316399999999996
0.331914
0.331289
0.331289
0.33316399999999996
0.331289
0.33003899999999997
0.33316399999999996
0.33566399999999996
0.33816399999999996
0.34316399999999997
0.346914
0.35128899999999996
0.349414
0.34875
0.34875
0.35
0.355039
0.36
0.366289
0.36875
0.373789
0.3775
0.37625
0.375625
0.37441399999999997
0.375
0.380625
0.38375
0.383125
0.386875
0.39253899999999997
0.389414
0.389414
0.394414
0.397539
0.398789
0.396289
0.397539
0.39566399999999996
0.391914
0.390664
0.391914
0.393789
0.390664
0.389414
0.38753899999999997
0.38503899999999996
0.383164
0.383789
0.380664
0.380664
0.378164
0.375664
0.373789
0.372539
0.37191399999999997
0.36941399999999996
0.370039
0.36941399999999996
0.368789
0.368789
0.368164
0.363164
0.363789
0.362539
0.361914
0.359414
0.359414
0.357539
0.356914
0.355664
0.35628899999999997
0.351914
0.354414
0.354414
0.35378899999999996
0.35128899999999996
0.350664
0.349414
0.348164
0.348164
0.347539
0.348164
0.344375
0.34878899999999996
0.346289
0.348125
0.348125
0.347539
0.346289
0.346914
0.34625
0.34625
0.34625
0.3425
0.35128899999999996
0.343125
0.341914
0.343789
0.345039
0.349414
0.355664
0.360664
0.360039
0.360039
0.359414
0.36128899999999997
0.359414
0.358164
0.35878899999999997
0.358164
0.357539
0.35628899999999997
0.355039
0.354414
0.352539
0.351914
0.346914
0.34878899999999996
0.349414
0.347539
0.34316399999999997
0.34566399999999997
0.344414
0.34566399999999997
0.343789
0.343789
0.34566399999999997
0.340039
0.340039
0.340039
0.341914
0.34566399999999997
0.347539
0.349414
0.355039
0.358164
0.35878899999999997
0.358164
0.355039
0.363164
0.355664
0.355664
0.36128899999999997
0.35378899999999996
0.356914
0.362539
0.362539
0.366289
0.374375
0.375039
0.375664
0.37441399999999997
0.37191399999999997
0.3725
0.372539
0.37125
0.369375
0.368125
0.366875
0.363125
0.36125
0.36125
0.358125
0.355
0.3525
0.357539
0.360039
0.361914
0.361914
0.360664
0.35878899999999997
0.357539
0.35628899999999997
0.355039
0.352539
0.35128899999999996
0.347539
0.345039
0.343789
0.341914
0.340039
0.337539
0.337539
0.333789
0.328789
0.330664
0.32753899999999997
0.330664
0.326289
0.32503899999999997
0.323789
0.323164
0.321289
0.323789
0.318789
0.318164
0.312539
0.313164
0.307539
0.308789
0.308164
0.30691399999999996
0.306289
0.305039
0.303789
0.30191399999999996
0.30191399999999996
0.299414
0.298164
0.295664
0.295039
0.29378899999999997
0.292539
0.29128899999999996
0.290625
0.28875
0.28878899999999996
0.284414
0.28628899999999996
0.2875
0.28375
0.284414
0.282539
0.280625
0.27875
0.2775
0.275625
0.275625
0.273125
0.27
0.273125
0.271875
0.278789
0.28316399999999997
0.286914
0.286914
0.28628899999999996
0.285664
0.285664
0.28316399999999997
0.282539
0.28316399999999997
0.280039
0.28628899999999996
0.27816399999999997
0.27566399999999996
0.27566399999999996
0.273789
0.271914
0.271289
0.269414
0.268789
0.263789
0.26253899999999997
0.263164
0.263789
0.261289
0.261914
0.26003899999999996
0.26003899999999996
0.259414
0.25753899999999996
0.253164
0.254414
0.249414
0.25191399999999997
0.251289
0.250664
0.249414
0.24878899999999998
0.24753899999999998
0.24628899999999998
0.246914
0.24128899999999998
0.239414
0.24128899999999998
0.23878899999999997
0.238164
0.240664
0.23878899999999997
0.237539
0.237539
0.236289
0.236289
0.233789
0.235625
0.233125
0.23125
0.2275
0.23125
0.229375
0.22875
0.231289
0.235
0.23625
0.238125
0.239414
0.243164
0.24503899999999998
0.252539
0.252539
0.253164
0.252539
0.25191399999999997
0.252539
0.252539
0.253164
0.25503899999999996
0.249414
0.250664
0.249414
0.24753899999999998
0.246914
0.244414
0.24253899999999998
0.24128899999999998
0.24128899999999998
0.24003899999999997
0.237539
0.236289
0.235039
0.235039
0.23191399999999998
0.22941399999999998
0.228789
0.227539
0.22691399999999998
0.225039
0.22566399999999998
0.22128899999999999
0.216914
0.220664
0.220664
0.220664
0.218164
0.21753899999999998
0.215664
0.216914
0.213164
0.21503899999999998
0.210664
0.209414
0.20878899999999997
0.20878899999999997
0.206289
0.20566399999999999
0.205039
0.20375
0.203789
0.2025
0.20125
0.2
0.20125
0.2
0.198125
0.196875
0.195
0.193125
0.1925
0.19
0.188125
0.188125
0.19
0.183789
0.189375
0.19253900000000002
0.193164
0.19878900000000002
0.199414
0.199414
0.19878900000000002
0.19753900000000002
0.19753900000000002
0.198164
0.195664
0.196914
0.195664
0.19253900000000002
0.190039
0.190039
0.189414
0.187539
0.187539
0.189414
0.188789
0.18566400000000002
0.18191400000000002
0.183789
0.18441400000000002
0.18191400000000002
0.183789
0.182539
0.182539
0.183789
0.185039
0.18441400000000002
0.183789
0.18316400000000002
0.181289
0.181289
0.180039
0.178789
0.17816400000000002
0.17691400000000002
0.177539
0.177539
0.176289
0.175039
0.174414
0.175039
0.16878900000000002
0.172539
0.17
0.169414
0.169375
0.168125
0.1675
0.16625
0.166875
0.16625
0.16625
0.164375
0.160625
0.16125
0.16125
0.16
0.158125
0.157539
0.155625
0.159375
0.157539
0.156289
0.16625
0.166914
0.169414
0.172539
0.172539
0.170664
0.170664
0.170664
0.172539
0.17003900000000002
0.169414
0.17003900000000002
0.169414
0.16628900000000002
0.16628900000000002
0.16503900000000002
0.16503900000000002
0.16378900000000002
0.16253900000000002
0.161914
0.161914
0.16128900000000002
0.157539
0.159414
0.156914
0.156914
0.158164
0.156914
0.158164
0.158164
0.157539
0.157539
0.156289
0.157539
0.155039
0.155039
0.152539
0.151289
0.15066400000000002
0.15066400000000002
0.150039
0.148789
0.150039
0.14816400000000002
0.143789
0.14691400000000002
0.143789
0.141289
0.14566400000000002
0.14566400000000002
0.144375
0.14375
0.1425
0.144375
0.1425
0.135
0.140625
0.1425
0.145
0.138125
0.13753900000000002
0.1375
0.13628900000000002
0.13628900000000002
0.136875
0.13628900000000002
0.140039
0.143164
0.14816400000000002
0.15066400000000002
0.15191400000000002
0.151289
0.15191400000000002
0.152539
0.151289
0.15191400000000002
0.15191400000000002
0.14566400000000002
0.148789
0.14691400000000002
0.146289
0.147539
0.14691400000000002
0.14566400000000002
0.145039
0.143789
0.143164
0.143164
0.138164
0.141914
0.139414
0.140039
0.13878900000000002
0.13878900000000002
0.138164
0.13878900000000002
0.139414
0.13878900000000002
0.13878900000000002
0.13628900000000002
0.13128900000000002
0.13503900000000002
0.13253900000000002
0.140039
0.13378900000000002
0.133164
0.133164
0.133164
0.13253900000000002
0.13253900000000002
0.13128900000000002
0.13003900000000002
0.128164
0.129414
0.128125
0.12878900000000001
0.128125
0.127539
0.1275
0.126875
0.12625
0.126875
0.128164
0.125
0.126875
0.125039
0.12378900000000001
0.121875
0.12191400000000001
0.12
0.12066400000000001
0.12125
0.123125
0.125664
0.13253900000000002
0.136914
0.139414
0.138164
0.13753900000000002
0.13753900000000002
0.13753900000000002
0.136914
0.135664
0.13628900000000002
0.13503900000000002
0.135664
0.130664
0.13128900000000002
0.12878900000000001
0.13253900000000002
0.131914
0.13128900000000002
0.13253900000000002
0.13128900000000002
0.131914
0.128164
0.128164
0.129414
0.126914
0.127539
0.129414
0.12878900000000001
0.12878900000000001
0.129414
0.128164
0.125039
0.125039
0.12441400000000001
0.12191400000000001
0.12378900000000001
0.12128900000000001
0.12253900000000001
0.12316400000000001
0.12253900000000001
0.12316400000000001
0.12316400000000001
0.12191400000000001
0.12253900000000001
0.12128900000000001
0.12128900000000001
0.12191400000000001
0.12316400000000001
0.12066400000000001
0.118164
0.118125
0.118125
0.118125
0.1175
0.119375
0.1175
0.12191400000000001
0.11625
0.11441400000000002
0.115
0.11378900000000002
0.11378900000000002
0.11253900000000001
0.1125
0.1125
0.11503900000000002
0.118789
0.121875
0.12878900000000001
0.126289
0.12378900000000001
0.127539
0.127539
0.128164
0.127539
0.127539
0.12878900000000001
0.126289
0.126914
0.125664
0.12441400000000001
0.125039
0.12378900000000001
0.12128900000000001
0.12191400000000001
0.12128900000000001
0.12066400000000001
0.120039
0.118789
0.11316400000000001
0.116914
0.11503900000000002
0.11441400000000002
0.118789
0.118789
0.118164
0.117539
0.116289
0.11503900000000002
0.11566400000000002
0.11066400000000001
0.116289
0.11253900000000001
0.11253900000000001
0.11003900000000001
0.11191400000000001
0.11128900000000001
0.11128900000000001
0.11066400000000001
0.11316400000000001
0.11191400000000001
0.10878900000000001
0.11316400000000001
0.10878900000000001
0.10816400000000001
0.11191400000000001
0.10816400000000001
0.10875
0.106875
0.10628900000000001
0.106875
0.10875
0.10753900000000001
0.106875
0.105625
0.103125
0.100039
0.1025
0.101875
0.101875
0.1025
0.1025
0.104375
0.11128900000000001
0.11566400000000002
0.118164
0.120039
0.118789
0.118789
0.119414
0.118164
0.118164
0.118164
0.117539
0.119414
0.11566400000000002
0.11503900000000002
0.11566400000000002
0.11316400000000001
0.11441400000000002
0.11441400000000002
0.11316400000000001
0.11253900000000001
0.11378900000000002
0.11128900000000001
0.11191400000000001
0.10941400000000001
0.11441400000000002
0.10941400000000001
0.11191400000000001
0.10753900000000001
0.11066400000000001
0.11128900000000001
0.11128900000000001
0.11003900000000001
0.10941400000000001
0.11128900000000001
0.10878900000000001
0.11003900000000001
0.10878900000000001
0.10691400000000001
0.10628900000000001
0.10941400000000001
0.11003900000000001
0.10816400000000001
0.10816400000000001
0.10816400000000001
0.10691400000000001
0.10691400000000001
0.10753900000000001
0.10628900000000001
0.10753900000000001
0.104414
0.104414
0.105625
0.105
0.10566400000000001
0.105
0.105
0.10625
0.104375
0.10375
0.105625
0.1
0.100625
0.100664
0.099375
0.100664
0.100039
0.1075
0.11
0.11316400000000001
0.118164
0.118789
0.116914
0.116289
0.11566400000000002
0.116914
0.116914
0.116289
0.11566400000000002
0.116914
0.11378900000000002
0.10628900000000001
0.11191400000000001
0.11441400000000002
0.10816400000000001
0.11378900000000002
0.11128900000000001
0.11128900000000001
0.11066400000000001
0.10878900000000001
0.10878900000000001
0.10878900000000001
0.11003900000000001
0.10816400000000001
0.10816400000000001
0.11003900000000001
0.10816400000000001
0.10816400000000001
0.10878900000000001
0.10628900000000001
0.10566400000000001
0.104414
0.10503900000000001
0.099414
0.101289
0.098789
0.099414
0.102539
0.101914
0.103164
0.102539
0.101914
0.100664
0.102539
0.097539
0.098125
0.100625
0.100039
0.099414
0.1
0.09875
0.099375
0.1
0.101875
0.101875
0.09875
0.1025
0.096914
0.097539
0.096875
0.095
0.094414
0.09625
0.09625
0.102539
0.106875
0.10941400000000001
0.11128900000000001
0.11066400000000001
0.11128900000000001
0.10628900000000001
0.10878900000000001
0.10941400000000001
0.10816400000000001
0.10816400000000001
0.10816400000000001
0.10816400000000001
0.10816400000000001
0.10941400000000001
0.10691400000000001
0.10566400000000001
0.10566400000000001
0.10753900000000001
0.104414
0.10503900000000001
0.10503900000000001
0.103789
0.102539
0.103164
0.101289
0.100039
0.101289
0.100664
0.103789
0.103789
0.103164
0.101914
0.101289
0.098789
0.101914
0.098164
0.099414
0.098164
0.100664
0.094414
0.099414
