0.13753900000000002
0.13753900000000002
0.13628900000000002
0.135664
0.13503900000000002
0.134414
0.134414
0.133164
0.13378900000000002
0.13378900000000002
0.133164
0.13253900000000002
0.131914
0.131914
0.13253900000000002
0.13503900000000002
0.13628900000000002
0.135664
0.140625
0.139375
0.143164
0.141875
0.1425
0.143789
0.14375
0.14375
0.143164
0.14375
0.138125
0.13625
0.13753900000000002
0.135625
0.138164
0.141289
0.145
0.153789
0.16003900000000001
0.16375
0.17691400000000002
0.18566400000000002
0.190664
0.188789
0.190664
0.19253900000000002
0.196914
0.19503900000000002
0.191914
0.19128900000000001
0.191914
0.194414
0.191914
0.194414
0.19628900000000002
0.20128900000000002
0.19878900000000002
0.198164
0.19628900000000002
0.19503900000000002
0.19753900000000002
0.200664
0.20128900000000002
0.202539
0.20753899999999997
0.208164
0.211914
0.21753899999999998
0.22128899999999999
0.22003899999999998
0.226289
0.228789
0.230039
0.23316399999999998
0.23566399999999998
0.23441399999999998
0.23316399999999998
0.233789
0.23566399999999998
0.239414
0.237539
0.24003899999999997
0.241914
0.241914
0.24003899999999997
0.24628899999999998
0.25753899999999996
0.25625
0.269375
0.28
0.289375
0.28316399999999997
0.282539
0.2825
0.28316399999999997
0.281289
0.2825
0.277539
0.274375
0.272539
0.27
0.275
0.266289
0.265625
0.263164
0.261289
0.259414
0.258164
0.255664
0.256289
0.25191399999999997
0.24878899999999998
0.24878899999999998
0.24628899999999998
0.24503899999999998
0.24378899999999998
0.243164
0.24253899999999998
0.24253899999999998
0.24253899999999998
0.24253899999999998
0.251289
0.253164
0.253164
0.253164
0.250664
0.25191399999999997
0.253789
0.253164
0.253789
0.255664
0.258789
0.268164
0.269414
0.270039
0.271289
0.27066399999999996
0.272539
0.276914
0.27816399999999997
0.27816399999999997
0.279414
0.277539
0.272539
0.278789
0.281289
0.279414
0.281914
0.281914
0.284414
0.289414
0.290039
0.29628899999999997
0.301289
0.303125
0.3025
0.3025
0.303125
0.304375
0.306289
0.305625
0.30375
0.301289
0.30125
0.300039
0.2975
0.2975
0.293125
0.296914
0.295
0.29625
0.295039
0.295039
0.29628899999999997
0.295664
0.298164
0.295664
0.298164
0.295664
0.295039
0.300664
0.306289
0.310039
0.316289
0.32753899999999997
0.331914
0.337539
0.340039
0.336914
0.336914
0.34316399999999997
0.344414
0.353164
0.351914
0.355039
0.35628899999999997
0.35878899999999997
0.366289
0.366289
0.375039
0.38003899999999996
0.381289
0.377539
0.37691399999999997
0.378789
0.381914
0.389414
0.391914
0.394414
0.402539
0.406289
0.401914
0.40566399999999997
0.401914
0.401914
0.401289
0.40316399999999997
0.408789
0.407539
0.41191400000000006
0.416289
0.41753900000000005
0.416914
0.41566400000000003
0.41441400000000006
0.411875
0.41316400000000003
0.41125
0.409375
0.408125
0.40625
0.405625
0.401875
0.396875
0.399375
0.39816399999999996
0.397539
0.39816399999999996
0.397539
0.396289
0.395039
0.393789
0.395039
0.391289
0.384414
0.389414
0.391289
0.39566399999999996
0.388789
0.386914
0.388789
0.388164
0.388164
0.39253899999999997
0.395039
0.40066399999999996
0.398789
0.40066399999999996
0.40566399999999997
0.40566399999999997
0.406289
0.41191400000000006
0.41503900000000005
0.41566400000000003
0.416289
0.416914
0.41191400000000006
0.41566400000000003
0.413789
0.416289
0.41753900000000005
0.421289
0.429414
0.431914
0.439414
0.44691400000000003
0.45191400000000004
0.450664
0.46128900000000006
0.45941400000000004
0.463789
0.46691400000000005
0.465664
0.46441400000000005
0.463164
0.46128900000000006
0.46128900000000006
0.46003900000000003
0.455664
0.45128900000000005
0.45441400000000004
0.453164
0.45191400000000004
0.450625
0.45
0.45191400000000004
0.45875
0.46
0.463789
0.46753900000000004
0.469375
0.46875
0.468125
0.466289
0.466875
0.466289
0.46503900000000004
0.46441400000000005
0.46253900000000003
0.46753900000000004
0.468164
0.471289
0.468164
0.470664
0.46441400000000005
0.465664
0.463789
0.463164
0.465664
0.468164
0.47316400000000003
0.47503900000000004
0.47441400000000006
0.479414
0.481289
0.486289
0.48753900000000006
0.48878900000000003
0.49316400000000005
0.49378900000000003
0.496914
0.49628900000000004
0.49816400000000005
0.497539
0.5031640000000001
0.5019140000000001
0.49816400000000005
0.49816400000000005
0.494414
0.491914
0.49066400000000004
0.48753900000000006
0.48503900000000005
0.484414
0.481914
0.481289
0.479414
0.47566400000000003
0.47566400000000003
0.47691400000000006
0.476289
0.47253900000000004
0.470664
0.46941400000000005
0.46753900000000004
0.466289
0.46503900000000004
0.4625
0.465625
0.465625
0.471289
0.47003900000000004
0.469375
0.475
0.475
0.48625
0.4975
0.499375
0.49875
0.49875
0.500625
0.501875
0.508789
0.5131640000000001
0.516914
0.516914
0.525664
0.536289
0.537539
0.5394140000000001
0.536289
0.5387890000000001
0.535664
0.5387890000000001
0.545664
0.546289
0.546289
0.5437890000000001
0.546914
0.543164
0.536914
0.543164
0.540664
0.540039
0.5381640000000001
0.5387890000000001
0.5381640000000001
0.5387890000000001
0.536914
0.535039
0.532539
0.530664
0.526289
0.5231640000000001
0.524414
0.530039
0.5281640000000001
0.531289
0.5337890000000001
0.536914
0.537539
0.536289
0.5281640000000001
0.5331640000000001
0.536289
0.536914
0.540039
0.542539
0.5437890000000001
0.548164
0.5487890000000001
0.552539
0.556289
0.552539
0.5575
0.5544140000000001
0.555625
0.552539
0.5544140000000001
0.55625
0.563125
0.56375
0.573125
0.5825
0.580625
0.586914
0.586914
0.586914
0.579414
0.5806640000000001
0.578789
0.576289
0.576914
0.577539
0.577539
0.573164
0.573164
0.571289
0.5700390000000001
0.5644140000000001
0.5656640000000001
0.563789
0.5600390000000001
0.563164
0.563164
0.5656640000000001
0.5650390000000001
0.561914
0.558164
0.556914
0.553164
0.5494140000000001
0.548164
0.545664
0.5437890000000001
0.541289
0.540039
0.5387890000000001
0.5344140000000001
0.531289
0.530664
0.524414
0.525039
0.524414
0.525039
0.524414
0.525039
0.521289
0.5231640000000001
0.520039
0.5225390000000001
0.516289
0.515039
0.520664
0.515664
0.5125390000000001
0.510664
0.510039
0.508789
0.509414
0.5075390000000001
0.510039
0.509375
0.506875
0.5081640000000001
0.510625
0.51
0.5075
0.5131640000000001
0.52
0.521914
0.523125
0.5281640000000001
0.526914
0.5287890000000001
0.526289
0.5331640000000001
0.5337890000000001
0.545039
0.5544140000000001
0.556914
0.555664
0.558164
0.561914
0.5706640000000001
0.572539
0.576914
0.576914
0.581914
0.5906640000000001
0.588789
0.5912890000000001
0.591914
0.591914
0.597539
0.610664
0.609414
0.6112890000000001
0.615664
0.6175390000000001
0.614414
0.6125390000000001
0.613164
0.6119140000000001
0.6125390000000001
0.6069140000000001
0.598789
0.6012890000000001
0.598164
0.6019140000000001
0.593164
0.589414
0.588164
0.5856640000000001
0.582539
0.582539
0.583164
0.583789
0.583164
0.587539
0.586914
0.587539
0.5906640000000001
0.5956640000000001
0.597539
0.594414
0.592539
0.590625
0.5825
0.585
0.583789
0.5875
0.5875
0.5856640000000001
0.5825
0.5800390000000001
0.5825
0.58625
0.5875
0.588789
0.594375
0.59625
0.597539
0.607539
0.614414
0.614414
0.618789
0.626289
0.628789
0.6269140000000001
0.6219140000000001
0.6219140000000001
0.620039
0.6225390000000001
0.618164
0.615664
0.615039
0.6169140000000001
0.615039
0.6169140000000001
0.615664
0.618164
0.6219140000000001
0.6219140000000001
0.6175390000000001
0.615039
0.615039
0.6119140000000001
0.610039
0.607539
0.605664
0.602539
0.6012890000000001
0.598789
0.598164
0.603164
0.603789
0.6062890000000001
0.610039
0.608164
0.609414
0.613164
0.613164
0.6119140000000001
0.6112890000000001
0.615664
0.618789
0.6169140000000001
0.6169140000000001
0.618164
0.6175390000000001
0.615039
0.6125390000000001
0.60875
0.6125390000000001
0.610039
0.6075
0.6062890000000001
0.606875
0.60625
0.604375
0.60125
0.598164
0.5956640000000001
0.592539
0.593164
0.588125
0.588789
0.5862890000000001
0.584414
0.586914
0.583789
0.588789
0.5912890000000001
0.595039
0.595039
0.603789
0.614414
0.620039
0.620039
0.615039
0.618164
0.6225390000000001
0.634414
0.639414
0.6381640000000001
0.6375390000000001
0.640039
0.6475390000000001
0.6475390000000001
0.641914
0.638789
0.636289
0.636914
0.640039
0.6437890000000001
0.645039
0.6437890000000001
0.646914
0.649414
0.645039
0.6431640000000001
0.638789
0.6381640000000001
0.6381640000000001
0.640664
0.641289
0.639414
0.640039
0.641289
0.6437890000000001
0.640664
0.634414
0.635664
0.6437890000000001
0.650664
0.652539
0.661289
0.671914
0.673164
0.670039
0.6687890000000001
0.666875
0.668164
0.6687890000000001
0.672539
0.670664
0.6687890000000001
0.6644140000000001
0.661875
0.6581640000000001
0.65375
0.651914
0.65
0.6437890000000001
0.645
0.6381640000000001
0.638789
0.6381640000000001
0.636289
0.635039
0.6325390000000001
0.629414
0.6275390000000001
0.626289
0.621289
0.623164
0.6175390000000001
0.6175390000000001
0.618789
0.623164
0.625039
0.6281640000000001
0.6281640000000001
0.6269140000000001
0.625664
0.621289
0.625039
0.6169140000000001
0.615664
0.6125390000000001
0.614414
0.6125390000000001
0.6125390000000001
0.610664
0.610039
0.609414
0.6069140000000001
0.608789
0.609414
0.610039
0.615039
0.620664
0.6175390000000001
0.6162890000000001
0.614414
0.6125390000000001
0.6125390000000001
0.618789
0.625039
0.623164
0.629414
0.631289
0.629414
0.626289
0.625664
0.625039
0.625664
0.631289
0.636289
0.636289
0.63875
0.6375
0.6331640000000001
0.636289
0.63625
0.636875
0.635039
0.630664
0.62875
0.631289
0.6319140000000001
0.6325390000000001
0.6381640000000001
0.635664
0.6331640000000001
0.635664
0.640664
0.6425390000000001
0.641289
0.6375390000000001
0.6375390000000001
0.6331640000000001
0.623164
0.6275390000000001
0.623789
0.631289
0.628789
0.630039
0.630039
0.6269140000000001
0.629414
0.635039
0.636289
0.6375390000000001
0.639414
0.640039
0.6431640000000001
0.641289
0.645664
0.650664
0.650664
0.6487890000000001
0.6487890000000001
0.6475390000000001
0.6431640000000001
0.6425390000000001
0.638789
0.6375390000000001
0.636914
0.634414
0.630664
0.6275390000000001
0.626289
0.624414
0.6219140000000001
0.6169140000000001
0.615664
0.6119140000000001
0.607539
0.6019140000000001
0.604414
0.603164
0.6012890000000001
0.599414
0.59875
0.598125
0.595039
0.58875
0.593789
0.591914
0.5906640000000001
0.59
0.590625
0.593164
0.5925
0.59625
0.60125
0.603125
0.604375
0.6075
0.607539
0.6062890000000001
0.608789
0.610039
0.608789
0.605664
0.604414
0.604414
0.608164
0.603164
0.600039
0.6012890000000001
0.610039
0.613164
0.620664
0.6269140000000001
0.6281640000000001
0.6281640000000001
0.625039
0.630664
0.6275390000000001
0.625664
0.629414
0.628789
0.629414
0.626289
0.624414
0.621289
0.619414
0.6175390000000001
0.613789
0.609414
0.614414
0.604414
0.605664
0.613164
0.609414
0.615039
0.618789
0.6175390000000001
0.619414
0.619414
0.6169140000000001
0.615664
0.6162890000000001
0.6119140000000001
0.610664
0.610039
0.610039
0.6069140000000001
0.605039
0.60125
0.598164
0.595625
0.595625
0.590625
0.5906640000000001
0.586875
0.584375
0.5825
0.578125
0.576875
0.573125
0.57375
0.5725
0.572539
0.571289
0.568789
0.566289
0.563164
0.561289
0.5594140000000001
0.556289
0.5537890000000001
0.550664
0.5494140000000001
0.546289
0.548164
0.546289
0.546914
0.5487890000000001
0.550664
0.552539
0.551289
0.550664
0.5494140000000001
0.550664
0.546289
0.540039
0.541289
0.540664
0.540664
0.536289
0.535664
0.5344140000000001
0.5331640000000001
0.530039
0.527539
0.524414
0.5237890000000001
0.521289
0.5231640000000001
0.5287890000000001
0.530039
0.532539
0.5344140000000001
0.535664
0.535039
0.5344140000000001
0.535039
0.5344140000000001
0.541914
0.5437890000000001
0.540664
0.541914
0.540039
0.5394140000000001
0.539375
0.5394140000000001
0.54125
0.54
0.536875
0.53875
0.5325
0.530039
0.524375
0.524375
0.520625
0.518125
0.51875
0.51875
0.520625
0.518125
0.5181640000000001
0.514414
0.5131640000000001
0.5075390000000001
0.5131640000000001
0.516914
0.515039
0.513789
0.516289
0.520664
0.5181640000000001
0.5181640000000001
0.515039
0.516914
0.5231640000000001
0.526914
0.525664
0.524414
0.529414
0.5381640000000001
0.546289
0.545664
0.547539
0.560664
0.561914
0.5600390000000001
0.556914
0.555664
0.556914
0.556289
0.553164
0.548164
0.546289
0.540664
0.545039
0.545664
0.546914
0.553164
0.555664
0.555664
0.550664
0.551289
0.5494140000000001
0.548164
0.543164
0.548164
0.537539
0.535664
0.535039
0.529414
0.525039
0.5225
0.520664
0.516875
0.5175
0.515
0.513125
0.509375
0.50375
0.501289
0.50125
0.4975
0.49378900000000003
0.49066400000000004
0.488125
0.48625
0.484414
0.48316400000000004
0.47816400000000003
0.479414
0.47253900000000004
0.47316400000000003
0.47191400000000006
0.468789
0.46691400000000005
0.46253900000000003
0.46253900000000003
0.460664
0.45878900000000006
0.45878900000000006
0.46253900000000003
0.466289
0.465664
0.46441400000000005
0.46191400000000005
0.460664
0.46003900000000003
0.45941400000000004
0.45691400000000004
0.452539
0.44941400000000004
0.448164
0.448164
0.44628900000000005
0.44691400000000003
0.447539
0.448164
0.44691400000000003
0.44441400000000003
0.44691400000000003
0.450664
0.45691400000000004
0.458164
0.468789
0.47441400000000006
0.47753900000000005
0.47816400000000003
0.48253900000000005
0.483789
0.48253900000000005
0.48316400000000004
0.481289
0.479414
0.47503900000000004
0.47316400000000003
0.47316400000000003
0.47253900000000004
0.473125
0.471289
0.46941400000000005
0.47316400000000003
0.48125
0.481914
0.4825
0.495
0.499375
0.5
0.500625
0.4975
0.496875
0.495039
0.495039
0.494414
0.495039
0.489414
0.486289
0.48503900000000005
0.481914
0.48003900000000005
0.478789
0.476289
0.47316400000000003
0.473789
0.47441400000000006
0.471289
0.46753900000000004
0.47566400000000003
0.47441400000000006
0.47503900000000004
0.471289
0.46941400000000005
0.46691400000000005
0.46441400000000005
0.463789
0.463164
0.46003900000000003
0.458164
0.45628900000000006
0.452539
0.450664
0.45128900000000005
0.45191400000000004
0.450664
0.450039
0.44691400000000003
0.445039
0.44316400000000006
0.44128900000000004
0.436914
0.437539
0.432539
0.43378900000000004
0.43128900000000003
0.429414
0.42753900000000006
0.42628900000000003
0.423789
0.42253900000000005
0.424414
0.42066400000000004
0.419414
0.421289
0.42066400000000004
0.421914
0.419414
0.419414
0.416875
0.41625
0.415625
0.41875
0.42125
0.430625
0.42503900000000006
0.43066400000000005
0.435
0.43316400000000005
0.430625
0.429414
0.43
0.43066400000000005
0.432539
0.43003900000000006
0.43066400000000005
0.42816400000000004
0.42566400000000004
0.423789
0.42316400000000004
0.42003900000000005
0.42003900000000005
0.416914
0.416289
0.41441400000000006
0.416914
0.423789
0.426914
0.432539
0.434414
0.431914
0.429414
0.42878900000000003
0.42816400000000004
0.42628900000000003
0.424414
0.42253900000000005
0.421914
0.42003900000000005
0.416914
0.41816400000000004
0.416289
0.41441400000000006
0.413789
0.41316400000000003
0.41003900000000004
0.40816399999999997
0.40816399999999997
0.405039
0.404414
0.413789
0.41441400000000006
0.41753900000000005
0.426914
0.429414
0.42753900000000006
0.43066400000000005
0.43316400000000005
0.43566400000000005
0.43566400000000005
0.43816400000000005
0.436914
0.43628900000000004
0.43316400000000005
0.43316400000000005
0.43316400000000005
0.431875
0.431914
0.429414
0.42875
0.426875
0.4275
0.425625
0.42316400000000004
0.42316400000000004
0.42
0.420625
0.42503900000000006
0.42503900000000006
0.43128900000000003
0.435039
0.436914
0.42816400000000004
0.434414
0.429414
0.43003900000000006
0.43003900000000006
0.42878900000000003
0.424414
0.42503900000000006
0.42253900000000005
0.42003900000000005
0.424414
0.423789
0.42566400000000004
0.42878900000000003
0.42566400000000004
0.423789
0.421914
0.42066400000000004
0.41816400000000004
0.416289
0.41441400000000006
0.41316400000000003
0.41066400000000003
0.41003900000000004
0.41066400000000003
0.405039
0.40066399999999996
0.40316399999999997
0.401289
0.399414
0.396289
0.395039
0.393789
0.390664
0.388789
0.386914
0.386289
0.384414
0.383164
0.381914
0.380664
0.378789
0.37691399999999997
0.375664
0.37441399999999997
0.373789
0.373125
0.370039
0.370664
0.368164
0.368164
0.366875
0.36441399999999996
0.365664
0.367539
0.370625
0.3675
0.36875
0.37191399999999997
0.36941399999999996
0.370625
0.369375
0.36941399999999996
0.36941399999999996
0.37
0.370039
0.371289
0.368164
0.362539
0.365664
0.366289
0.363164
0.36128899999999997
0.360039
0.35878899999999997
0.356914
0.355664
0.363164
0.362539
0.36128899999999997
0.363164
0.368164
0.36441399999999996
0.366289
0.366289
0.368164
0.373789
0.37691399999999997
0.375664
0.378164
0.378164
0.37691399999999997
0.38003899999999996
0.380664
0.381289
0.380664
0.380664
0.383789
0.393164
0.407539
0.41066400000000003
0.42816400000000004
0.452539
0.46503900000000004
0.465664
0.463164
0.46503900000000004
0.466289
0.46691400000000005
0.46753900000000004
0.46753900000000004
0.463789
0.45878900000000006
0.453164
0.45441400000000004
0.45128900000000005
0.44878900000000005
0.44941400000000004
0.45378900000000005
0.455
0.455664
0.46375
0.474375
0.47441400000000006
0.465
0.468125
0.47125
0.476875
0.473125
0.4725
0.475625
0.475
0.4725
0.470664
0.46941400000000005
0.46753900000000004
0.46191400000000005
0.45878900000000006
0.45441400000000004
0.45128900000000005
0.44691400000000003
0.44566400000000006
0.442539
0.44066400000000006
0.439414
0.44566400000000006
0.440039
0.445039
0.439414
0.43816400000000005
0.436914
0.435039
0.43378900000000004
0.431914
0.42878900000000003
0.42878900000000003
0.43066400000000005
0.42566400000000004
0.42628900000000003
0.42503900000000006
0.421914
0.421914
0.418789
0.416914
0.416914
0.419414
0.42003900000000005
0.423789
0.42316400000000004
0.421289
0.42316400000000004
0.419414
0.42253900000000005
0.41816400000000004
0.41816400000000004
0.416289
0.41566400000000003
0.41316400000000003
0.41191400000000006
0.41003900000000004
0.408789
0.407539
0.406914
0.406289
0.40625
0.40375
0.403125
0.404414
0.404414
0.405625
0.406875
0.4075
0.405
0.404375
0.4075
0.411875
0.41375
0.419375
0.426875
0.42816400000000004
0.42753900000000006
0.42753900000000006
0.42566400000000004
0.42878900000000003
0.429414
0.42753900000000006
0.42566400000000004
0.42566400000000004
0.423789
0.42253900000000005
0.42503900000000006
0.42628900000000003
0.432539
0.431914
0.42753900000000006
0.426914
0.42753900000000006
0.423789
0.426914
0.42566400000000004
0.423789
0.423789
0.423789
0.424414
0.421914
0.42316400000000004
0.42628900000000003
0.42878900000000003
0.43316400000000005
0.43066400000000005
0.434414
0.43378900000000004
0.43878900000000004
0.439414
0.44441400000000003
0.450664
0.452539
0.450664
0.460664
0.466289
0.46753900000000004
0.473789
0.47566400000000003
0.47441400000000006
0.47503900000000004
0.47753900000000005
0.48253900000000005
0.481914
0.48753900000000006
0.49128900000000003
0.49066400000000004
0.48625
0.485
0.48316400000000004
0.48253900000000005
0.481914
0.480625
0.478125
0.473789
0.474375
0.47
0.468125
0.465
0.463125
0.46191400000000005
0.46003900000000003
0.45941400000000004
0.45753900000000003
0.45753900000000003
0.45378900000000005
0.453164
0.450664
0.448164
0.44316400000000006
0.44691400000000003
0.44628900000000005
0.44566400000000006
0.450039
0.453164
0.455664
0.45753900000000003
0.45941400000000004
0.455039
0.45441400000000004
0.455039
0.455039
0.45378900000000005
0.45378900000000005
0.452539
0.450664
0.450039
0.450664
0.44378900000000004
0.448164
0.448164
0.44691400000000003
0.44691400000000003
0.44566400000000006
0.445039
0.44316400000000006
0.442539
0.44128900000000004
0.44128900000000004
0.43566400000000005
0.439414
0.437539
0.437539
0.43566400000000005
0.43566400000000005
0.435039
0.434414
0.434414
0.43566400000000005
0.434414
0.432539
0.43566400000000005
0.432539
0.431914
0.429414
0.43066400000000005
0.431875
0.431875
0.430625
0.429375
0.43
0.428125
0.42625
0.42625
0.423789
0.419375
0.4225
0.42316400000000004
0.42253900000000005
0.421914
0.421289
0.42066400000000004
0.42066400000000004
0.42253900000000005
0.41816400000000004
0.41816400000000004
0.41566400000000003
0.41566400000000003
0.416289
0.416289
0.419414
0.424414
0.42816400000000004
0.43003900000000006
0.42753900000000006
0.429414
0.42816400000000004
0.429414
0.429414
0.42628900000000003
0.42503900000000006
0.42316400000000004
0.42066400000000004
0.419414
0.421289
0.41816400000000004
0.416289
0.41566400000000003
0.41753900000000005
0.416289
0.413789
0.41253900000000004
0.411289
0.409414
0.409414
0.409414
0.407539
0.40816399999999997
0.405039
0.40316399999999997
0.402539
0.402539
0.402539
0.404414
0.41003900000000004
0.41191400000000006
0.41753900000000005
0.42253900000000005
0.423789
0.419414
0.421875
0.419414
0.42125
0.421875
0.42
0.41875
0.41625
0.414375
0.41375
0.406875
0.405625
0.406875
0.403789
0.40066399999999996
0.4
0.397539
0.39566399999999996
0.395039
0.39566399999999996
0.39566399999999996
0.393164
0.391289
0.390664
0.388164
0.386289
0.38253899999999996
0.385664
0.38753899999999997
0.39253899999999997
0.39253899999999997
0.393164
0.39003899999999997
0.38753899999999997
0.388789
0.383789
0.384414
0.383164
0.380664
0.377539
0.377539
0.378164
0.378789
0.38253899999999996
0.385664
0.385664
0.381289
0.381289
0.38003899999999996
0.379414
0.378789
0.381289
0.386914
0.385664
0.388164
0.388164
0.393789
0.39003899999999997
0.39003899999999997
0.390664
0.390664
0.388789
0.386289
0.384414
0.38753899999999997
0.390664
0.39003899999999997
0.3975
0.400625
0.401914
0.396875
0.396875
0.396875
0.395625
0.393125
0.39125
0.388125
0.38375
0.388789
0.375664
0.3725
0.372539
0.373164
0.378164
0.376875
0.379414
0.377539
0.38003899999999996
0.381914
0.390664
0.39253899999999997
0.391289
0.390664
0.38753899999999997
0.393789
0.393789
0.391914
0.39253899999999997
0.395039
0.393789
0.397539
0.395039
0.393164
0.39003899999999997
0.388164
0.38753899999999997
0.383789
0.381289
0.378789
0.37691399999999997
0.375664
0.37191399999999997
0.370664
0.36941399999999996
0.368789
0.363164
0.36128899999999997
0.360039
0.35628899999999997
0.352539
0.349414
0.350039
0.346289
0.349414
0.349414
0.353164
0.352539
0.35628899999999997
0.35628899999999997
0.352539
0.350664
0.348164
0.349414
0.344414
0.344414
0.34
0.338789
0.33625
0.334375
0.334375
0.333125
0.332539
0.330664
0.329375
0.326875
0.325
0.321875
0.319375
0.318789
0.318164
0.3175
0.316289
0.31441399999999997
0.313789
0.31191399999999997
0.311289
0.306289
0.310039
0.30691399999999996
0.305039
0.305039
0.310039
0.313789
0.315664
0.315039
0.315664
0.316289
0.31441399999999997
0.316914
0.315039
0.31191399999999997
0.310664
0.308164
0.307539
0.306289
0.308164
0.307539
0.310039
0.308789
0.300664
0.307539
0.305664
0.310664
0.30441399999999996
0.303164
0.302539
0.303164
0.303789
0.302539
0.300664
0.301289
0.299414
0.299414
0.300039
0.300664
0.301289
0.302539
0.300664
0.303164
0.305039
0.305664
0.30441399999999996
0.3075
0.306875
0.310039
0.3125
0.31875
0.319375
0.318164
0.31625
0.31625
0.318164
0.31375
0.31375
0.315039
0.31441399999999997
0.315664
0.315664
0.316289
0.316289
0.315664
0.313789
0.315039
0.311289
0.306289
0.308789
0.307539
0.315039
0.315664
0.31441399999999997
0.318164
0.318789
0.32503899999999997
0.330664
0.331289
0.330664
0.328789
0.32753899999999997
0.326914
0.326914
0.326914
0.333789
0.336914
0.33816399999999996
0.34316399999999997
0.348164
0.349414
0.34878899999999996
0.35628899999999997
0.356914
0.357539
0.363164
0.367539
0.367539
0.372539
0.378789
0.379414
0.384414
0.388164
0.38753899999999997
0.385664
0.386914
0.386289
0.386289
0.386289
0.385664
0.38253899999999996
0.38253899999999996
0.37875
0.372539
0.37375
0.371875
0.37625
0.37125
0.369375
0.3675
0.365664
0.3625
0.365625
0.368125
0.363125
0.368125
0.372539
0.375625
0.372539
0.37691399999999997
0.379414
0.38003899999999996
0.377539
0.379414
0.380664
0.378789
0.373789
0.373164
0.38003899999999996
0.378789
0.378789
0.379414
0.381914
0.386914
0.388164
0.38753899999999997
0.38503899999999996
0.388789
0.386289
0.38253899999999996
0.381914
0.381289
0.379414
0.377539
0.375664
0.375039
0.37441399999999997
0.371289
0.375039
0.368789
0.36691399999999996
0.361914
0.362539
0.360664
0.359414
0.357539
0.356914
0.355664
0.353164
0.34566399999999997
0.350664
0.350664
0.346914
0.34878899999999996
0.346289
0.34566399999999997
0.344414
0.34316399999999997
0.34316399999999997
0.342539
0.341289
0.33875
0.338789
0.341875
0.348125
0.350625
0.353164
0.36
0.365
0.365625
0.363789
0.362539
0.363789
0.361875
0.365
0.363164
0.3625
0.360664
0.360664
0.360039
0.359414
0.359414
0.354414
0.357539
0.35878899999999997
0.361914
0.36441399999999996
0.367539
0.367539
0.368164
0.373164
0.375664
0.378164
0.38003899999999996
0.385664
0.38003899999999996
0.38253899999999996
0.38503899999999996
0.379414
0.377539
0.377539
0.375664
0.375039
0.376289
0.373164
0.372539
0.37191399999999997
0.368789
0.368164
0.370039
0.368789
0.365039
0.365664
0.36441399999999996
0.362539
0.362539
0.363789
0.360664
0.36691399999999996
0.367539
0.368789
0.372539
0.378789
0.381914
0.381914
0.381914
0.383164
0.389414
0.399375
0.4
0.40625
0.41003900000000004
0.41191400000000006
0.411289
0.410625
0.408125
0.40625
0.405625
0.403125
0.4025
0.4025
0.4025
0.399414
0.40066399999999996
0.39816399999999996
0.396914
0.396289
0.393164
0.393164
0.39003899999999997
0.389414
0.39003899999999997
0.39253899999999997
0.40066399999999996
0.396289
0.394414
0.393164
0.39253899999999997
0.39253899999999997
0.390664
0.39003899999999997
0.388789
0.38503899999999996
0.384414
0.383164
0.38003899999999996
0.378789
0.383164
0.390664
0.391914
0.396914
0.406289
0.408789
0.413789
0.41003900000000004
0.41003900000000004
0.41191400000000006
0.41191400000000006
0.41191400000000006
0.411289
0.41253900000000004
0.41066400000000003
0.41066400000000003
0.40816399999999997
0.41191400000000006
0.40816399999999997
0.406914
0.40566399999999997
0.402539
0.40066399999999996
0.398789
0.397539
0.396875
0.395039
0.390664
0.385664
0.38753899999999997
0.386289
0.383125
0.384375
0.3825
0.38125
0.38125
0.38
0.378125
0.376289
0.375625
0.37625
0.37625
0.373789
0.375039
0.373164
0.372539
0.370664
0.36941399999999996
0.368164
0.367539
0.368164
0.372539
0.376289
0.378164
0.37691399999999997
0.376289
0.375664
0.375039
0.375039
0.373789
0.37441399999999997
0.368789
0.36941399999999996
0.368164
0.366289
0.365664
0.36441399999999996
0.36441399999999996
0.363789
0.362539
0.361914
0.363164
0.36128899999999997
0.368164
0.358164
0.35878899999999997
0.35378899999999996
0.355664
0.355039
0.354414
0.353164
0.352539
0.35378899999999996
0.350039
0.350039
0.34878899999999996
0.346289
0.347539
0.34878899999999996
0.348164
0.346289
0.34566399999999997
0.344414
0.343789
0.343789
0.343125
0.339414
0.341875
0.339375
0.339375
0.33875
0.33625
0.335625
0.334375
0.3325
0.331875
0.331875
0.33003899999999997
0.332539
0.331914
0.329414
0.328789
0.328164
0.32753899999999997
0.326914
0.326289
0.32503899999999997
0.324414
0.331914
0.335039
0.338789
0.336289
0.336289
0.336914
0.336289
0.336289
0.335039
0.336289
0.332539
0.32503899999999997
0.328789
0.326289
0.32253899999999996
0.32503899999999997
0.324414
0.323789
0.323789
0.323164
0.32253899999999996
0.321914
0.320664
0.318164
0.316289
0.315664
0.315664
0.312539
0.311289
0.310664
0.30941399999999997
0.307539
0.308789
0.30191399999999996
0.303164
0.30191399999999996
0.301289
0.30191399999999996
0.300664
0.299414
0.299414
0.29878899999999997
0.298125
0.297539
0.293125
0.295625
0.295625
0.29628899999999997
0.293125
0.29
0.29
0.2875
0.288125
0.288164
0.2875
0.28375
0.293164
0.285
0.282539
0.28316399999999997
0.28316399999999997
0.281914
0.282539
0.281289
0.28066399999999997
0.281289
0.281289
0.285664
0.290039
0.29128899999999996
0.288164
0.290039
0.290664
0.29628899999999997
0.30191399999999996
0.302539
0.30191399999999996
0.303164
0.30441399999999996
0.303789
0.303789
0.30441399999999996
0.30691399999999996
0.308789
0.308164
0.30691399999999996
0.308164
0.308789
0.310664
0.305664
0.302539
0.303164
0.30191399999999996
0.305039
0.303164
0.303789
0.303164
0.300039
0.297539
0.297539
0.29378899999999997
0.299414
0.292539
0.292539
0.29628899999999997
0.288164
0.28628899999999996
0.285664
0.282539
0.282539
0.28375
0.279375
0.28
0.2775
0.273125
0.2725
0.27125
0.269414
0.266914
0.265664
0.26503899999999997
0.26125
0.2625
0.2625
0.26003899999999996
0.259414
0.256289
0.255664
0.254414
0.253164
0.251289
0.24878899999999998
0.246914
0.253789
0.256289
0.25753899999999996
0.258164
0.258164
0.26003899999999996
0.26003899999999996
0.256289
0.253789
0.253164
0.25191399999999997
0.252539
0.250039
0.24878899999999998
0.24753899999999998
0.24378899999999998
0.245664
0.243164
0.243164
0.24128899999999998
0.24128899999999998
0.23878899999999997
0.240664
0.23566399999999998
0.237539
0.244414
0.24753899999999998
0.250039
0.25753899999999996
0.259414
0.260664
0.263789
0.269414
0.269414
0.271289
0.27316399999999996
0.271914
0.27066399999999996
0.27066399999999996
0.268164
0.268789
0.274414
0.273125
0.276875
0.281875
0.2825
0.27625
0.279375
0.275
0.27625
0.28125
0.285039
0.285039
0.286875
0.29128899999999996
0.291875
0.293164
0.293164
0.295039
0.298125
0.295664
0.300039
0.303164
0.303789
0.30191399999999996
0.300039
0.30191399999999996
0.305039
0.303789
0.30691399999999996
0.298164
0.29878899999999997
0.292539
0.29378899999999997
0.290664
0.28878899999999996
0.28628899999999996
0.285039
0.28316399999999997
0.281289
0.27816399999999997
0.275039
0.272539
0.272539
0.271289
0.268164
0.26753899999999997
0.266914
0.265664
0.265664
0.268789
0.272539
0.271289
0.276914
0.28066399999999997
0.27816399999999997
0.28066399999999997
0.285664
0.287539
0.291914
0.296914
0.299414
0.295664
0.293164
0.29378899999999997
0.291914
0.292539
0.293164
0.29378899999999997
0.292539
0.2925
0.290664
0.29125
0.288125
0.28625
0.28625
0.285039
0.280039
0.28316399999999997
0.28
0.27875
0.276914
0.274414
0.275625
0.273125
0.269375
0.272539
0.27316399999999996
0.276914
0.27066399999999996
0.270039
0.269414
0.270039
0.272539
0.275039
0.280039
0.281914
0.286914
0.291914
0.294414
0.300664
0.303789
0.30441399999999996
0.30441399999999996
0.30441399999999996
0.305664
0.30691399999999996
0.307539
0.30691399999999996
0.305664
0.305039
0.30441399999999996
0.306289
0.303789
0.303789
0.30441399999999996
0.305664
0.303789
0.300664
0.297539
0.299414
0.297539
0.30191399999999996
0.300039
0.299414
0.299414
0.29878899999999997
0.29878899999999997
0.30191399999999996
0.29878899999999997
0.29378899999999997
0.296914
0.297539
0.295664
0.295664
0.295039
0.295664
0.295625
0.295625
0.29625
0.295039
0.296875
0.296875
0.296875
0.296914
0.295625
0.294375
0.294414
0.29375
0.291875
0.291875
0.29375
0.289414
0.294414
0.294414
0.293164
0.295664
0.29628899999999997
0.295664
0.29628899999999997
0.302539
0.305039
0.31191399999999997
0.308789
0.308789
0.312539
0.31191399999999997
0.315039
0.31441399999999997
0.313789
0.313164
0.316289
0.31441399999999997
0.313789
0.310039
0.315039
0.307539
0.311289
0.308164
0.308789
0.308164
0.308789
0.310039
0.310039
0.310039
0.308164
0.30941399999999997
0.31441399999999997
0.318164
0.321914
0.330664
0.331914
0.337539
0.340039
0.341914
0.341914
0.341914
0.347539
0.34878899999999996
0.350664
0.350664
0.350664
0.350039
0.35
0.351914
0.356914
0.359375
0.360625
0.365
0.368164
0.365039
0.3625
0.363125
0.361875
0.36125
0.36
0.356875
0.354375
0.35625
0.35375
0.353164
0.352539
0.35128899999999996
0.347539
0.34878899999999996
0.346914
0.346289
0.350039
0.353164
0.358164
0.355664
0.34878899999999996
0.351914
0.353164
0.347539
0.350039
0.353164
0.358164
0.35878899999999997
0.365664
0.370039
0.370039
0.367539
0.365664
0.36441399999999996
0.365039
0.365664
0.363789
0.36441399999999996
0.363789
0.36128899999999997
0.360039
0.359414
0.354414
0.355664
0.355664
0.353164
0.350039
0.349414
0.350664
0.355664
0.356914
0.360664
0.366289
0.367539
0.368164
0.365664
0.362539
0.360039
0.363789
0.363164
0.36125
0.36
0.358164
0.35875
0.355
0.348164
0.35125
0.35
0.3525
0.345
0.3425
0.340625
0.337539
0.336875
0.33625
0.335625
0.334375
0.330625
0.329414
0.326914
0.32753899999999997
0.328164
0.329414
0.332539
0.336914
0.338789
0.337539
0.330664
0.336914
0.334414
0.33316399999999996
0.331914
0.33003899999999997
0.33003899999999997
0.326289
0.32753899999999997
0.326289
0.326289
0.32003899999999996
0.319414
0.319414
0.321914
0.319414
0.318164
0.319414
0.31753899999999996
0.316289
0.315664
0.315039
0.311289
0.315664
0.310664
0.308164
0.31191399999999997
0.306289
0.307539
0.306289
0.306289
0.305664
0.30691399999999996
0.305039
0.303164
0.303164
0.301289
0.301289
0.30441399999999996
0.30441399999999996
0.303789
0.303164
0.3025
0.303164
0.31
0.313789
0.314375
0.323125
0.32375
0.3225
0.319375
0.3175
0.3175
0.319375
0.3225
0.320625
0.318789
0.316289
0.315039
0.318789
0.316289
0.318789
0.32753899999999997
0.330664
0.338789
0.34316399999999997
0.344414
0.34316399999999997
0.347539
0.34878899999999996
0.353164
0.356914
0.358164
0.355039
0.35628899999999997
0.359414
0.361914
0.361914
0.360039
0.363789
0.360664
0.35878899999999997
0.35378899999999996
0.355664
0.355039
0.35378899999999996
0.353164
0.355664
0.361914
0.361914
0.368789
0.37441399999999997
0.378164
0.375664
0.373789
0.373164
0.373164
0.375664
0.37191399999999997
0.370039
0.368164
0.361914
0.363164
0.362539
0.36128899999999997
0.359414
0.359414
0.363789
0.363125
0.368125
0.37375
0.37375
0.36875
0.36875
0.364375
0.3625
0.359375
0.35625
0.355
0.353125
0.353125
0.353164
0.352539
0.350039
0.358164
0.34878899999999996
0.346289
0.34878899999999996
0.346289
0.34878899999999996
0.353164
0.353164
0.355039
0.36128899999999997
0.360039
0.36441399999999996
0.363164
0.362539
0.363789
0.367539
0.37191399999999997
0.370664
0.376289
0.380664
0.379414
0.38253899999999996
0.38003899999999996
0.38253899999999996
0.383789
0.38003899999999996
0.376289
0.376289
0.376289
0.375664
0.373164
0.372539
0.36941399999999996
0.363164
0.368789
0.37441399999999997
0.375664
0.38003899999999996
0.386289
0.386289
0.388789
0.389414
0.389414
0.393789
0.393164
0.398789
0.389414
0.388164
0.393164
0.388164
0.388125
0.38625
0.384375
0.38375
0.384375
0.38125
0.379414
0.37625
0.3725
0.368789
0.37191399999999997
0.370625
0.368164
0.367539
0.366875
0.365039
0.36441399999999996
0.365664
0.362539
0.359414
0.358164
0.362539
0.366289
0.370039
0.372539
0.37191399999999997
0.371289
0.372539
0.371289
0.370664
0.368164
0.36941399999999996
0.368164
0.365039
0.36441399999999996
0.365039
0.363164
0.360664
0.36128899999999997
0.360039
0.35628899999999997
0.363164
0.365664
0.368789
0.372539
0.37691399999999997
0.378164
0.37691399999999997
0.375039
0.378164
0.375039
0.37691399999999997
0.37441399999999997
0.375039
0.37191399999999997
0.372539
0.372539
0.371289
0.371289
0.370664
0.370039
0.370039
0.370039
0.368164
0.368164
0.367539
0.36691399999999996
0.36625
0.366875
0.36625
0.365
0.365039
0.365664
0.359375
0.361875
0.361875
0.359375
0.35875
0.358125
0.3575
0.358125
0.358164
0.36
0.363164
0.36128899999999997
0.36128899999999997
0.365039
0.36128899999999997
0.370039
0.37191399999999997
0.376289
0.379414
0.380664
0.380664
0.381289
0.380664
0.383789
0.384414
0.381914
0.386289
0.38003899999999996
0.378789
0.378164
0.376289
0.373789
0.37441399999999997
0.375039
0.376289
0.376289
0.376289
0.377539
0.377539
0.376289
0.37691399999999997
0.373164
0.372539
0.37191399999999997
0.372539
0.368789
0.372539
0.368164
0.370664
0.37191399999999997
0.371289
0.370664
0.36941399999999996
0.368164
0.366289
0.367539
0.363164
0.36128899999999997
0.362539
0.360664
0.361914
0.360664
0.360664
0.359375
0.35875
0.358125
0.359375
0.35628899999999997
0.357539
0.353164
0.35128899999999996
0.3525
0.34875
0.348125
0.34878899999999996
0.348164
0.34878899999999996
0.350664
0.34878899999999996
0.35128899999999996
0.35878899999999997
0.360664
0.367539
0.366289
0.367539
0.368789
0.37191399999999997
0.372539
0.371289
0.371289
0.373789
0.370039
0.37191399999999997
0.371289
0.370039
0.370039
0.368789
0.36691399999999996
0.365664
0.365664
0.363789
0.362539
0.361914
0.360664
0.359414
0.355664
0.355664
0.353164
0.35128899999999996
0.34878899999999996
0.346914
0.346914
0.34316399999999997
0.33816399999999996
0.34066399999999997
0.341289
0.33816399999999996
0.341914
0.341914
0.339414
0.337539
0.335039
0.336289
0.331914
0.33003899999999997
0.328164
0.328789
0.32503899999999997
0.324414
0.323164
0.321875
0.323125
0.32
0.319375
0.3175
0.31875
0.31753899999999996
0.315664
0.314375
0.312539
0.310625
0.310664
0.308164
0.30691399999999996
0.306289
0.305039
0.300039
0.30441399999999996
0.306289
0.307539
0.313789
0.316289
0.316289
0.313789
0.313164
0.313164
0.313164
0.310039
0.310664
0.310039
0.305664
0.303789
0.301289
0.300664
0.300039
0.29628899999999997
0.295039
0.29378899999999997
0.291914
0.285664
0.290039
0.289414
0.29628899999999997
0.29378899999999997
0.294414
0.297539
0.29878899999999997
0.29878899999999997
0.298164
0.295664
0.29378899999999997
0.290664
0.290039
0.290039
0.28878899999999996
0.286914
0.285664
0.283789
0.28316399999999997
0.282539
0.281914
0.27816399999999997
0.276914
0.272539
0.278125
0.28316399999999997
0.289414
0.2925
0.304375
0.313789
0.31625
0.314375
0.310625
0.313164
0.310625
0.308125
0.308789
0.307539
0.307539
0.30441399999999996
0.302539
0.299414
0.299414
0.29378899999999997
0.295039
0.300039
0.297539
0.297539
0.298164
0.295664
0.294414
0.291914
0.290664
0.290039
0.28628899999999996
0.286914
0.28316399999999997
0.281914
0.27816399999999997
0.276289
0.273789
0.271914
0.268789
0.266914
0.264414
0.264414
0.263164
0.259414
0.261914
0.256289
0.258164
0.255664
0.253164
0.252539
0.250039
0.248164
0.24628899999999998
0.245664
0.24628899999999998
0.24628899999999998
0.244414
0.241914
0.24003899999999997
0.239414
0.237539
0.237539
0.237539
0.23691399999999999
0.23441399999999998
0.230039
0.232539
0.22941399999999998
0.22625
0.229375
0.22941399999999998
0.228789
0.228789
0.226289
0.226875
0.22375
0.21503899999999998
0.220664
0.220625
0.213125
0.216875
0.21625
0.218164
0.216875
0.215664
0.215664
0.214414
0.21503899999999998
0.218164
0.22316399999999997
0.22691399999999998
0.22691399999999998
0.226289
0.22691399999999998
0.22691399999999998
0.22566399999999998
0.22441399999999997
0.225039
0.21753899999999998
0.221914
0.219414
0.218164
0.218164
0.21878899999999998
0.216914
0.215664
0.214414
0.21378899999999998
0.21503899999999998
0.211914
0.21628899999999998
0.21253899999999998
0.21378899999999998
0.21128899999999998
0.210664
0.209414
0.20878899999999997
0.208164
0.20878899999999997
0.208164
0.205039
0.20128900000000002
0.204414
0.203789
0.209414
0.20566399999999999
0.204414
0.203789
0.203164
0.201914
0.202539
0.20128900000000002
0.20003900000000002
0.19875
0.199414
0.199414
0.2
0.199375
0.2
0.2
0.19875
0.198125
0.198125
0.19875
0.194375
0.195625
0.19503900000000002
0.193125
0.19375
0.19378900000000002
0.19375
0.19375
0.193164
0.19378900000000002
0.193164
0.20003900000000002
0.204414
0.206914
0.20566399999999999
0.205039
0.20753899999999997
0.20566399999999999
0.205039
0.203164
0.205039
0.203164
0.201914
0.198164
0.198164
0.200664
0.199414
0.199414
0.199414
0.19753900000000002
0.19753900000000002
0.19878900000000002
0.19628900000000002
0.19753900000000002
0.19753900000000002
0.195664
0.191914
0.19378900000000002
0.194414
0.19128900000000001
0.190664
0.190039
0.188789
0.188789
0.188789
0.185039
0.188789
0.18566400000000002
0.18441400000000002
0.18566400000000002
0.18441400000000002
0.18441400000000002
0.182539
0.18191400000000002
0.18316400000000002
0.181289
0.181289
0.18316400000000002
0.181289
0.180625
0.177539
0.17875
0.17816400000000002
0.178125
0.178125
0.178125
0.175039
0.178789
0.1725
0.17
0.172539
0.171914
0.173125
0.173789
0.174375
0.175039
0.17691400000000002
0.180039
0.18316400000000002
0.188789
0.186289
0.186289
0.187539
0.188164
0.188789
0.190039
0.19253900000000002
0.195664
0.19628900000000002
0.200664
0.202539
0.202539
0.203789
0.201914
0.200664
0.199414
0.199414
0.199414
0.199414
0.198164
0.19128900000000001
0.19628900000000002
0.19378900000000002
0.19378900000000002
0.194414
0.193164
0.191914
0.19128900000000001
0.188789
0.187539
0.187539
0.18316400000000002
0.186914
0.183789
0.18316400000000002
0.18066400000000002
0.17941400000000002
0.178789
0.177539
0.176289
0.17691400000000002
0.17566400000000001
0.172539
0.17691400000000002
0.170625
0.17003900000000002
0.168125
0.168125
0.17
0.17
0.16875
0.1675
0.1675
0.164375
0.165
0.163125
0.159414
0.16
0.159375
0.15875
0.16003900000000001
0.159375
0.158164
0.158164
0.16378900000000002
0.168164
0.168164
0.169414
0.168164
0.169414
0.169414
0.169414
0.168164
0.166914
0.165664
0.168164
0.16503900000000002
0.165664
0.164414
0.161914
0.161914
0.161914
0.16128900000000002
0.159414
0.158789
0.157539
0.159414
0.157539
0.161914
0.157539
0.159414
0.155039
0.15441400000000002
0.15316400000000002
0.15316400000000002
0.15191400000000002
0.151289
0.152539
0.14941400000000002
0.15066400000000002
0.14941400000000002
0.14816400000000002
0.147539
0.148789
0.148789
0.14816400000000002
0.155039
0.16003900000000001
0.161914
0.168164
0.175039
0.175039
0.175
0.173164
0.17375
0.175
0.175
0.174375
0.173789
0.173164
0.174375
0.173125
0.177539
0.18125
0.181875
0.188164
0.19125
0.19128900000000001
0.190039
0.188789
0.193164
0.196914
0.19753900000000002
0.199414
0.198164
0.19628900000000002
0.19503900000000002
0.195664
0.19378900000000002
0.19253900000000002
0.190664
0.188789
0.190039
0.186914
0.17816400000000002
0.18316400000000002
0.18566400000000002
0.18316400000000002
0.183789
0.18191400000000002
0.181289
0.181289
0.18066400000000002
0.18066400000000002
0.18066400000000002
0.18066400000000002
0.17941400000000002
0.17816400000000002
0.17691400000000002
0.17566400000000001
0.173164
0.173164
0.174414
0.173164
0.175039
0.17691400000000002
0.171289
0.173789
0.170664
0.171914
0.174414
0.174414
0.173789
0.173164
0.172539
0.172539
0.173164
0.16875
0.16875
0.17
0.17
0.17125
0.170625
0.17
0.169414
0.17
0.171875
0.173164
0.17691400000000002
0.180625
0.18125
0.188125
0.191875
0.191875
0.19128900000000001
0.193164
0.193164
0.200664
0.203789
0.203164
0.205039
0.208164
0.21378899999999998
0.21253899999999998
0.214414
0.215664
0.215664
0.215664
0.215664
0.215664
0.21503899999999998
0.215664
0.211914
0.210664
0.210664
0.21003899999999998
0.206914
0.206289
0.206289
0.206289
0.205039
0.20566399999999999
0.203789
0.202539
0.201914
0.19878900000000002
0.20003900000000002
0.19878900000000002
0.198164
0.198164
0.196914
0.19503900000000002
0.19753900000000002
0.19503900000000002
0.19628900000000002
0.19503900000000002
0.196914
0.190664
0.19378900000000002
0.194414
0.196914
0.19628900000000002
0.196875
0.200664
0.198164
0.20003900000000002
0.1975
0.19628900000000002
0.1975
0.19875
0.2
0.198125
0.199375
0.198125
0.19878900000000002
0.201875
0.204414
0.204375
0.209414
0.214375
0.21878899999999998
0.219414
0.218164
0.22003899999999998
0.22691399999999998
0.22941399999999998
0.231289
0.22941399999999998
0.228789
0.227539
0.228789
0.23066399999999998
0.22941399999999998
0.227539
0.22566399999999998
0.22566399999999998
0.226289
0.22691399999999998
0.22316399999999997
0.22691399999999998
0.22003899999999998
0.22316399999999997
0.215664
0.218164
0.216914
0.21753899999999998
0.218164
0.21753899999999998
0.219414
0.216914
0.21128899999999998
0.21628899999999998
0.21628899999999998
0.22316399999999997
0.22316399999999997
0.222539
0.226289
0.231289
0.235039
0.236289
0.235039
0.236289
0.237539
0.237539
0.238164
0.236289
0.236289
0.23566399999999998
0.23566399999999998
0.23566399999999998
0.23566399999999998
0.236289
0.23191399999999998
0.23625
0.23125
0.23441399999999998
0.235039
0.235625
0.235625
0.236875
0.235625
0.236289
0.2375
0.233789
0.233789
0.23691399999999999
0.23691399999999999
0.234375
0.23441399999999998
0.233789
0.236289
0.24003899999999997
0.245664
0.24878899999999998
0.24628899999999998
0.24753899999999998
0.244414
0.24628899999999998
0.243164
0.245664
0.24503899999999998
0.24503899999999998
0.24503899999999998
0.24503899999999998
0.24503899999999998
0.243164
0.24253899999999998
0.24253899999999998
0.241914
0.23878899999999997
0.238164
0.239414
0.238164
0.24128899999999998
0.249414
0.251289
0.256289
0.26753899999999997
0.268789
0.270039
0.266289
0.264414
0.26503899999999997
0.264414
0.264414
0.263789
0.263164
0.263164
0.26253899999999997
0.263789
0.268164
0.268164
0.273789
0.276914
0.28066399999999997
0.28066399999999997
0.279414
0.27875
0.281289
0.279414
0.275039
0.27816399999999997
0.276914
0.276875
0.276914
0.27566399999999996
0.273789
0.271914
0.27
0.27066399999999996
0.26625
0.256914
0.263789
0.263789
0.258789
0.261914
0.260664
0.264414
0.26753899999999997
0.271914
0.271914
0.271289
0.27066399999999996
0.268789
0.26753899999999997
0.26753899999999997
0.265664
0.266289
0.26503899999999997
0.263789
0.261914
0.260664
0.261289
0.25753899999999996
0.25753899999999996
0.260664
0.258789
0.259414
0.258789
0.258789
0.26003899999999996
0.26003899999999996
0.26003899999999996
0.260664
0.258789
0.261289
0.256289
0.254414
0.253164
0.253164
0.253164
0.254414
0.254414
0.25503899999999996
0.258164
0.255664
0.24753899999999998
0.253789
0.254414
0.251289
0.25191399999999997
0.249414
0.250664
0.250039
0.250039
0.249414
0.248164
0.2475
0.24628899999999998
0.248164
0.250039
0.24875
0.24878899999999998
0.248125
0.246914
0.24625
0.244375
0.24375
0.241875
0.241875
0.243125
0.244375
0.241914
0.243164
0.248164
0.251289
0.25503899999999996
0.253789
0.25503899999999996
0.249414
0.250664
0.252539
0.251289
0.253164
0.249414
0.249414
0.24878899999999998
0.24878899999999998
0.248164
0.24878899999999998
0.24503899999999998
0.25191399999999997
0.24378899999999998
0.24253899999999998
0.240664
0.24128899999999998
0.240664
0.24003899999999997
0.24003899999999997
0.24003899999999997
0.24128899999999998
0.24003899999999997
0.237539
0.23691399999999999
0.233789
0.23441399999999998
0.23566399999999998
0.23191399999999998
0.23316399999999998
0.232539
0.23316399999999998
0.232539
0.233789
0.233789
0.230039
0.23316399999999998
0.228789
0.22816399999999998
0.22816399999999998
0.227539
0.227539
0.22691399999999998
0.227539
0.227539
0.228125
0.22691399999999998
0.22625
0.228125
0.22691399999999998
0.224375
0.225
0.22375
0.223125
0.22
0.22125
0.21878899999999998
0.22375
0.218125
0.21625
0.22003899999999998
0.22128899999999999
0.22441399999999997
0.230039
0.23316399999999998
0.23066399999999998
0.23191399999999998
0.22941399999999998
0.22441399999999997
0.228789
0.22816399999999998
0.22816399999999998
0.227539
0.226289
0.22566399999999998
0.22441399999999997
0.22441399999999997
0.222539
0.220664
0.22128899999999999
0.219414
0.21878899999999998
0.218164
0.215664
0.216914
0.21628899999999998
0.21628899999999998
0.21503899999999998
0.21503899999999998
0.21628899999999998
0.21003899999999998
0.211914
0.210664
0.209414
0.21003899999999998
0.20878899999999997
0.20753899999999997
0.20566399999999999
0.205039
0.20566399999999999
0.206289
0.203789
0.20753899999999997
0.203789
0.202539
0.203164
0.201914
0.20003900000000002
0.200664
0.20003900000000002
0.200664
0.20003900000000002
0.196875
0.196914
0.195
0.195625
0.19875
0.194375
0.193125
0.191875
0.190625
0.18875
0.188125
0.18625
0.1875
0.18566400000000002
0.18441400000000002
0.188789
0.189414
0.19253900000000002
0.196914
0.19753900000000002
0.196914
0.195664
0.19628900000000002
0.191914
0.19503900000000002
0.19503900000000002
0.194414
0.19253900000000002
0.19128900000000001
0.19128900000000001
0.189414
0.187539
0.187539
0.189414
0.182539
0.181289
0.18316400000000002
0.17816400000000002
0.182539
0.18066400000000002
0.18066400000000002
0.180039
0.17941400000000002
0.178789
0.17941400000000002
0.17691400000000002
0.18316400000000002
0.173789
0.173164
0.168164
0.171289
0.171289
0.17003900000000002
0.17003900000000002
0.17003900000000002
0.171289
0.16878900000000002
0.165664
0.166914
0.164414
0.16503900000000002
0.16753900000000002
0.16753900000000002
0.16628900000000002
0.166914
0.16625
0.16503900000000002
0.16625
0.16625
0.163125
0.166875
0.161875
0.1625
0.16125
0.160625
0.159375
0.1575
0.15625
0.156914
0.156875
0.15375
0.156289
0.153789
0.16128900000000002
0.163164
0.166914
0.166914
0.16628900000000002
0.165664
0.16753900000000002
0.16503900000000002
0.16503900000000002
0.16128900000000002
0.163164
0.16378900000000002
0.160664
0.159414
0.157539
0.156289
0.155039
0.156289
0.15316400000000002
0.15191400000000002
0.15066400000000002
0.15066400000000002
0.150039
0.148789
0.148789
0.14816400000000002
0.14816400000000002
0.14816400000000002
0.14816400000000002
0.14691400000000002
0.14691400000000002
0.14441400000000001
0.143164
0.141289
0.141914
0.140664
0.140039
0.140039
0.13878900000000002
0.138164
0.13878900000000002
0.13253900000000002
0.13503900000000002
0.134414
0.13378900000000002
0.13503900000000002
0.135664
0.134414
0.13378900000000002
0.133125
0.133125
0.134375
0.13
0.13125
0.1325
0.131875
0.128125
0.13
0.1275
0.1275
0.125625
0.126875
0.126289
0.124375
0.1275
0.12378900000000001
0.128164
0.134414
0.136914
0.13878900000000002
0.13878900000000002
0.139414
0.13878900000000002
0.13878900000000002
0.13628900000000002
0.13628900000000002
0.134414
0.133164
0.13378900000000002
0.13378900000000002
0.133164
0.13128900000000002
0.130664
0.129414
0.12878900000000001
0.129414
0.127539
0.126289
0.126289
0.126914
0.125039
0.125039
0.12441400000000001
0.12441400000000001
0.12441400000000001
0.12378900000000001
0.125039
0.118789
0.116914
0.118789
0.116289
0.119414
0.117539
0.117539
0.117539
0.116914
0.116289
0.118789
