0.106875
0.10625
0.10503900000000001
0.10753900000000001
0.1075
0.1075
0.106875
0.10753900000000001
0.10691400000000001
0.10753900000000001
0.10503900000000001
0.10753900000000001
0.10503900000000001
0.101914
0.10566400000000001
0.104414
0.10503900000000001
0.103789
0.103164
0.103789
0.104414
0.101914
0.095039
0.101289
0.101914
0.100664
0.101914
0.100039
0.100039
0.100664
0.100664
0.101289
0.102539
0.101289
0.101914
0.103164
0.101914
0.100664
0.100664
0.100664
0.100664
0.100039
0.100664
0.100664
0.099414
0.098789
0.101289
0.099414
0.099414
0.098164
0.098164
0.101914
0.10566400000000001
0.11066400000000001
0.115
0.10941400000000001
0.1125
0.11375
0.11378900000000002
0.11375
0.11503900000000002
0.115
0.113125
0.11253900000000001
0.111875
0.11191400000000001
0.10941400000000001
0.117539
0.10691400000000001
0.10816400000000001
0.106875
0.109375
0.10816400000000001
0.10816400000000001
0.1075
0.10816400000000001
0.10941400000000001
0.10753900000000001
0.10691400000000001
0.10566400000000001
0.103164
0.103789
0.10503900000000001
0.104414
0.103789
0.103789
0.103789
0.103164
0.103164
0.104414
0.101289
0.10503900000000001
0.101914
0.101289
0.100039
0.098789
0.100664
0.100039
0.100039
0.101914
0.102539
0.103789
0.103164
0.104414
0.101289
0.099414
0.099414
0.099414
0.100039
0.098789
0.099414
0.098164
0.102539
0.098789
0.095039
0.098164
0.098164
0.098164
0.104414
0.10753900000000001
0.11128900000000001
0.115625
0.11316400000000001
0.10503900000000001
0.113125
0.114375
0.113125
0.11566400000000002
0.115
0.115
0.115
0.114375
0.11375
0.111875
0.1125
0.11003900000000001
0.10941400000000001
0.11
0.110625
0.11
0.11125
0.11066400000000001
0.11128900000000001
0.11191400000000001
0.11191400000000001
0.10566400000000001
0.10816400000000001
0.10691400000000001
0.10691400000000001
0.10691400000000001
0.10691400000000001
0.10691400000000001
0.10628900000000001
0.10628900000000001
0.10628900000000001
0.10691400000000001
0.103789
0.10753900000000001
0.104414
0.10503900000000001
0.098164
0.102539
0.101914
0.101914
0.102539
0.103789
0.104414
0.102539
0.103164
0.103789
0.103789
0.096914
0.101914
0.100664
0.100664
0.099414
0.099414
0.100039
0.099414
0.100664
0.099414
0.100039
0.096289
0.099414
0.100664
0.10628900000000001
0.11066400000000001
0.11503900000000002
0.11375
0.11375
0.11191400000000001
0.1125
0.113125
0.11253900000000001
0.11378900000000002
0.11375
0.11503900000000002
0.113125
0.1125
0.11125
0.11125
0.10628900000000001
0.103125
0.10875
0.109375
0.109375
0.1075
0.10816400000000001
0.10816400000000001
0.10753900000000001
0.10628900000000001
0.10878900000000001
0.10628900000000001
0.11253900000000001
0.10566400000000001
0.10691400000000001
0.11316400000000001
0.10628900000000001
0.10566400000000001
0.10503900000000001
0.104414
0.104414
0.10628900000000001
0.103164
0.103164
0.102539
0.100039
0.101914
0.101914
0.101289
0.100664
0.101289
0.101289
0.101289
0.102539
0.103164
0.100664
0.103789
0.099414
0.100664
0.101289
0.100664
0.101289
0.101914
0.100664
0.101914
0.101289
0.099414
0.102539
0.098789
0.100664
0.103789
0.10753900000000001
0.11378900000000002
0.116914
0.116914
0.118789
0.117539
0.120039
0.119375
0.120039
0.11625
0.118164
0.1175
0.11625
0.11441400000000002
0.113125
0.11441400000000002
0.11125
0.10875
0.11003900000000001
0.110625
0.113125
0.10941400000000001
0.10878900000000001
0.10878900000000001
0.10878900000000001
0.10878900000000001
0.10753900000000001
0.10691400000000001
0.10753900000000001
0.10566400000000001
0.10566400000000001
0.10628900000000001
0.10503900000000001
0.104414
0.10503900000000001
0.103789
0.10503900000000001
0.103789
0.104414
0.096914
0.101914
0.100664
0.099414
0.101289
0.101289
0.100664
0.101289
0.101914
0.101914
0.103789
0.100664
0.103164
0.102539
0.102539
0.102539
0.101289
0.101914
0.101289
0.102539
0.104414
0.104414
0.102539
0.10691400000000001
0.102539
0.10628900000000001
0.10503900000000001
0.11003900000000001
0.11378900000000002
0.118789
0.120039
0.12
0.12191400000000001
0.120625
0.12128900000000001
0.120039
0.118789
0.12
0.120039
0.119414
0.118125
0.116875
0.11625
0.115
0.114375
0.11253900000000001
0.11375
0.115
0.113125
0.110625
0.11128900000000001
0.11191400000000001
0.11128900000000001
0.11191400000000001
0.11253900000000001
0.11316400000000001
0.10941400000000001
0.10753900000000001
0.10941400000000001
0.10816400000000001
0.10878900000000001
0.11003900000000001
0.11066400000000001
0.11128900000000001
0.10941400000000001
0.10878900000000001
0.11066400000000001
0.10753900000000001
0.11128900000000001
0.10691400000000001
0.10753900000000001
0.11191400000000001
0.10753900000000001
0.10753900000000001
0.11066400000000001
0.11191400000000001
0.11191400000000001
0.11441400000000002
0.11253900000000001
0.11566400000000002
0.11191400000000001
0.11003900000000001
0.11378900000000002
0.11253900000000001
0.11503900000000002
0.11378900000000002
0.11316400000000001
0.11316400000000001
0.11191400000000001
0.11253900000000001
0.11316400000000001
0.11191400000000001
0.11191400000000001
0.119414
0.13378900000000002
0.136914
0.143789
0.15316400000000002
0.16128900000000002
0.16503900000000002
0.165625
0.16503900000000002
0.16503900000000002
0.164414
0.165625
0.16875
0.16753900000000002
0.16503900000000002
0.163125
0.16
0.16
0.16
0.156289
0.1525
0.156875
0.153789
0.15625
0.158164
0.16128900000000002
0.16253900000000002
0.16753900000000002
0.17003900000000002
0.173789
0.169414
0.16753900000000002
0.168164
0.169414
0.168164
0.168164
0.171289
0.174414
0.173789
0.174414
0.178789
0.181289
0.183789
0.18066400000000002
0.178789
0.178789
0.178789
0.17941400000000002
0.18066400000000002
0.180039
0.178789
0.17941400000000002
0.18191400000000002
0.174414
0.178789
0.173164
0.171914
0.172539
0.172539
0.170664
0.17003900000000002
0.168164
0.16753900000000002
0.168164
0.16503900000000002
0.171914
0.173789
0.17816400000000002
0.183789
0.19503900000000002
0.199414
0.200664
0.199414
0.20375
0.205625
0.205039
0.214414
0.208125
0.20875
0.21375
0.2075
0.206875
0.20875
0.213164
0.21375
0.2175
0.218164
0.22
0.21875
0.218125
0.219414
0.220664
0.22003899999999998
0.222539
0.23066399999999998
0.24128899999999998
0.243164
0.24878899999999998
0.25503899999999996
0.258789
0.26503899999999997
0.268164
0.268164
0.268164
0.270039
0.270039
0.270039
0.271289
0.27066399999999996
0.268789
0.266289
0.26503899999999997
0.263789
0.27316399999999996
0.276289
0.277539
0.281289
0.281289
0.280039
0.281914
0.278789
0.272539
0.275039
0.27316399999999996
0.27316399999999996
0.271914
0.270039
0.27066399999999996
0.269414
0.269414
0.269414
0.26753899999999997
0.26003899999999996
0.265664
0.27066399999999996
0.277539
0.278789
0.280039
0.278789
0.278789
0.278789
0.2775
0.278125
0.279375
0.275625
0.2775
0.276289
0.275625
0.273789
0.274375
0.271875
0.2725
0.271914
0.2725
0.270039
0.274375
0.27816399999999997
0.279414
0.27566399999999996
0.27566399999999996
0.27566399999999996
0.276289
0.277539
0.276914
0.277539
0.275039
0.275039
0.282539
0.286914
0.285039
0.296914
0.302539
0.303164
0.303789
0.302539
0.30441399999999996
0.303164
0.305039
0.31441399999999997
0.31753899999999996
0.318789
0.323789
0.323164
0.324414
0.326914
0.326289
0.32753899999999997
0.331289
0.342539
0.348164
0.35378899999999996
0.366289
0.375039
0.37441399999999997
0.37441399999999997
0.375664
0.383164
0.388164
0.39003899999999997
0.388789
0.396289
0.39566399999999996
0.396289
0.401289
0.403789
0.407539
0.413789
0.418789
0.41753900000000005
0.418789
0.41503900000000005
0.415625
0.421914
0.419375
0.41875
0.41753900000000005
0.4175
0.42066400000000004
0.420625
0.42566400000000004
0.42625
0.426914
0.43316400000000005
0.42878900000000003
0.43128900000000003
0.44441400000000003
0.448164
0.44941400000000004
0.452539
0.46003900000000003
0.46253900000000003
0.46441400000000005
0.46691400000000005
0.468164
0.46503900000000004
0.463789
0.46503900000000004
0.46503900000000004
0.46503900000000004
0.46503900000000004
0.46691400000000005
0.46503900000000004
0.463164
0.46191400000000005
0.463789
0.45753900000000003
0.45628900000000006
0.45441400000000004
0.45128900000000005
0.45191400000000004
0.450664
0.44878900000000005
0.44878900000000005
0.447539
0.44628900000000005
0.44378900000000004
0.44316400000000006
0.440039
0.436914
0.43816400000000005
0.436914
0.436914
0.43628900000000004
0.43628900000000004
0.435039
0.43816400000000005
0.436914
0.44316400000000006
0.44066400000000006
0.44628900000000005
0.452539
0.45128900000000005
0.45191400000000004
0.453164
0.455039
0.459375
0.466289
0.463789
0.46941400000000005
0.475
0.478789
0.47191400000000006
0.471875
0.470625
0.47003900000000004
0.468789
0.4675
0.466875
0.47
0.4725
0.475625
0.48066400000000004
0.479414
0.48503900000000005
0.48566400000000004
0.48753900000000006
0.48753900000000006
0.486289
0.49003900000000006
0.497539
0.49566400000000005
0.5025390000000001
0.5075390000000001
0.509414
0.5081640000000001
0.5069140000000001
0.511289
0.515664
0.5175390000000001
0.5237890000000001
0.5287890000000001
0.526914
0.527539
0.526914
0.530039
0.530664
0.529414
0.5287890000000001
0.535664
0.541914
0.5437890000000001
0.5494140000000001
0.5487890000000001
0.555664
0.561914
0.568789
0.5756640000000001
0.5850390000000001
0.5856640000000001
0.581914
0.579414
0.576914
0.576914
0.5756640000000001
0.583789
0.581914
0.5800390000000001
0.578164
0.578164
0.5756640000000001
0.5756640000000001
0.5750390000000001
0.573125
0.57125
0.570625
0.5644140000000001
0.57
0.566914
0.56375
0.561289
0.558789
0.555664
0.552539
0.549375
0.547539
0.5537890000000001
0.5550390000000001
0.556875
0.56
0.561289
0.557539
0.5650390000000001
0.567539
0.5656640000000001
0.5650390000000001
0.5650390000000001
0.567539
0.5656640000000001
0.568789
0.563789
0.5650390000000001
0.568789
0.567539
0.568164
0.566289
0.5656640000000001
0.566289
0.5644140000000001
0.562539
0.5594140000000001
0.5594140000000001
0.556289
0.561289
0.568789
0.5700390000000001
0.571914
0.5812890000000001
0.5906640000000001
0.593164
0.5906640000000001
0.591914
0.588164
0.5912890000000001
0.588789
0.588164
0.589414
0.587539
0.5850390000000001
0.583789
0.581914
0.5812890000000001
0.582539
0.584414
0.5862890000000001
0.5856640000000001
0.584414
0.583164
0.5806640000000001
0.5800390000000001
0.578164
0.574375
0.574375
0.571289
0.568164
0.566289
0.56625
0.5700390000000001
0.573125
0.58375
0.585
0.58875
0.5956640000000001
0.6062890000000001
0.614414
0.620664
0.620664
0.630039
0.633789
0.635039
0.640039
0.6437890000000001
0.6425390000000001
0.641914
0.644414
0.646914
0.645039
0.638789
0.641914
0.640039
0.640039
0.6437890000000001
0.644414
0.640664
0.638789
0.638789
0.636289
0.6319140000000001
0.633789
0.631289
0.630039
0.6269140000000001
0.625664
0.625664
0.624414
0.623164
0.620039
0.618164
0.615664
0.6219140000000001
0.6225390000000001
0.625664
0.630664
0.629414
0.628789
0.625039
0.623164
0.6219140000000001
0.624414
0.628789
0.6331640000000001
0.6319140000000001
0.6319140000000001
0.636914
0.6325390000000001
0.628789
0.625664
0.628789
0.641289
0.646875
0.6481640000000001
0.651289
0.654375
0.660625
0.667539
0.664375
0.66125
0.6625
0.6631640000000001
0.660625
0.658125
0.655625
0.650039
0.651875
0.646914
0.649414
0.6475390000000001
0.645039
0.6425390000000001
0.639414
0.636289
0.6331640000000001
0.633789
0.6275390000000001
0.624414
0.624414
0.623789
0.6225390000000001
0.619414
0.6162890000000001
0.615039
0.613164
0.6119140000000001
0.610664
0.6062890000000001
0.6112890000000001
0.6062890000000001
0.608789
0.603789
0.6112890000000001
0.615664
0.615664
0.613789
0.6112890000000001
0.6119140000000001
0.615664
0.623164
0.620039
0.620664
0.625039
0.625664
0.626289
0.624414
0.625039
0.625664
0.634414
0.636914
0.6431640000000001
0.6487890000000001
0.6537890000000001
0.650664
0.651914
0.6537890000000001
0.6587890000000001
0.657539
0.655
0.661289
0.664375
0.669375
0.676875
0.676875
0.67625
0.67375
0.671875
0.673125
0.678125
0.679375
0.676875
0.6787890000000001
0.675625
0.671289
0.671914
0.673164
0.668164
0.6687890000000001
0.665039
0.661289
0.657539
0.656289
0.655664
0.651289
0.649414
0.6475390000000001
0.646914
0.6437890000000001
0.640664
0.640039
0.6381640000000001
0.636289
0.635039
0.6319140000000001
0.6281640000000001
0.626289
0.623789
0.620664
0.620039
0.618164
0.6162890000000001
0.615039
0.613789
0.610664
0.608164
0.6062890000000001
0.600039
0.608789
0.608164
0.6119140000000001
0.615664
0.620664
0.6219140000000001
0.619414
0.620664
0.625039
0.6269140000000001
0.6269140000000001
0.6225390000000001
0.6225390000000001
0.620664
0.618789
0.618789
0.6169140000000001
0.6162890000000001
0.61625
0.61375
0.613164
0.610625
0.60875
0.6125
0.61375
0.614375
0.615
0.615
0.615039
0.613164
0.6125
0.614414
0.615
0.6175390000000001
0.615664
0.6169140000000001
0.6175390000000001
0.615039
0.613789
0.6119140000000001
0.609414
0.610039
0.614414
0.620039
0.6175390000000001
0.624414
0.621289
0.6319140000000001
0.636914
0.640039
0.649414
0.6537890000000001
0.6537890000000001
0.6587890000000001
0.656914
0.6531640000000001
0.6537890000000001
0.655039
0.654414
0.6581640000000001
0.656914
0.656914
0.655039
0.651914
0.646914
0.645039
0.641914
0.6381640000000001
0.640664
0.640039
0.6375390000000001
0.6381640000000001
0.6381640000000001
0.636289
0.635664
0.636914
0.639414
0.636914
0.635664
0.630664
0.630039
0.623789
0.625039
0.623789
0.621289
0.618789
0.615625
0.613789
0.613125
0.61375
0.608125
0.60375
0.601875
0.598164
0.5956640000000001
0.593164
0.5906640000000001
0.588789
0.587539
0.58625
0.5850390000000001
0.583789
0.581914
0.579414
0.577539
0.576914
0.582539
0.584414
0.588789
0.5956640000000001
0.599414
0.5956640000000001
0.5912890000000001
0.5956640000000001
0.6012890000000001
0.603789
0.605664
0.6062890000000001
0.604414
0.603789
0.604414
0.608164
0.603789
0.599414
0.605664
0.608164
0.6119140000000001
0.608164
0.608789
0.6062890000000001
0.604414
0.6012890000000001
0.6012890000000001
0.598164
0.598789
0.595039
0.5906640000000001
0.589414
0.591914
0.595039
0.5956640000000001
0.594414
0.602539
0.6119140000000001
0.614414
0.6112890000000001
0.626289
0.62875
0.629414
0.634414
0.636289
0.6331640000000001
0.629414
0.625664
0.626289
0.6325390000000001
0.6375
0.640625
0.64
0.653125
0.65625
0.65375
0.6525
0.658125
0.660039
0.6581640000000001
0.656289
0.6531640000000001
0.644414
0.6531640000000001
0.655664
0.6581640000000001
0.650664
0.646289
0.6431640000000001
0.641289
0.641289
0.640039
0.636914
0.633789
0.630039
0.626289
0.623164
0.618789
0.614414
0.610664
0.6069140000000001
0.603164
0.598789
0.5956640000000001
0.593789
0.590039
0.5862890000000001
0.586914
0.584414
0.583164
0.581914
0.576289
0.574414
0.571914
0.5694140000000001
0.5644140000000001
0.5644140000000001
0.5600390000000001
0.556289
0.557539
0.556289
0.555664
0.5600390000000001
0.561289
0.561289
0.561289
0.558164
0.552539
0.5500390000000001
0.5537890000000001
0.553164
0.556914
0.558125
0.56
0.5625
0.559375
0.559375
0.55625
0.556875
0.555
0.552539
0.546914
0.546914
0.545664
0.541875
0.542539
0.54
0.53875
0.536289
0.535664
0.531289
0.532539
0.527539
0.526289
0.525664
0.524414
0.524414
0.5231640000000001
0.5237890000000001
0.532539
0.543164
0.546914
0.5600390000000001
0.573164
0.5756640000000001
0.574414
0.578164
0.583164
0.579414
0.576914
0.578164
0.576289
0.576289
0.5806640000000001
0.583164
0.579414
0.583164
0.589414
0.589414
0.588789
0.590039
0.5912890000000001
0.5856640000000001
0.581914
0.582539
0.5806640000000001
0.5750390000000001
0.577539
0.578164
0.5800390000000001
0.5812890000000001
0.579414
0.5756640000000001
0.572539
0.571914
0.568164
0.566289
0.5644140000000001
0.561875
0.558164
0.555664
0.55375
0.552539
0.550664
0.54875
0.540625
0.540664
0.543164
0.539375
0.535625
0.535664
0.540625
0.54125
0.545664
0.5500390000000001
0.553164
0.547539
0.551289
0.546914
0.546914
0.545039
0.5444140000000001
0.541914
0.543164
0.548164
0.5487890000000001
0.5537890000000001
0.556289
0.556289
0.556289
0.553164
0.5494140000000001
0.550664
0.5500390000000001
0.5494140000000001
0.546914
0.545664
0.545039
0.542539
0.5394140000000001
0.537539
0.535039
0.531914
0.5337890000000001
0.536914
0.5381640000000001
0.537539
0.536914
0.535039
0.535039
0.540039
0.541914
0.542539
0.540039
0.5387890000000001
0.541289
0.543164
0.548164
0.548164
0.546289
0.5487890000000001
0.545664
0.5500390000000001
0.552539
0.560664
0.563789
0.5656640000000001
0.571875
0.57375
0.573789
0.572539
0.5706640000000001
0.565625
0.56625
0.559375
0.556875
0.554375
0.551289
0.548125
0.547539
0.5494140000000001
0.5544140000000001
0.556289
0.557539
0.563125
0.5644140000000001
0.5600390000000001
0.556289
0.556289
0.5550390000000001
0.553164
0.551289
0.5494140000000001
0.547539
0.546289
0.543164
0.5387890000000001
0.5394140000000001
0.5344140000000001
0.5337890000000001
0.531914
0.529414
0.526289
0.521914
0.520039
0.519414
0.516914
0.513789
0.515039
0.514414
0.511289
0.5075390000000001
0.504414
0.501289
0.5019140000000001
0.49816400000000005
0.496914
0.49316400000000005
0.491914
0.491914
0.49128900000000003
0.48878900000000003
0.495039
0.494414
0.495039
0.49628900000000004
0.49628900000000004
0.501289
0.49878900000000004
0.48878900000000003
0.49316400000000005
0.49253900000000006
0.495039
0.497539
0.495625
0.494375
0.495039
0.49316400000000005
0.49125
0.48875
0.48878900000000003
0.485
0.48253900000000005
0.481875
0.479375
0.48
0.48125
0.480625
0.479375
0.47753900000000005
0.47816400000000003
0.47003900000000004
0.47503900000000004
0.47566400000000003
0.47503900000000004
0.478789
0.47691400000000006
0.47566400000000003
0.479414
0.484414
0.48566400000000004
0.48566400000000004
0.481289
0.48503900000000005
0.48316400000000004
0.48503900000000005
0.483789
0.48253900000000005
0.48503900000000005
0.489414
0.489414
0.495039
0.49878900000000004
0.495039
0.501289
0.49378900000000003
0.495039
0.496914
0.49816400000000005
0.49816400000000005
0.49628900000000004
0.49378900000000003
0.49253900000000006
0.49253900000000006
0.49003900000000006
0.49066400000000004
0.486289
0.48503900000000005
0.48816400000000004
0.49128900000000003
0.494414
0.496914
0.495039
0.49316400000000005
0.49128900000000003
0.49066400000000004
0.49066400000000004
0.486289
0.48566400000000004
0.48316400000000004
0.481289
0.48066400000000004
0.483789
0.49066400000000004
0.49066400000000004
0.495
0.500625
0.49875
0.49625
0.496875
0.4925
0.491875
0.48875
0.490625
0.49316400000000005
0.495039
0.49066400000000004
0.49816400000000005
0.500039
0.504414
0.497539
0.49628900000000004
0.49128900000000003
0.491914
0.489414
0.48816400000000004
0.48503900000000005
0.48316400000000004
0.48253900000000005
0.47753900000000005
0.476289
0.471289
0.468164
0.46691400000000005
0.466289
0.46503900000000004
0.46191400000000005
0.45941400000000004
0.458164
0.45441400000000004
0.45441400000000004
0.45378900000000005
0.450664
0.450664
0.44878900000000005
0.447539
0.448164
0.450664
0.44941400000000004
0.44566400000000006
0.44628900000000005
0.44878900000000005
0.44878900000000005
0.452539
0.45128900000000005
0.45691400000000004
0.455664
0.45753900000000003
0.455664
0.45441400000000004
0.45441400000000004
0.455039
0.455039
0.452539
0.45378900000000005
0.450039
0.44941400000000004
0.445
0.442539
0.440625
0.439375
0.437539
0.435
0.435
0.429375
0.4225
0.42375
0.42125
0.425
0.418125
0.415625
0.41503900000000005
0.41503900000000005
0.41316400000000003
0.411289
0.408789
0.408789
0.406914
0.404414
0.403789
0.401914
0.401289
0.399414
0.40066399999999996
0.40066399999999996
0.40066399999999996
0.40316399999999997
0.39816399999999996
0.40066399999999996
0.396289
0.396914
0.397539
0.397539
0.39566399999999996
0.393789
0.391914
0.390664
0.39253899999999997
0.388164
0.385664
0.388164
0.388164
0.384414
0.38503899999999996
0.383164
0.38253899999999996
0.38253899999999996
0.380664
0.380664
0.377539
0.373164
0.375664
0.383789
0.388164
0.389414
0.38753899999999997
0.385664
0.385664
0.385664
0.386289
0.383789
0.383164
0.381289
0.37875
0.375
0.375664
0.375625
0.375
0.375
0.3725
0.374375
0.38375
0.39375
0.393125
0.405625
0.41566400000000003
0.42003900000000005
0.4225
0.420625
0.421289
0.421914
0.421914
0.42316400000000004
0.421289
0.41753900000000005
0.416289
0.411289
0.41253900000000004
0.409414
0.406914
0.40566399999999997
0.402539
0.40066399999999996
0.400039
0.396914
0.390664
0.39003899999999997
0.390664
0.393164
0.385664
0.380664
0.381914
0.38003899999999996
0.379414
0.380664
0.377539
0.375039
0.375039
0.37441399999999997
0.37691399999999997
0.370664
0.372539
0.370039
0.370039
0.370039
0.368789
0.367539
0.367539
0.368789
0.37441399999999997
0.37441399999999997
0.372539
0.373164
0.373789
0.376289
0.375664
0.373789
0.372539
0.370664
0.368789
0.370625
0.375625
0.378125
0.379375
0.38125
0.3825
0.38125
0.379375
0.37875
0.37625
0.375625
0.3725
0.369375
0.372539
0.381875
0.383164
0.389414
0.390664
0.386914
0.389414
0.391289
0.388164
0.391289
0.391289
0.39003899999999997
0.393164
0.39253899999999997
0.390664
0.38753899999999997
0.385664
0.384414
0.381914
0.38003899999999996
0.378164
0.375664
0.373789
0.373164
0.371289
0.368789
0.366289
0.365039
0.363164
0.363164
0.35878899999999997
0.360664
0.354414
0.360664
0.363164
0.363164
0.368789
0.37191399999999997
0.373164
0.370039
0.371289
0.36691399999999996
0.375664
0.37691399999999997
0.37691399999999997
0.37691399999999997
0.373164
0.372539
0.370664
0.370039
0.36941399999999996
0.368164
0.36441399999999996
0.370039
0.361875
0.360625
0.361875
0.355
0.35375
0.3525
0.34875
0.34625
0.346914
0.341914
0.339375
0.3375
0.334375
0.335
0.334414
0.33316399999999996
0.331289
0.33003899999999997
0.328789
0.32753899999999997
0.326914
0.328164
0.323789
0.324414
0.321289
0.32003899999999996
0.32003899999999996
0.318789
0.318164
0.31753899999999996
0.316914
0.315664
0.315039
0.313789
0.313164
0.310664
0.312539
0.319414
0.32503899999999997
0.326914
0.331914
0.339414
0.344414
0.34566399999999997
0.346289
0.34878899999999996
0.34878899999999996
0.344414
0.34566399999999997
0.347539
0.348164
0.346914
0.346289
0.350039
0.35128899999999996
0.360039
0.368789
0.376289
0.39003899999999997
0.38753899999999997
0.384414
0.38753899999999997
0.395039
0.399414
0.397539
0.404375
0.41003900000000004
0.41
0.40875
0.406289
0.40625
0.405
0.40375
0.401914
0.4
0.398125
0.40125
0.39566399999999996
0.3975
0.4
0.40066399999999996
0.401914
0.40566399999999997
0.405039
0.408789
0.41253900000000004
0.41316400000000003
0.411289
0.41003900000000004
0.41566400000000003
0.416914
0.413789
0.418789
0.42066400000000004
0.419414
0.416914
0.41503900000000005
0.41441400000000006
0.41316400000000003
0.41003900000000004
0.403789
0.408789
0.408789
0.41003900000000004
0.41003900000000004
0.409414
0.41253900000000004
0.41441400000000006
0.41441400000000006
0.41253900000000004
0.413789
0.41441400000000006
0.411289
0.408789
0.403789
0.40316399999999997
0.401914
0.398789
0.397539
0.395039
0.393164
0.395039
0.393789
0.402539
0.40566399999999997
0.40316399999999997
0.40066399999999996
0.40066399999999996
0.40066399999999996
0.400039
0.398789
0.396914
0.396914
0.39003899999999997
0.38875
0.391289
0.3875
0.388125
0.38875
0.3875
0.384414
0.38503899999999996
0.38875
0.39003899999999997
0.38753899999999997
0.39875
0.39566399999999996
0.397539
0.393789
0.39566399999999996
0.398789
0.398789
0.397539
0.396289
0.396914
0.394414
0.39253899999999997
0.39003899999999997
0.388164
0.388164
0.39253899999999997
0.396289
0.396289
0.399414
0.406289
0.40816399999999997
0.407539
0.408789
0.406289
0.411289
0.406914
0.406914
0.406289
0.404414
0.405039
0.405039
0.405039
0.40566399999999997
0.40566399999999997
0.404414
0.405039
0.40316399999999997
0.40066399999999996
0.39816399999999996
0.397539
0.396914
0.396289
0.39566399999999996
0.401289
0.401914
0.41066400000000003
0.41003900000000004
0.406289
0.403789
0.405039
0.40566399999999997
0.406914
0.40816399999999997
0.411289
0.41566400000000003
0.416914
0.421289
0.425625
0.42878900000000003
0.426875
0.428125
0.42753900000000006
0.428125
0.426875
0.425
0.423789
0.426875
0.430625
0.429375
0.435625
0.440625
0.441875
0.44191400000000003
0.440039
0.440039
0.43878900000000004
0.440039
0.44691400000000003
0.44191400000000003
0.44628900000000005
0.450664
0.45128900000000005
0.45191400000000004
0.450664
0.44878900000000005
0.448164
0.44628900000000005
0.44628900000000005
0.44566400000000006
0.44128900000000004
0.44378900000000004
0.439414
0.43878900000000004
0.43316400000000005
0.435039
0.434414
0.43378900000000004
0.435039
0.43566400000000005
0.435039
0.432539
0.43878900000000004
0.429414
0.42503900000000006
0.42566400000000004
0.424414
0.421914
0.421914
0.42066400000000004
0.418789
0.42503900000000006
0.42816400000000004
0.43316400000000005
0.43128900000000003
0.42878900000000003
0.429414
0.429414
0.42878900000000003
0.42753900000000006
0.431914
0.43566400000000005
0.437539
0.444375
0.44691400000000003
0.452539
0.44878900000000005
0.44878900000000005
0.45
0.44875
0.446875
0.44441400000000003
0.44125
0.44
0.439375
0.43375
0.431914
0.434414
0.43375
0.43316400000000005
0.43128900000000003
0.42878900000000003
0.42753900000000006
0.426914
0.424414
0.423789
0.42003900000000005
0.42628900000000003
0.416914
0.41566400000000003
0.421289
0.413789
0.411289
0.41066400000000003
0.408789
0.408789
0.408789
0.40566399999999997
0.405039
0.40316399999999997
0.401289
0.401914
0.402539
0.40066399999999996
0.400039
0.401289
0.401289
0.398789
0.399414
0.398789
0.396289
0.394414
0.394414
0.391914
0.389414
0.388789
0.388164
0.389414
0.394414
0.40066399999999996
0.402539
0.39816399999999996
0.396289
0.39816399999999996
0.398789
0.396914
0.396289
0.395039
0.39253899999999997
0.391875
0.391914
0.388164
0.38253899999999996
0.383789
0.38625
0.380625
0.383164
0.380664
0.379414
0.378164
0.375625
0.37691399999999997
0.37375
0.375
0.37375
0.37375
0.36941399999999996
0.36941399999999996
0.368789
0.368789
0.368789
0.368164
0.36691399999999996
0.365664
0.365039
0.363164
0.361914
0.361914
0.36128899999999997
0.359414
0.359414
0.359414
0.357539
0.355664
0.35628899999999997
0.349414
0.352539
0.349414
0.347539
0.347539
0.347539
0.346914
0.345039
0.345039
0.343789
0.345039
0.34066399999999997
0.336914
0.337539
0.335039
0.33566399999999996
0.335039
0.33316399999999996
0.331289
0.33566399999999996
0.338789
0.343789
0.34316399999999997
0.349414
0.342539
0.34066399999999997
0.341289
0.340039
0.338789
0.336914
0.335039
0.333789
0.333789
0.332539
0.332539
0.331289
0.331289
0.33
0.3275
0.326914
0.324375
0.323125
0.32
0.318125
0.315625
0.314375
0.31441399999999997
0.309375
0.312539
0.30941399999999997
0.308789
0.30691399999999996
0.305664
0.30441399999999996
0.302539
0.302539
0.297539
0.295039
0.300664
0.300664
0.30191399999999996
0.306289
0.310664
0.313789
0.312539
0.310664
0.313789
0.315664
0.320664
0.31753899999999996
0.316914
0.321289
0.319414
0.318164
0.316289
0.313789
0.313164
0.313789
0.311289
0.30691399999999996
0.305039
0.303789
0.30441399999999996
0.298164
0.29628899999999997
0.294414
0.29878899999999997
0.300039
0.300664
0.300664
0.301289
0.29628899999999997
0.29628899999999997
0.293164
0.292539
0.290039
0.287539
0.285664
0.283789
0.282539
0.280625
0.27875
0.276875
0.2775
0.27375
0.271875
0.26875
0.26625
0.265
0.261875
0.26
0.258164
0.254414
0.249375
0.2525
0.25191399999999997
0.258164
0.26503899999999997
0.27066399999999996
0.272539
0.282539
0.29128899999999996
0.29628899999999997
0.292539
0.289414
0.290664
0.293164
0.290664
0.289414
0.288164
0.28628899999999996
0.285039
0.284414
0.285039
0.28316399999999997
0.283789
0.281914
0.278789
0.27816399999999997
0.27566399999999996
0.273789
0.274414
0.272539
0.271289
0.270039
0.269414
0.260664
0.264414
0.26253899999999997
0.25753899999999996
0.26003899999999996
0.25753899999999996
0.256914
0.26003899999999996
0.263789
0.264414
0.26503899999999997
0.261289
0.258789
0.261289
0.258789
0.258164
0.256289
0.254414
0.253164
0.250664
0.25
0.2475
0.24628899999999998
0.245
0.245
0.243125
0.24375
0.24125
0.239375
0.236875
0.234375
0.23191399999999998
0.230625
0.22875
0.22816399999999998
0.226875
0.225625
0.22566399999999998
0.227539
0.22816399999999998
0.22941399999999998
0.228789
0.22816399999999998
0.22691399999999998
0.226289
0.22691399999999998
0.22566399999999998
0.222539
0.223789
0.222539
0.22128899999999999
0.22003899999999998
0.21878899999999998
0.21878899999999998
0.21878899999999998
0.21878899999999998
0.21628899999999998
0.215664
0.213164
0.210664
0.214414
0.211914
0.213164
0.213164
0.21253899999999998
0.21128899999999998
0.21253899999999998
0.209414
0.206914
0.208164
0.208164
0.208164
0.20878899999999997
0.21253899999999998
0.215664
0.221914
0.223789
0.225039
0.22316399999999997
0.22441399999999997
0.225039
0.225039
0.21878899999999998
0.22128899999999999
0.22128899999999999
0.220664
0.22128899999999999
0.22003899999999998
0.218125
0.218125
0.21875
0.215625
0.2175
0.21625
0.21378899999999998
0.213164
0.213125
0.2125
0.210625
0.209375
0.21
0.209375
0.21128899999999998
0.210625
0.21128899999999998
0.20753899999999997
0.208164
0.208164
0.208164
0.20753899999999997
0.20753899999999997
0.20753899999999997
0.204414
0.203164
0.205039
0.203164
0.20128900000000002
0.204414
0.203789
0.202539
0.203164
0.203164
0.20566399999999999
0.203789
0.19628900000000002
0.20128900000000002
0.203164
0.204414
0.203164
0.20128900000000002
0.202539
0.203789
0.204414
0.203789
0.200664
0.202539
0.19878900000000002
0.20003900000000002
0.196914
0.20003900000000002
0.20566399999999999
0.209414
0.214414
0.215664
0.21503899999999998
0.215664
0.209414
0.219414
0.21878899999999998
0.219414
0.22128899999999999
0.22003899999999998
0.22003899999999998
0.219375
0.22003899999999998
0.22
0.22125
0.21875
0.22125
0.22003899999999998
0.2175
0.216914
0.215625
0.21503899999999998
0.21378899999999998
0.213125
0.213164
0.21253899999999998
0.210664
0.209414
0.209414
0.20753899999999997
0.21253899999999998
0.20753899999999997
0.206914
0.206914
0.204414
0.203789
0.203789
0.203164
0.201914
0.201914
0.200664
0.200664
0.20003900000000002
0.19878900000000002
0.19878900000000002
0.19628900000000002
0.196914
0.19628900000000002
0.19628900000000002
0.19628900000000002
0.191914
0.19378900000000002
0.193164
0.191914
0.191914
0.191914
0.191914
0.191914
0.19128900000000001
0.190664
0.188789
0.187539
0.186289
0.189414
0.188789
0.19253900000000002
0.198164
0.20128900000000002
0.200664
0.20003900000000002
0.202539
0.20128900000000002
0.19753900000000002
0.19628900000000002
0.196914
0.196914
0.198164
0.198125
0.196914
0.1975
0.196875
0.19753900000000002
0.195
0.19625
0.19375
0.19378900000000002
0.19125
0.190039
0.189375
0.18625
0.185625
0.18375
0.185
0.184375
0.184375
0.181875
0.183789
0.18066400000000002
0.18066400000000002
0.180039
0.17941400000000002
0.17941400000000002
0.17941400000000002
0.177539
0.17816400000000002
0.17566400000000001
0.176289
0.17566400000000001
0.177539
0.174414
0.172539
0.171914
0.17003900000000002
0.170664
0.17003900000000002
0.17003900000000002
0.16753900000000002
0.170664
0.166914
0.166914
0.16378900000000002
0.166914
0.166914
0.166914
0.16753900000000002
0.16753900000000002
0.16753900000000002
0.164414
0.172539
0.16753900000000002
0.16753900000000002
0.171914
0.175039
0.178789
0.18066400000000002
0.17941400000000002
0.180039
0.181289
0.180039
0.18191400000000002
0.17941400000000002
0.17691400000000002
0.17816400000000002
0.17691400000000002
0.176289
0.17625
0.175
0.1725
0.1725
0.171875
0.166914
0.169375
0.16628900000000002
0.1675
0.1675
0.1675
0.165
0.164375
0.163164
0.161914
0.163125
0.158125
0.160625
0.159375
0.16003900000000001
0.156914
0.160664
0.16628900000000002
0.16878900000000002
0.173164
0.181289
0.186289
0.183789
0.188164
0.18316400000000002
0.18191400000000002
0.189414
0.186914
0.18566400000000002
0.185039
0.18316400000000002
0.18191400000000002
0.181289
0.177539
0.176289
0.17566400000000001
0.172539
0.171914
0.173164
0.173164
0.172539
0.171914
0.170664
0.173789
0.180039
0.182539
0.18566400000000002
0.189414
0.191914
0.19503900000000002
0.198164
0.19753900000000002
0.199414
0.200664
0.199414
0.20128900000000002
0.19878900000000002
0.20003900000000002
0.195664
0.19628900000000002
0.193164
0.190664
0.188789
0.187539
0.186289
0.183125
0.185625
0.18316400000000002
0.183789
0.182539
0.183789
0.178125
0.1825
0.18
0.179375
0.17875
0.178125
0.18
0.176289
0.1775
0.17566400000000001
0.17375
0.170664
0.171914
0.171289
0.16878900000000002
0.16878900000000002
0.166914
0.166914
0.16753900000000002
0.173164
0.176289
0.18066400000000002
0.18566400000000002
0.191914
0.19253900000000002
0.191914
0.19253900000000002
0.194414
0.193164
0.19253900000000002
0.188164
0.189414
0.191914
0.19128900000000001
0.190664
0.190664
0.189414
0.189414
0.187539
0.186289
0.186914
0.183789
0.180039
0.181289
0.190664
0.19378900000000002
0.19628900000000002
0.19628900000000002
0.19628900000000002
0.19628900000000002
0.19503900000000002
0.19628900000000002
0.19253900000000002
0.186914
0.19128900000000001
0.187539
0.193164
0.188125
0.186875
0.186914
0.185625
0.185
0.186289
0.185625
0.18566400000000002
0.183125
0.1825
0.181875
0.179375
0.179375
0.179375
0.178125
0.17875
0.179375
0.179375
0.17566400000000001
0.17816400000000002
0.173164
0.176289
0.17816400000000002
0.17816400000000002
0.175039
0.17691400000000002
0.17691400000000002
0.176289
0.17816400000000002
0.173164
0.172539
0.175039
0.175039
0.174414
0.17566400000000001
0.17566400000000001
0.175039
0.176289
0.17691400000000002
0.17691400000000002
0.173789
0.17816400000000002
0.175039
0.173789
0.178789
0.177539
0.177539
0.17691400000000002
0.17691400000000002
0.17691400000000002
0.17816400000000002
0.176289
0.173789
0.18066400000000002
0.18316400000000002
0.19253900000000002
0.19253900000000002
0.193164
0.19378900000000002
0.195664
0.19628900000000002
0.19628900000000002
0.195664
0.198164
0.194414
0.195664
0.19503900000000002
0.194375
0.195664
0.19625
0.195625
0.19625
0.196875
0.1975
0.19625
0.195625
0.195625
0.193164
0.19375
0.191875
0.19128900000000001
0.19128900000000001
0.19125
0.19
0.191914
0.189414
0.187539
0.189414
0.190664
0.186914
0.190664
0.190664
0.190664
0.190039
0.189414
0.19253900000000002
0.188789
0.190664
0.190039
0.190664
0.189414
0.189414
0.189414
0.188789
0.188789
0.188164
0.189414
0.187539
0.188789
0.187539
0.187539
0.189414
0.189414
0.188789
0.188789
0.188164
0.186914
0.186914
0.187539
0.182539
0.19253900000000002
0.19503900000000002
0.199414
0.20128900000000002
0.201914
0.204414
0.205039
0.20566399999999999
0.205039
0.205039
0.202539
0.20566399999999999
0.204414
0.203164
0.20128900000000002
0.199375
0.199414
0.198125
0.1975
0.198125
0.2
0.19625
0.189375
0.195
0.195
0.19875
0.191875
0.19
0.190625
0.19
0.189414
0.190039
0.188789
0.188125
0.187539
0.186289
0.186914
0.185039
0.185039
0.18566400000000002
0.18441400000000002
0.185039
0.183789
0.18566400000000002
0.182539
0.18566400000000002
0.180039
0.182539
0.18066400000000002
0.181289
0.180039
0.17941400000000002
0.178789
0.17691400000000002
0.177539
0.172539
0.174414
0.174414
0.172539
0.174414
0.17566400000000001
0.17566400000000001
0.174414
0.172539
0.171289
0.173164
0.172539
0.17566400000000001
0.18191400000000002
0.18566400000000002
0.186289
0.18566400000000002
0.18566400000000002
0.185039
0.18566400000000002
0.18441400000000002
0.185039
0.18191400000000002
0.182539
0.18066400000000002
0.18066400000000002
0.17816400000000002
0.17816400000000002
0.176875
0.175625
0.175625
0.17566400000000001
0.175625
0.175
0.175039
0.17
0.1725
0.16875
0.16753900000000002
0.16628900000000002
0.16503900000000002
0.16503900000000002
0.164414
0.16378900000000002
0.16503900000000002
0.16378900000000002
0.16503900000000002
0.163164
0.161914
0.16253900000000002
0.161914
0.16128900000000002
0.160664
0.159414
0.158164
0.158789
0.156914
0.151289
0.155664
0.15316400000000002
0.148789
0.15316400000000002
0.15316400000000002
0.15191400000000002
0.15066400000000002
0.150039
0.15066400000000002
0.148789
0.141289
0.147539
0.148789
0.146289
0.14691400000000002
0.14941400000000002
0.14691400000000002
0.145039
0.14441400000000001
0.143164
0.147539
0.151289
0.153789
0.155664
0.156289
0.156289
0.156914
0.156289
0.155664
0.15441400000000002
0.15316400000000002
0.153789
0.148789
0.150039
0.148125
0.14816400000000002
0.14875
0.148125
0.14691400000000002
0.145625
0.14625
0.14625
0.14566400000000002
0.141914
0.145
0.140039
0.1375
0.135
0.135664
0.135664
0.13628900000000002
0.13625
0.13628900000000002
0.13628900000000002
0.13378900000000002
0.126914
0.131914
0.13128900000000002
0.13503900000000002
0.13003900000000002
0.12878900000000001
0.12878900000000001
0.128164
0.127539
0.128164
0.126289
0.125039
0.12441400000000001
0.12378900000000001
0.12378900000000001
0.12253900000000001
0.12316400000000001
0.12253900000000001
0.12128900000000001
0.12066400000000001
0.120039
0.12066400000000001
0.120039
0.118789
0.118789
0.12191400000000001
0.120039
0.119414
0.119414
0.118164
0.116914
0.116914
0.12441400000000001
0.12191400000000001
0.130664
0.131914
0.13128900000000002
0.13128900000000002
0.130664
0.130664
0.130664
0.13128900000000002
0.12878900000000001
0.129414
0.126289
0.13253900000000002
0.123125
0.128125
0.128164
0.12378900000000001
0.12191400000000001
0.121875
0.123125
0.1225
0.123125
0.12
0.11875
0.1175
0.115625
0.11253900000000001
0.11378900000000002
0.115625
0.11375
0.11441400000000002
0.11375
0.1125
0.11253900000000001
0.11378900000000002
0.11128900000000001
0.11441400000000002
0.11003900000000001
0.10878900000000001
0.10941400000000001
0.10878900000000001
0.10878900000000001
0.10816400000000001
0.10816400000000001
0.10816400000000001
0.10691400000000001
0.10816400000000001
0.10753900000000001
0.10753900000000001
0.10691400000000001
0.104414
0.104414
0.103789
0.103789
0.10503900000000001
0.10628900000000001
0.103789
0.10816400000000001
0.104414
0.104414
0.10691400000000001
0.10503900000000001
0.104414
0.103789
0.103164
0.102539
0.11128900000000001
0.11191400000000001
0.11066400000000001
0.118164
0.11566400000000002
0.12128900000000001
0.117539
0.116914
0.117539
0.117539
0.116289
0.116289
0.11503900000000002
0.116289
0.11375
0.11375
0.111875
0.11191400000000001
0.11125
0.110625
0.11125
0.11191400000000001
0.110625
0.110625
0.105625
0.10625
0.105
0.104414
0.10566400000000001
0.10503900000000001
0.105
0.10566400000000001
0.10625
0.105625
0.10566400000000001
0.103164
0.10753900000000001
0.103789
0.103164
0.101914
0.101914
0.101289
0.101289
0.101289
0.102539
0.102539
0.099414
0.100039
0.098789
0.098789
0.096914
0.098789
0.098789
0.097539
0.096289
0.095664
0.097539
0.096289
0.096914
0.096914
0.095039
0.098164
0.097539
0.096914
0.095664
0.095664
0.100039
0.103789
0.10878900000000001
0.11003900000000001
0.10941400000000001
0.11003900000000001
0.10941400000000001
0.11003900000000001
0.10941400000000001
0.10941400000000001
0.10878900000000001
0.10816400000000001
0.10691400000000001
0.10878900000000001
0.10375
0.103125
0.10941400000000001
0.11003900000000001
0.10503900000000001
0.10628900000000001
0.10625
0.10753900000000001
0.10625
0.105625
0.106875
0.104375
0.11
0.101914
0.1025
0.098125
0.10125
0.100625
0.101289
0.101875
0.101914
0.103164
0.100664
0.101914
0.101289
0.098789
0.098789
0.100664
0.100664
0.098789
0.098789
0.098789
0.098164
0.099414
0.100039
0.096289
0.100039
0.096289
0.096914
0.096914
0.096914
0.096289
0.096289
0.096289
0.098164
0.097539
0.095664
0.093789
0.096914
0.097539
0.096914
0.096289
0.095664
0.102539
0.10628900000000001
0.11191400000000001
0.11128900000000001
0.11566400000000002
0.11378900000000002
0.11191400000000001
0.10878900000000001
0.11066400000000001
0.11316400000000001
0.11066400000000001
0.11066400000000001
0.10878900000000001
0.11128900000000001
0.10816400000000001
0.103789
0.108125
0.1075
0.10816400000000001
0.108125
0.1075
0.10816400000000001
0.108125
0.106875
0.10625
0.105625
0.105
0.103125
0.101875
0.101914
0.10125
0.101875
0.100625
0.1025
0.101875
0.101914
0.102539
0.096289
0.100039
0.098164
0.096914
0.099414
0.100664
0.099414
0.100039
0.099414
0.098789
0.100039
0.095664
0.098789
0.098789
0.099414
0.099414
0.098789
0.096914
0.096914
0.098164
0.100039
0.101914
0.100039
0.10628900000000001
0.101289
0.101914
0.100664
0.100664
0.100039
0.102539
0.10753900000000001
0.11316400000000001
0.116289
0.116289
0.116289
0.11503900000000002
0.11441400000000002
0.11441400000000002
0.11566400000000002
0.11566400000000002
0.11566400000000002
0.11441400000000002
0.11441400000000002
0.11316400000000001
0.11378900000000002
0.113125
0.11316400000000001
0.11125
0.110625
0.11
0.10941400000000001
0.110625
0.11003900000000001
0.109375
0.10625
0.10875
0.106875
0.103125
0.104375
0.1025
0.105625
0.105625
0.10625
0.10625
0.10503900000000001
0.103789
0.10566400000000001
0.103164
0.10753900000000001
0.103164
0.10503900000000001
0.100664
0.104414
0.104414
0.10503900000000001
0.104414
0.104414
0.10566400000000001
0.103164
0.10503900000000001
0.102539
0.101289
0.101289
0.102539
0.101914
0.098789
0.100039
0.099414
0.099414
0.100664
0.101289
0.101914
0.100664
0.100039
0.100664
0.100039
0.10503900000000001
0.10878900000000001
0.11378900000000002
0.116914
0.116914
0.117539
0.11503900000000002
0.11441400000000002
0.11566400000000002
0.116914
0.117539
0.11566400000000002
0.11566400000000002
0.11441400000000002
0.11441400000000002
0.11503900000000002
0.11378900000000002
0.11191400000000001
0.11191400000000001
0.109375
0.108125
0.11066400000000001
0.11125
0.110625
0.110625
0.11
0.111875
0.109375
0.105625
0.1075
0.108125
0.1125
0.106875
0.10625
0.10753900000000001
0.10753900000000001
0.10628900000000001
0.10816400000000001
0.10628900000000001
