0.13503900000000002
0.141289
0.14941400000000002
0.15066400000000002
0.158789
0.152539
0.153789
0.15625
0.15316400000000002
0.153125
0.153789
0.15375
0.15375
0.15375
0.151289
0.15125
0.14941400000000002
0.145625
0.145
0.145
0.1425
0.14375
0.14375
0.144375
0.143789
0.14691400000000002
0.15191400000000002
0.15441400000000002
0.158164
0.157539
0.157539
0.157539
0.157539
0.157539
0.158789
0.16253900000000002
0.166914
0.16503900000000002
0.170664
0.173789
0.176289
0.176289
0.175039
0.17566400000000001
0.175039
0.173789
0.173164
0.176289
0.173789
0.174414
0.173164
0.173164
0.172539
0.171914
0.17003900000000002
0.169414
0.168164
0.16753900000000002
0.16878900000000002
0.16378900000000002
0.166914
0.16503900000000002
0.16503900000000002
0.16253900000000002
0.16378900000000002
0.16378900000000002
0.16253900000000002
0.163164
0.16128900000000002
0.16128900000000002
0.161914
0.16253900000000002
0.16003900000000001
0.16128900000000002
0.159375
0.159375
0.160664
0.16003900000000001
0.160625
0.160625
0.16
0.160625
0.156914
0.156875
0.158125
0.155
0.15375
0.155625
0.155625
0.156914
0.156289
0.156914
0.164414
0.166914
0.171914
0.173164
0.171914
0.173164
0.171914
0.173164
0.173164
0.173164
0.171914
0.173789
0.171914
0.16378900000000002
0.170664
0.168164
0.16753900000000002
0.169414
0.170664
0.171289
0.168164
0.16753900000000002
0.168164
0.168164
0.169414
0.16878900000000002
0.170664
0.170664
0.171289
0.171914
0.170664
0.170664
0.170664
0.170664
0.170664
0.16628900000000002
0.169414
0.165664
0.168164
0.171289
0.171289
0.170664
0.171289
0.171289
0.17003900000000002
0.171914
0.16753900000000002
0.16753900000000002
0.17003900000000002
0.170664
0.17003900000000002
0.170664
0.169414
0.171289
0.171914
0.173125
0.173125
0.17
0.1725
0.16875
0.168125
0.168125
0.168125
0.170625
0.175039
0.176289
0.178125
0.182539
0.187539
0.194414
0.193164
0.194414
0.19128900000000001
0.19378900000000002
0.19628900000000002
0.19628900000000002
0.195664
0.19503900000000002
0.19378900000000002
0.19378900000000002
0.195664
0.193164
0.19253900000000002
0.19128900000000001
0.19253900000000002
0.191914
0.190039
0.188789
0.188789
0.188164
0.188164
0.187539
0.187539
0.186914
0.18566400000000002
0.188164
0.186914
0.187539
0.188164
0.187539
0.186289
0.188789
0.186914
0.18566400000000002
0.188164
0.190039
0.18316400000000002
0.188789
0.189414
0.187539
0.186914
0.18441400000000002
0.187539
0.18441400000000002
0.18566400000000002
0.186289
0.186289
0.186914
0.1875
0.188164
0.187539
0.1875
0.1875
0.186875
0.18625
0.186875
0.18375
0.183125
0.181875
0.181875
0.183125
0.180039
0.18191400000000002
0.185039
0.187539
0.194414
0.194414
0.195664
0.19753900000000002
0.200664
0.203789
0.21003899999999998
0.21128899999999998
0.21378899999999998
0.221914
0.223789
0.227539
0.231289
0.23691399999999999
0.22941399999999998
0.23066399999999998
0.232539
0.232539
0.237539
0.240664
0.24128899999999998
0.24753899999999998
0.25503899999999996
0.253789
0.24628899999999998
0.250664
0.251289
0.256289
0.248164
0.24628899999999998
0.244414
0.24253899999999998
0.240664
0.24003899999999997
0.239414
0.238164
0.23691399999999999
0.237539
0.24128899999999998
0.23878899999999997
0.24128899999999998
0.24503899999999998
0.245664
0.24503899999999998
0.243164
0.243164
0.24003899999999997
0.24128899999999998
0.235625
0.237539
0.23625
0.23566399999999998
0.234375
0.23316399999999998
0.231289
0.231875
0.239375
0.235
0.239375
0.240625
0.240625
0.24125
0.241914
0.243164
0.241914
0.245664
0.250039
0.263164
0.26253899999999997
0.264414
0.261914
0.264414
0.264414
0.26253899999999997
0.261289
0.261289
0.261914
0.263164
0.26503899999999997
0.264414
0.265664
0.271289
0.273789
0.271289
0.269414
0.274414
0.281914
0.288164
0.290039
0.287539
0.289414
0.29128899999999996
0.290039
0.293164
0.288164
0.28628899999999996
0.28316399999999997
0.28066399999999997
0.27816399999999997
0.276289
0.275039
0.273789
0.271289
0.27066399999999996
0.268164
0.266289
0.266914
0.263164
0.263164
0.261914
0.26003899999999996
0.261914
0.266914
0.264414
0.263789
0.272539
0.274375
0.271875
0.273125
0.274375
0.274375
0.274375
0.2725
0.275039
0.27125
0.261875
0.268164
0.270039
0.266914
0.272539
0.274414
0.27316399999999996
0.280039
0.281914
0.285664
0.285664
0.285664
0.285039
0.28628899999999996
0.286914
0.283789
0.284414
0.284414
0.28316399999999997
0.284414
0.28628899999999996
0.285664
0.283789
0.291914
0.295039
0.303164
0.310664
0.313789
0.315039
0.315039
0.315039
0.31753899999999996
0.32003899999999996
0.318789
0.323789
0.320664
0.319414
0.316289
0.316914
0.315664
0.31441399999999997
0.313164
0.312539
0.313164
0.310664
0.30941399999999997
0.32253899999999996
0.325664
0.335039
0.341914
0.34316399999999997
0.342539
0.34316399999999997
0.345039
0.349414
0.352539
0.353125
0.359375
0.364375
0.363789
0.363125
0.36625
0.375
0.3825
0.38253899999999996
0.388789
0.39375
0.393789
0.39
0.391914
0.401289
0.41
0.411875
0.416914
0.42316400000000004
0.43316400000000005
0.434414
0.43378900000000004
0.429414
0.432539
0.43378900000000004
0.43378900000000004
0.432539
0.43003900000000006
0.42878900000000003
0.43066400000000005
0.43566400000000005
0.43566400000000005
0.440039
0.442539
0.45128900000000005
0.44128900000000004
0.43878900000000004
0.436914
0.435039
0.432539
0.43066400000000005
0.43003900000000006
0.426914
0.42753900000000006
0.423789
0.423789
0.423789
0.42066400000000004
0.41816400000000004
0.41753900000000005
0.416289
0.413789
0.41316400000000003
0.41191400000000006
0.411289
0.41191400000000006
0.41253900000000004
0.409414
0.416914
0.41816400000000004
0.418789
0.426914
0.43066400000000005
0.43316400000000005
0.43128900000000003
0.43066400000000005
0.431914
0.432539
0.432539
0.43125
0.43066400000000005
0.429414
0.428125
0.42625
0.424375
0.423789
0.424375
0.42566400000000004
0.42375
0.42753900000000006
0.421914
0.42003900000000005
0.42375
0.423789
0.42878900000000003
0.43066400000000005
0.43316400000000005
0.435039
0.44441400000000003
0.442539
0.43378900000000004
0.442539
0.450039
0.45878900000000006
0.45753900000000003
0.45753900000000003
0.463164
0.47003900000000004
0.471289
0.48003900000000005
0.491914
0.49816400000000005
0.49816400000000005
0.49566400000000005
0.500664
0.506289
0.505664
0.505039
0.504414
0.505039
0.5081640000000001
0.510664
0.505039
0.510039
0.5081640000000001
0.5075390000000001
0.509414
0.5075390000000001
0.505664
0.505664
0.5069140000000001
0.5075390000000001
0.5075390000000001
0.506289
0.515039
0.511914
0.516914
0.520664
0.521914
0.524414
0.532539
0.5387890000000001
0.5444140000000001
0.558164
0.56375
0.566914
0.56375
0.566289
0.564375
0.56625
0.5650390000000001
0.56375
0.560625
0.558789
0.556875
0.553125
0.550664
0.548164
0.546289
0.551289
0.545664
0.551289
0.552539
0.5544140000000001
0.5537890000000001
0.551914
0.5494140000000001
0.545664
0.545039
0.5444140000000001
0.5437890000000001
0.540664
0.543164
0.546289
0.547539
0.555664
0.5594140000000001
0.5600390000000001
0.5550390000000001
0.556914
0.568789
0.563164
0.567539
0.568789
0.567539
0.566914
0.566914
0.566289
0.566914
0.566914
0.577539
0.568789
0.5700390000000001
0.568789
0.571914
0.5700390000000001
0.568164
0.568164
0.571289
0.577539
0.573789
0.576914
0.5800390000000001
0.578164
0.576289
0.577539
0.577539
0.5756640000000001
0.572539
0.5706640000000001
0.568789
0.568789
0.568164
0.563789
0.565625
0.563125
0.57
0.572539
0.5750390000000001
0.579375
0.581914
0.579414
0.57875
0.576875
0.575
0.5775
0.573164
0.576914
0.584414
0.588789
0.588789
0.598164
0.609414
0.6162890000000001
0.6125390000000001
0.613164
0.6125390000000001
0.615664
0.614414
0.6125390000000001
0.610039
0.608164
0.605039
0.6012890000000001
0.6019140000000001
0.597539
0.5962890000000001
0.598789
0.5962890000000001
0.5956640000000001
0.594414
0.593789
0.593164
0.593789
0.592539
0.5912890000000001
0.5906640000000001
0.5912890000000001
0.5906640000000001
0.592539
0.592539
0.5906640000000001
0.588164
0.588164
0.592539
0.591914
0.592539
0.593789
0.590039
0.593789
0.593789
0.599414
0.603789
0.603789
0.6062890000000001
0.607539
0.604414
0.602539
0.602539
0.599414
0.602539
0.614414
0.61875
0.626289
0.63625
0.64
0.6375
0.635
0.634414
0.633125
0.630039
0.630039
0.625039
0.626289
0.6275390000000001
0.6281640000000001
0.630039
0.630664
0.630039
0.625664
0.623789
0.621289
0.618164
0.615039
0.610664
0.608789
0.6119140000000001
0.6169140000000001
0.6169140000000001
0.618164
0.618164
0.615664
0.6169140000000001
0.619414
0.618789
0.621289
0.618789
0.619414
0.6219140000000001
0.620039
0.618789
0.620664
0.621289
0.623164
0.620039
0.6162890000000001
0.618164
0.618789
0.6275390000000001
0.6281640000000001
0.640039
0.644414
0.645039
0.646289
0.6475390000000001
0.645664
0.6481640000000001
0.645039
0.652539
0.651289
0.654414
0.656289
0.655664
0.6537890000000001
0.6537890000000001
0.6537890000000001
0.650664
0.649414
0.646914
0.6437890000000001
0.6425
0.640664
0.6381640000000001
0.635625
0.634375
0.631875
0.628125
0.625
0.6225390000000001
0.620625
0.620625
0.624414
0.630664
0.633789
0.6319140000000001
0.630664
0.629414
0.6281640000000001
0.625664
0.625664
0.619414
0.6225390000000001
0.625039
0.6275390000000001
0.635039
0.6381640000000001
0.6375390000000001
0.635039
0.634414
0.636289
0.636914
0.640664
0.641289
0.640664
0.651289
0.645039
0.6475390000000001
0.650039
0.650039
0.652539
0.654414
0.654414
0.655664
0.655664
0.661289
0.6637890000000001
0.6581640000000001
0.654414
0.651914
0.650039
0.6481640000000001
0.646289
0.645039
0.645039
0.641289
0.636914
0.6375390000000001
0.636914
0.635664
0.639414
0.638789
0.6375390000000001
0.634414
0.634414
0.629414
0.635625
0.633789
0.633789
0.638125
0.638125
0.63625
0.635039
0.6331640000000001
0.629375
0.629375
0.625039
0.628125
0.625039
0.6281640000000001
0.634414
0.638789
0.636914
0.635039
0.6331640000000001
0.633789
0.6325390000000001
0.628789
0.6331640000000001
0.625664
0.623164
0.618164
0.615664
0.615039
0.613789
0.6119140000000001
0.6112890000000001
0.610664
0.613789
0.615039
0.6169140000000001
0.620664
0.624414
0.625664
0.624414
0.624414
0.621289
0.619414
0.618789
0.618164
0.615664
0.6119140000000001
0.609414
0.610664
0.614414
0.621289
0.620039
0.625664
0.633789
0.636289
0.636289
0.635664
0.6331640000000001
0.6319140000000001
0.628789
0.630039
0.6275390000000001
0.628789
0.631289
0.6325390000000001
0.629414
0.6325390000000001
0.6319140000000001
0.628125
0.63
0.6325390000000001
0.623789
0.625
0.623164
0.6225
0.623789
0.6225
0.623125
0.623164
0.620664
0.629414
0.631289
0.6275390000000001
0.626289
0.629414
0.630664
0.630039
0.6325390000000001
0.633789
0.631289
0.6325390000000001
0.629414
0.6281640000000001
0.625039
0.6225390000000001
0.624414
0.626289
0.629414
0.6275390000000001
0.628789
0.636914
0.641289
0.640664
0.6381640000000001
0.636914
0.635039
0.634414
0.6319140000000001
0.629414
0.6275390000000001
0.625039
0.625664
0.621289
0.625039
0.630664
0.629414
0.636289
0.641289
0.641914
0.638789
0.639414
0.636289
0.636289
0.630664
0.623164
0.625039
0.623164
0.618164
0.620664
0.6225390000000001
0.623789
0.623789
0.623164
0.623164
0.625625
0.6281640000000001
0.624375
0.623125
0.620625
0.618125
0.61625
0.61375
0.6125
0.608789
0.605664
0.603125
0.598164
0.608789
0.610039
0.613789
0.613164
0.6119140000000001
0.6125390000000001
0.610039
0.608789
0.605664
0.604414
0.6012890000000001
0.6062890000000001
0.610664
0.6112890000000001
0.6169140000000001
0.618789
0.6162890000000001
0.614414
0.6119140000000001
0.6125390000000001
0.613164
0.615664
0.618789
0.6169140000000001
0.620664
0.620664
0.6219140000000001
0.619414
0.6175390000000001
0.618164
0.620039
0.623789
0.620039
0.618789
0.621289
0.6225390000000001
0.621289
0.620039
0.6175390000000001
0.618789
0.624414
0.628789
0.6281640000000001
0.6331640000000001
0.641289
0.641289
0.641289
0.636914
0.635039
0.635039
0.6331640000000001
0.6325390000000001
0.6319140000000001
0.630664
0.628125
0.626289
0.625664
0.6275
0.6275
0.625
0.621289
0.6175390000000001
0.61375
0.609414
0.608164
0.610039
0.610664
0.615039
0.615664
0.619414
0.615625
0.614414
0.613164
0.6112890000000001
0.608789
0.6062890000000001
0.608789
0.6069140000000001
0.6069140000000001
0.6069140000000001
0.609414
0.604414
0.604414
0.603164
0.604414
0.6112890000000001
0.610039
0.613789
0.618789
0.619414
0.6162890000000001
0.613789
0.6119140000000001
0.610039
0.608789
0.6062890000000001
0.605039
0.6019140000000001
0.599414
0.598164
0.5962890000000001
0.605664
0.6112890000000001
0.613164
0.6225390000000001
0.630664
0.6325390000000001
0.629414
0.6281640000000001
0.6281640000000001
0.6281640000000001
0.624414
0.626289
0.6219140000000001
0.619414
0.6175390000000001
0.6125390000000001
0.610039
0.6069140000000001
0.603164
0.60125
0.599375
0.594375
0.594375
0.5906640000000001
0.588125
0.589414
0.582539
0.5800390000000001
0.5775
0.5750390000000001
0.573789
0.571875
0.5756640000000001
0.578164
0.578164
0.5756640000000001
0.571914
0.573789
0.572539
0.5694140000000001
0.5700390000000001
0.572539
0.572539
0.571914
0.566914
0.577539
0.5806640000000001
0.5806640000000001
0.582539
0.5800390000000001
0.5812890000000001
0.578164
0.5756640000000001
0.572539
0.573789
0.567539
0.566914
0.566289
0.566289
0.563164
0.562539
0.561289
0.5600390000000001
0.561289
0.568164
0.5706640000000001
0.568164
0.572539
0.5644140000000001
0.563789
0.5656640000000001
0.571289
0.573164
0.576914
0.5812890000000001
0.584414
0.5962890000000001
0.599414
0.5969140000000001
0.597539
0.599414
0.604414
0.603789
0.6012890000000001
0.598164
0.5962890000000001
0.595625
0.5925
0.591914
0.5906640000000001
0.5862890000000001
0.588164
0.584414
0.586914
0.585
0.58625
0.590039
0.588789
0.5912890000000001
0.600625
0.605039
0.6119140000000001
0.614414
0.614414
0.6125390000000001
0.6119140000000001
0.6112890000000001
0.6112890000000001
0.6112890000000001
0.613789
0.621289
0.618164
0.619414
0.623789
0.624414
0.623164
0.621289
0.620664
0.625039
0.630664
0.628789
0.630664
0.631289
0.633789
0.6325390000000001
0.631289
0.6281640000000001
0.625039
0.624414
0.623164
0.623164
0.6225390000000001
0.623789
0.625664
0.624414
0.625039
0.6275390000000001
0.625664
0.623164
0.620039
0.620039
0.6175390000000001
0.6169140000000001
0.623789
0.625664
0.625664
0.633789
0.6375390000000001
0.633789
0.6325390000000001
0.6325390000000001
0.6325390000000001
0.6281640000000001
0.625625
0.623125
0.620664
0.6169140000000001
0.614414
0.6119140000000001
0.610039
0.608164
0.60375
0.6006640000000001
0.598789
0.595039
0.598125
0.604414
0.6006640000000001
0.604414
0.599414
0.600039
0.603164
0.6062890000000001
0.602539
0.598164
0.597539
0.598164
0.5962890000000001
0.593164
0.591914
0.588789
0.589414
0.5862890000000001
0.582539
0.5812890000000001
0.578164
0.578164
0.5812890000000001
0.5812890000000001
0.584414
0.584414
0.588164
0.582539
0.5850390000000001
0.5856640000000001
0.5850390000000001
0.583789
0.582539
0.5812890000000001
0.5806640000000001
0.579414
0.573164
0.571914
0.572539
0.5706640000000001
0.568164
0.566289
0.563789
0.561914
0.560664
0.558789
0.556914
0.5537890000000001
0.560664
0.5500390000000001
0.5494140000000001
0.553164
0.551914
0.558164
0.55875
0.5644140000000001
0.569375
0.571914
0.5700390000000001
0.573125
0.5700390000000001
0.568164
0.5650390000000001
0.566289
0.564375
0.561875
0.560625
0.56375
0.565625
0.5700390000000001
0.570625
0.566914
0.566914
0.566289
0.5650390000000001
0.563164
0.561289
0.558789
0.556914
0.556289
0.5550390000000001
0.553164
0.551914
0.5487890000000001
0.545664
0.546289
0.5437890000000001
0.540664
0.5381640000000001
0.537539
0.535664
0.535664
0.530664
0.5281640000000001
0.530039
0.531914
0.5281640000000001
0.531914
0.530664
0.531289
0.530664
0.529414
0.536289
0.535039
0.5394140000000001
0.543164
0.545664
0.540664
0.5437890000000001
0.546914
0.546914
0.546914
0.5444140000000001
0.543164
0.546914
0.5550390000000001
0.555
0.557539
0.563789
0.566914
0.5650390000000001
0.564375
0.562539
0.561914
0.561289
0.559375
0.551914
0.555
0.54875
0.54875
0.545
0.541875
0.540625
0.536914
0.541875
0.54375
0.546875
0.5437890000000001
0.540664
0.541289
0.542539
0.547539
0.5444140000000001
0.546914
0.546914
0.545664
0.545664
0.5444140000000001
0.5394140000000001
0.5331640000000001
0.535664
0.5344140000000001
0.5331640000000001
0.530664
0.5281640000000001
0.525039
0.5231640000000001
0.521289
0.5187890000000001
0.515664
0.514414
0.5125390000000001
0.511914
0.510039
0.509414
0.506289
0.5069140000000001
0.506289
0.504414
0.503789
0.505039
0.5025390000000001
0.5025390000000001
0.49628900000000004
0.497539
0.495039
0.494414
0.49316400000000005
0.49253900000000006
0.49066400000000004
0.48878900000000003
0.48753900000000006
0.48253900000000005
0.48003900000000005
0.48003900000000005
0.47691400000000006
0.47753900000000005
0.47566400000000003
0.47441400000000006
0.47375
0.473789
0.471289
0.4725
0.473125
0.474375
0.4775
0.48125
0.48
0.481914
0.480625
0.478125
0.4825
0.485625
0.486914
0.48316400000000004
0.48878900000000003
0.49628900000000004
0.5019140000000001
0.500664
0.509414
0.5175390000000001
0.5175390000000001
0.515039
0.514414
0.520664
0.526914
0.526914
0.527539
0.529414
0.5287890000000001
0.5287890000000001
0.540664
0.5437890000000001
0.5487890000000001
0.561289
0.563164
0.561289
0.561289
0.566289
0.568789
0.5656640000000001
0.563789
0.5644140000000001
0.563789
0.5600390000000001
0.556289
0.552539
0.5500390000000001
0.545039
0.536289
0.536289
0.531289
0.5287890000000001
0.524414
0.521289
0.516914
0.513789
0.5081640000000001
0.5069140000000001
0.500664
0.49316400000000005
0.49316400000000005
0.491914
0.48503900000000005
0.484414
0.483789
0.48316400000000004
0.483125
0.48316400000000004
0.485625
0.48375
0.48875
0.4975
0.50375
0.50375
0.5
0.500625
0.5069140000000001
0.513789
0.5131640000000001
0.515
0.516914
0.511289
0.5125390000000001
0.508789
0.5081640000000001
0.509414
0.516289
0.516289
0.5175390000000001
0.521289
0.5237890000000001
0.5225390000000001
0.515664
0.5175390000000001
0.513789
0.505664
0.503789
0.5019140000000001
0.49878900000000004
0.49628900000000004
0.494414
0.49128900000000003
0.48878900000000003
0.48316400000000004
0.47691400000000006
0.479414
0.47753900000000005
0.48066400000000004
0.47441400000000006
0.47191400000000006
0.47003900000000004
0.468164
0.46941400000000005
0.471289
0.47003900000000004
0.473789
0.47316400000000003
0.47253900000000004
0.470664
0.468789
0.47191400000000006
0.476289
0.47503900000000004
0.47816400000000003
0.48066400000000004
0.48253900000000005
0.481289
0.478789
0.47691400000000006
0.48066400000000004
0.47816400000000003
0.475625
0.474375
0.4725
0.470625
0.470625
0.47125
0.466875
0.46941400000000005
0.470625
0.47625
0.478125
0.481875
0.48125
0.485625
0.49003900000000006
0.48878900000000003
0.489414
0.48878900000000003
0.48566400000000004
0.484414
0.484414
0.48753900000000006
0.484414
0.48253900000000005
0.481289
0.48066400000000004
0.481289
0.481914
0.479414
0.48003900000000005
0.47816400000000003
0.47753900000000005
0.473789
0.47253900000000004
0.47253900000000004
0.46941400000000005
0.468164
0.466289
0.463789
0.463164
0.463789
0.46003900000000003
0.46253900000000003
0.45753900000000003
0.45941400000000004
0.45878900000000006
0.45691400000000004
0.45628900000000006
0.455664
0.45691400000000004
0.45753900000000003
0.458164
0.460664
0.46003900000000003
0.460664
0.45691400000000004
0.45628900000000006
0.45628900000000006
0.45378900000000005
0.45441400000000004
0.453164
0.455664
0.452539
0.45441400000000004
0.45191400000000004
0.452539
0.4475
0.44941400000000004
0.44941400000000004
0.44875
0.448125
0.448125
0.45
0.445625
0.44378900000000004
0.44375
0.44
0.44128900000000004
0.44125
0.445625
0.45
0.452539
0.45191400000000004
0.4525
0.45191400000000004
0.45378900000000005
0.45128900000000005
0.45128900000000005
0.45128900000000005
0.44941400000000004
0.44691400000000003
0.44628900000000005
0.44566400000000006
0.44566400000000006
0.44628900000000005
0.44566400000000006
0.44066400000000006
0.445039
0.445039
0.44941400000000004
0.452539
0.453164
0.45628900000000006
0.45941400000000004
0.458164
0.45691400000000004
0.458164
0.455039
0.46003900000000003
0.45691400000000004
0.45753900000000003
0.455039
0.45628900000000006
0.45691400000000004
0.45941400000000004
0.45941400000000004
0.463164
0.468164
0.46691400000000005
0.46441400000000005
0.46441400000000005
0.463164
0.468164
0.46191400000000005
0.46128900000000006
0.45941400000000004
0.45691400000000004
0.45628900000000006
0.45628900000000006
0.452539
0.450664
0.453164
0.458164
0.458125
0.4625
0.4675
0.471875
0.471875
0.47125
0.46875
0.4675
0.468125
0.46375
0.46253900000000003
0.45878900000000006
0.46375
0.463789
0.468164
0.469375
0.468125
0.466289
0.466289
0.460664
0.463164
0.45878900000000006
0.458164
0.45378900000000005
0.45128900000000005
0.447539
0.44628900000000005
0.445039
0.44566400000000006
0.450039
0.450039
0.455039
0.458164
0.463164
0.463164
0.460664
0.46128900000000006
0.46191400000000005
0.458164
0.455039
0.46003900000000003
0.465664
0.466289
0.468789
0.47503900000000004
0.48003900000000005
0.486289
0.483789
0.479414
0.479414
0.478789
0.47816400000000003
0.47566400000000003
0.473789
0.468789
0.46941400000000005
0.463164
0.46191400000000005
0.458164
0.455664
0.452539
0.450039
0.447539
0.44566400000000006
0.44128900000000004
0.43816400000000005
0.43878900000000004
0.43628900000000004
0.435625
0.440625
0.440625
0.448125
0.45753900000000003
0.459375
0.45628900000000006
0.454375
0.453125
0.454375
0.450039
0.45375
0.45191400000000004
0.450039
0.448125
0.44691400000000003
0.44628900000000005
0.450664
0.448164
0.439414
0.44378900000000004
0.44066400000000006
0.447539
0.439414
0.43628900000000004
0.434414
0.43378900000000004
0.437539
0.43878900000000004
0.43816400000000005
0.44128900000000004
0.43878900000000004
0.437539
0.436914
0.432539
0.43003900000000006
0.429414
0.42566400000000004
0.42316400000000004
0.421289
0.421914
0.416289
0.42503900000000006
0.424414
0.43003900000000006
0.43816400000000005
0.439414
0.436914
0.434414
0.432539
0.43128900000000003
0.43066400000000005
0.424414
0.42566400000000004
0.42316400000000004
0.42316400000000004
0.416289
0.416289
0.413789
0.411289
0.41003900000000004
0.409414
0.40816399999999997
0.405039
0.41066400000000003
0.401289
0.40066399999999996
0.406914
0.399414
0.398125
0.39566399999999996
0.394414
0.393125
0.3925
0.389414
0.39003899999999997
0.38625
0.385664
0.393125
0.3925
0.394375
0.39375
0.393164
0.391875
0.390664
0.39253899999999997
0.400039
0.399414
0.403789
0.40816399999999997
0.41066400000000003
0.41066400000000003
0.41003900000000004
0.408789
0.409414
0.408789
0.40816399999999997
0.403789
0.401289
0.401914
0.39816399999999996
0.401289
0.396914
0.395039
0.393164
0.39003899999999997
0.38753899999999997
0.388789
0.386289
0.388789
0.384414
0.386914
0.38503899999999996
0.38253899999999996
0.38003899999999996
0.379414
0.38003899999999996
0.381289
0.38253899999999996
0.378164
0.380664
0.378164
0.376289
0.375039
0.37441399999999997
0.375664
0.37191399999999997
0.372539
0.370664
0.36941399999999996
0.368789
0.368789
0.366289
0.3675
0.36625
0.368125
0.368125
0.368789
0.371289
0.37
0.36875
0.36875
0.365664
0.368125
0.37375
0.376289
0.37875
0.383125
0.388789
0.388125
0.38753899999999997
0.388789
0.391289
0.39003899999999997
0.391914
0.389414
0.388789
0.383164
0.38253899999999996
0.381914
0.380664
0.380664
0.381914
0.384414
0.381289
0.378789
0.384414
0.385664
0.383164
0.381914
0.38003899999999996
0.379414
0.376289
0.37691399999999997
0.375039
0.375039
0.37441399999999997
0.373164
0.37191399999999997
0.372539
0.37191399999999997
0.370039
0.370039
0.368164
0.367539
0.36691399999999996
0.370664
0.373164
0.378789
0.38003899999999996
0.388164
0.394414
0.39566399999999996
0.394414
0.394414
0.393789
0.393789
0.395039
0.388789
0.388164
0.396289
0.408789
0.41191400000000006
0.41566400000000003
0.424375
0.43625
0.442539
0.445
0.44316400000000006
0.440625
0.4375
0.44875
0.451875
0.446875
0.446875
0.44878900000000005
0.450664
0.44878900000000005
0.44691400000000003
0.44691400000000003
0.44316400000000006
0.44128900000000004
0.44066400000000006
0.437539
0.434414
0.43378900000000004
0.43066400000000005
0.42816400000000004
0.42566400000000004
0.42316400000000004
0.42003900000000005
0.41816400000000004
0.41753900000000005
0.41253900000000004
0.413789
0.41503900000000005
0.416289
0.41816400000000004
0.42253900000000005
0.42503900000000006
0.424414
0.423789
0.43003900000000006
0.43066400000000005
0.43066400000000005
0.42878900000000003
0.42628900000000003
0.42566400000000004
0.424414
0.429414
0.432539
0.43066400000000005
0.42816400000000004
0.429414
0.43003900000000006
0.435039
0.44566400000000006
0.44691400000000003
0.452539
0.460664
0.46003900000000003
0.45691400000000004
0.45628900000000006
0.45441400000000004
0.455039
0.450039
0.44628900000000005
0.44628900000000005
0.44441400000000003
0.44125
0.43878900000000004
0.43625
0.43566400000000005
0.431875
0.429375
0.426875
0.42375
0.424375
0.425
0.42875
0.429414
0.42878900000000003
0.42628900000000003
0.425
0.423789
0.421914
0.421289
0.42003900000000005
0.416289
0.413789
0.411289
0.41003900000000004
0.411289
0.408789
0.40816399999999997
0.40816399999999997
0.406289
0.40566399999999997
0.403789
0.401914
0.40066399999999996
0.401289
0.39566399999999996
0.401289
0.396289
0.394414
0.393789
0.39253899999999997
0.391914
0.39253899999999997
0.388789
0.38253899999999996
0.388164
0.389414
0.393164
0.384414
0.383789
0.38253899999999996
0.381914
0.380664
0.379414
0.378789
0.378789
0.377539
0.377539
0.377539
0.375664
0.375664
0.37441399999999997
0.373789
0.373789
0.373164
0.373164
0.36941399999999996
0.37191399999999997
0.368789
0.37125
0.37
0.369375
0.37125
0.370625
0.369375
0.368125
0.368164
0.368164
0.374375
0.3775
0.379414
0.380664
0.379414
0.38003899999999996
0.380664
0.38003899999999996
0.381289
0.380664
0.377539
0.38503899999999996
0.377539
0.377539
0.371289
0.375664
0.37441399999999997
0.372539
0.372539
0.372539
0.372539
0.370664
0.36941399999999996
0.368789
0.36691399999999996
0.366289
0.367539
0.365039
0.365039
0.36441399999999996
0.36441399999999996
0.363789
0.365039
0.368164
0.366289
0.371289
0.368789
0.366289
0.365664
0.365039
0.365039
0.365039
0.363789
0.363789
0.362539
0.363164
0.362539
0.363164
0.365039
0.363164
0.362539
0.363164
0.36128899999999997
0.360664
0.36128899999999997
0.359414
0.35878899999999997
0.358164
0.3575
0.35128899999999996
0.355664
0.35628899999999997
0.355625
0.353125
0.35125
0.351875
0.354414
0.350664
0.360625
0.360664
0.357539
0.360664
0.361914
0.36128899999999997
0.36128899999999997
0.360664
0.35878899999999997
0.358164
0.356914
0.353164
0.353164
0.35128899999999996
0.350039
0.348164
0.346289
0.34566399999999997
0.343789
0.34316399999999997
0.342539
0.336914
0.337539
0.336914
0.33566399999999996
0.331914
0.331289
0.330664
0.328164
0.328789
0.32753899999999997
0.328789
0.326914
0.332539
0.33003899999999997
0.326289
0.323164
0.324414
0.32253899999999996
0.321289
0.32003899999999996
0.319414
0.319414
0.316289
0.30941399999999997
0.313789
0.313164
0.315664
0.310039
0.30691399999999996
0.306289
0.30441399999999996
0.303164
0.303164
0.300039
0.300039
0.296875
0.295664
0.294375
0.29375
0.293125
0.291875
0.290664
0.287539
0.287539
0.291875
0.290625
0.295664
0.294414
0.294375
0.29378899999999997
0.2925
0.291914
0.290039
0.28878899999999996
0.286914
0.288164
0.28066399999999997
0.27816399999999997
0.281289
0.278789
0.276914
0.27566399999999996
0.272539
0.271914
0.270039
0.268789
0.268164
0.265664
0.268789
0.261289
0.259414
0.25753899999999996
0.25503899999999996
0.253789
0.253164
0.251289
0.250039
0.250664
0.248164
0.245664
0.24628899999999998
0.24503899999999998
0.24753899999999998
0.250039
0.253164
0.256289
0.258164
0.256914
0.255664
0.255664
0.256289
0.251289
0.25503899999999996
0.250664
0.248164
0.248164
0.245664
0.24378899999999998
0.241914
0.24128899999999998
0.24
0.23875
0.235039
0.235625
0.233125
0.230039
0.22941399999999998
0.226875
0.224375
0.223125
0.225
0.2275
0.22941399999999998
0.23316399999999998
0.231289
0.228789
0.227539
0.22691399999999998
0.22566399999999998
0.22441399999999997
0.222539
0.22003899999999998
0.220664
0.216914
0.213164
0.21128899999999998
0.21003899999999998
0.20566399999999999
0.208164
0.20566399999999999
0.203789
0.203164
0.201914
0.20003900000000002
0.198164
0.19753900000000002
0.194414
0.19378900000000002
0.193164
0.191914
0.190039
0.190039
0.188789
0.186914
0.186914
0.187539
0.18191400000000002
0.18441400000000002
0.182539
0.17941400000000002
0.180039
0.178789
0.17691400000000002
0.175039
0.173789
0.173789
0.173789
0.170664
0.17566400000000001
0.170664
0.171289
0.168164
0.168164
0.166914
0.16503900000000002
0.16378900000000002
0.164375
0.16378900000000002
0.16125
0.168125
0.160664
0.159375
0.168125
0.16125
0.159414
0.156914
0.156875
0.1625
0.16503900000000002
0.1675
0.168164
0.16628900000000002
0.165
0.165
0.168164
0.168164
0.166914
0.16628900000000002
0.164414
0.163164
0.16253900000000002
0.158789
0.160664
0.156289
0.157539
0.156914
0.15441400000000002
0.15316400000000002
0.152539
0.15191400000000002
0.150039
0.15066400000000002
0.146289
0.145039
0.146289
0.14441400000000001
0.142539
0.142539
0.14566400000000002
0.143789
0.143789
0.14441400000000001
0.14441400000000001
0.142539
0.151289
0.140664
0.140039
