0.5825186668989768
0.6039553561740624
0.6950406678072591
0.6145508990939982
0.5354252107171864
0.6664576033428998
0.6167728980857347
0.631726571827766
0.6091996600536512
0.6159694512378625
0.605436440786982
0.5380280099713678
0.7268099359900687
0.5549483058854507
0.7449237594604321
0.6050098774685002
0.41816054666681807
0.6060846428594755
0.6125380101407751
0.5821040367404917
0.6661853447211522
0.5782088010122475
0.6489895183011813
0.6007697345802954
0.5537669802597053
0.585371026027894
0.5417830422133104
