1.53
1.52531
1.52
1.525
1.52531
1.52031
1.52031
1.52031
1.53031
1.57031
1.61531
1.65031
1.6553099999999998
1.65031
1.6553099999999998
1.66031
1.65031
1.64031
1.63031
1.62531
1.6203100000000001
1.6203100000000001
1.6103100000000001
1.6103100000000001
1.615
1.61531
1.61
1.6003100000000001
1.6003100000000001
1.58531
1.5903100000000001
1.59531
1.5903100000000001
1.59531
1.58531
1.565
1.57031
1.57031
1.58031
1.57
1.56031
1.55531
1.54531
1.55031
1.54531
1.54531
1.53531
1.52531
1.52031
1.51031
1.51
1.5
1.5
1.50031
1.4953100000000001
1.49031
1.50031
1.4753100000000001
1.48
1.4753100000000001
1.47031
1.46
1.46
1.4753100000000001
1.4753100000000001
1.4753100000000001
1.4753100000000001
1.47031
1.4953100000000001
1.54531
1.565
1.61
1.65031
1.665
1.66031
1.6953099999999999
1.725
1.7803099999999998
1.8003099999999999
1.7803099999999998
1.8053099999999997
1.8203099999999999
1.8153099999999998
1.8053099999999997
1.7903099999999998
1.7803099999999998
1.77
1.755
1.745
1.73531
1.72531
1.7203099999999998
1.7103099999999998
1.7003099999999998
1.695
1.6803099999999997
1.6753099999999999
1.67031
1.6903099999999998
1.7203099999999998
1.72
1.7503099999999998
1.77531
1.7903099999999998
1.77531
1.76531
1.75531
1.76531
1.76531
1.765
1.7503099999999998
1.7403099999999998
1.73531
1.7703099999999998
1.8303099999999999
1.86031
1.9053099999999998
1.97531
1.98531
2.00031
2.0653099999999998
2.06031
2.0903099999999997
2.12531
2.14031
2.1303099999999997
2.12031
2.12531
2.10531
2.09531
2.0853099999999998
2.0703099999999997
2.06
2.04031
2.03031
2.02031
2.0053099999999997
1.99
1.9803099999999998
1.9703099999999998
1.96531
1.9603099999999998
1.97531
1.99
2.0453099999999997
2.0703099999999997
2.0453099999999997
2.04031
2.03031
2.02031
2.01031
2.00031
1.9903099999999998
1.98531
1.97
1.96531
1.9603099999999998
1.9553099999999999
1.9403099999999998
1.9303099999999997
1.9303099999999997
1.9503099999999998
2.00031
2.03031
2.085
2.14031
2.14531
2.15531
2.1503099999999997
2.14531
2.14531
2.14031
2.1303099999999997
2.1303099999999997
2.12031
2.12031
2.1103099999999997
2.1103099999999997
2.10531
2.09531
2.0903099999999997
2.0903099999999997
2.0903099999999997
2.08031
2.0653099999999998
2.0653099999999998
2.0653099999999998
2.0503099999999996
2.0503099999999996
2.07
2.08031
2.0653099999999998
2.0703099999999997
2.0703099999999997
2.08031
2.0703099999999997
2.0703099999999997
2.0653099999999998
2.065
2.0903099999999997
2.10531
2.14031
2.1953099999999997
2.215
2.27031
2.33031
2.36531
2.36531
2.35531
2.38531
2.41031
2.43531
2.4403099999999998
2.43031
2.43031
2.41531
2.41531
2.41031
2.4003099999999997
2.39531
2.39031
2.39031
2.37531
2.37531
2.37531
2.36531
2.36531
2.3603099999999997
2.37531
2.43031
2.45031
2.4853099999999997
2.51031
2.5253099999999997
2.55531
2.585
2.66
2.6953099999999997
2.6903099999999998
2.68031
2.6903099999999998
2.74531
2.78531
2.79031
2.825
2.84531
2.8403099999999997
2.83031
2.85531
2.90531
2.9603099999999998
2.98031
3.03031
3.1103099999999997
3.12031
3.14531
3.13531
3.16531
3.20531
3.2103099999999998
3.22031
3.3153099999999998
3.45531
3.54031
3.5503099999999996
3.64
3.7353099999999997
3.8003099999999996
3.81031
3.78531
3.78531
3.7753099999999997
3.78531
3.8153099999999998
3.8603099999999997
3.85531
3.83031
3.86531
3.9403099999999998
3.95531
3.9403099999999998
3.93031
3.9253099999999996
3.91031
3.89031
3.86531
3.8353099999999998
3.80531
3.8003099999999996
3.79031
3.76531
3.75031
3.74031
3.72531
3.72531
3.74531
3.7353099999999997
3.7153099999999997
3.6953099999999997
3.6753099999999996
3.6503099999999997
3.64031
3.61531
3.59531
3.5853099999999998
3.57531
3.5653099999999998
3.5453099999999997
3.53531
3.53031
3.51531
3.5053099999999997
3.49531
3.48031
3.47031
3.4603099999999998
3.45031
3.43031
3.43531
3.4453099999999997
3.4203099999999997
3.4203099999999997
3.43031
3.4253099999999996
3.41031
3.41031
3.41031
3.41031
3.41031
3.40531
3.4003099999999997
3.39531
3.4003099999999997
3.39531
3.39531
3.39531
3.41031
3.45031
3.49531
3.5053099999999997
3.5253099999999997
3.5253099999999997
3.54031
3.56031
3.62531
3.68531
3.68031
3.6903099999999998
3.7103099999999998
3.72531
3.74031
3.76031
3.77031
3.78031
3.78031
3.78531
3.78031
3.78031
3.78531
3.78531
3.8003099999999996
3.80531
3.7953099999999997
3.7953099999999997
3.82531
3.8803099999999997
3.89531
3.95031
4.00031
4.0153099999999995
4.02531
4.02031
4.01031
4.00031
4.00031
3.99531
4.00531
4.00031
3.99531
3.99031
3.99531
4.00031
4.00031
4.01031
4.00031
4.05031
4.15031
4.17531
4.27531
4.34031
4.35531
4.34031
4.33031
4.33031
4.33531
4.33531
4.35531
4.39531
4.435309999999999
4.44531
4.49531
4.5553099999999995
4.57531
4.560309999999999
4.59531
4.66031
4.65531
4.69031
4.69031
4.6803099999999995
4.67031
4.7253099999999995
4.78031
4.78531
4.7653099999999995
4.78531
4.78531
4.78531
4.77031
4.74031
4.72031
4.69531
4.685309999999999
4.67031
4.67531
4.66531
4.64531
4.62531
4.61031
4.61531
4.6003099999999995
4.60531
4.61031
4.59031
4.57031
4.58031
4.62031
4.63031
4.6403099999999995
4.70031
4.74031
4.75031
4.73531
4.72031
4.70531
4.69531
4.6803099999999995
4.67531
4.66031
4.67531
4.70031
4.71531
4.73031
4.79531
4.81531
4.80031
4.84031
4.87531
4.86531
4.91031
4.94031
4.92531
4.92531
4.935309999999999
4.91531
4.8903099999999995
4.87531
4.86031
4.84031
4.810309999999999
4.79031
4.77531
4.75031
4.73531
4.72031
4.70531
4.69031
4.71031
4.73531
4.75031
4.73531
4.7253099999999995
4.72031
4.70531
4.685309999999999
4.67531
4.67531
4.67031
4.685309999999999
4.7253099999999995
4.73031
4.78031
4.82531
4.84031
4.8053099999999995
4.79531
4.810309999999999
4.80031
4.810309999999999
4.83531
4.82031
4.83531
4.8503099999999995
4.85531
4.84031
4.82531
4.810309999999999
4.80031
4.79531
4.80031
4.82531
4.89531
4.90531
4.94531
4.99531
5.00031
4.98031
4.97031
4.95031
4.935309999999999
4.9303099999999995
4.95531
5.01031
5.00531
5.02531
5.060309999999999
5.07531
5.060309999999999
5.08531
5.14531
5.16031
5.20031
5.25531
5.27531
5.26031
5.29031
5.37531
5.42031
5.41531
5.46531
5.52531
5.55031
5.53031
5.53031
5.62031
5.63031
5.61531
5.66031
5.6803099999999995
5.65531
5.63031
5.61531
5.61531
5.59031
5.5553099999999995
5.52031
5.49031
5.46531
5.42531
5.38531
5.35531
5.32531
5.30031
5.2653099999999995
5.23531
5.20531
5.1803099999999995
5.16031
5.17031
5.19531
5.19031
5.21531
5.25531
5.27031
5.25531
5.24531
5.23031
5.21031
5.185309999999999
5.17531
5.17531
5.1403099999999995
5.11531
5.1003099999999995
5.09531
5.12531
5.15531
5.17531
5.20531
5.19031
5.19531
5.185309999999999
5.20531
5.2253099999999995
5.21531
5.21031
5.24531
5.3053099999999995
5.30031
5.33531
5.36531
5.36031
5.37031
5.41531
5.42531
5.46531
5.49531
5.49531
5.46531
5.44031
5.44031
5.46031
5.46031
5.44031
5.41531
5.39531
5.37531
5.36031
5.34531
5.32031
5.29531
5.2653099999999995
5.25031
5.2253099999999995
5.21031
5.185309999999999
5.16531
5.14531
5.13031
5.11531
5.09531
5.08031
5.06531
5.04531
5.04031
5.04531
5.11531
5.14531
5.19031
5.2653099999999995
5.30031
5.29531
5.33531
5.34031
5.36531
5.39531
5.40031
5.38531
5.38531
5.40531
5.39531
5.38031
5.36531
5.3503099999999995
5.35531
5.41031
5.48031
5.49531
5.5553099999999995
5.57531
5.58031
5.60531
5.6403099999999995
5.6403099999999995
5.69031
5.78531
5.84531
5.81531
5.82031
5.85531
5.90531
5.92031
5.90031
5.91031
5.91531
5.90531
5.88531
5.91531
5.9303099999999995
5.935309999999999
5.92531
5.90031
5.88031
5.87031
5.84531
5.81531
5.78031
5.75531
5.74031
5.71031
5.685309999999999
5.66531
5.63531
5.61031
5.65031
5.70531
5.70531
5.7653099999999995
5.810309999999999
5.810309999999999
5.78531
5.7653099999999995
5.75031
5.7253099999999995
5.70531
5.67531
5.65531
5.64531
5.6403099999999995
5.63031
5.65031
5.63531
5.66531
5.69531
5.69531
5.66531
5.65531
5.6403099999999995
5.6403099999999995
5.6403099999999995
5.63531
5.65531
5.65031
5.64531
5.64531
5.65531
5.69531
5.685309999999999
5.71031
5.74031
5.75531
5.73031
5.71531
5.70531
5.69031
5.67531
5.66031
5.6403099999999995
5.65031
5.6403099999999995
5.62531
5.61031
5.58531
5.56531
5.57531
5.59031
5.63031
5.62531
5.60531
5.59031
5.57031
5.55031
5.53031
5.50531
5.48031
5.47031
5.45031
5.44031
5.44031
5.435309999999999
5.4303099999999995
5.41531
5.40031
5.38531
5.38031
5.37031
5.36031
5.34031
5.32031
5.310309999999999
5.28531
5.27531
5.25531
5.24531
5.23531
5.24031
5.21531
5.21531
5.19531
5.19031
5.17031
5.16031
5.14531
5.1403099999999995
5.12531
5.11031
5.1003099999999995
5.09031
5.08531
5.08031
5.06531
5.060309999999999
5.05031
5.03531
5.02531
5.01031
5.00031
4.98531
4.96531
4.95031
4.94031
4.9303099999999995
4.92531
4.91031
4.94531
5.00531
5.02031
5.07531
5.12531
5.1403099999999995
5.12031
5.15031
5.15531
5.17531
5.16031
5.16531
5.17531
5.17031
5.15031
5.14531
5.12531
5.11531
5.11031
5.09031
5.06531
5.04531
5.03031
5.00031
4.98531
4.96031
4.94031
4.9303099999999995
4.91031
4.8903099999999995
4.87031
4.85531
4.84531
4.83531
4.82031
4.810309999999999
4.78531
4.77031
4.74531
4.7253099999999995
4.70531
4.69031
4.67031
4.66531
4.64531
4.63531
4.61531
4.60531
4.62531
4.6803099999999995
4.69031
4.73531
4.78531
4.80031
4.78031
4.77031
4.75531
4.73531
4.73031
4.71031
4.6803099999999995
4.66031
4.65031
4.63531
4.62531
4.62531
4.61031
4.59531
4.57031
4.55031
4.53031
4.52531
4.52031
4.50531
4.5153099999999995
4.52031
4.54031
4.52531
4.51031
4.50031
4.48531
4.46531
4.44531
4.41531
4.3903099999999995
4.36531
4.3503099999999995
4.32531
4.32531
4.31531
4.29531
4.27031
4.24031
4.2253099999999995
4.20531
4.185309999999999
4.17031
4.15031
4.12531
4.10531
4.09031
4.06531
4.05031
4.02531
4.00031
4.00031
4.02031
4.03031
4.03031
4.06531
4.06531
4.10531
4.11531
4.1803099999999995
4.23531
4.23031
4.2253099999999995
4.25031
4.29531
4.31531
4.30031
4.31531
4.31531
4.29531
4.25031
4.25531
4.23531
4.21031
4.17531
4.14531
4.12531
4.1003099999999995
4.08531
4.06531
4.04031
4.02531
4.00531
3.9853099999999997
3.97531
3.9653099999999997
3.9453099999999997
3.98031
3.98031
3.99031
3.97031
3.9603099999999998
3.93531
3.91031
3.89031
3.87031
3.85031
3.83031
3.80531
3.78531
3.76031
3.74031
3.7103099999999998
3.6903099999999998
3.66531
3.64531
3.62531
3.60031
3.5903099999999997
3.5853099999999998
3.55531
3.53531
3.54031
3.53031
3.52031
3.50031
3.48031
3.4653099999999997
3.47031
3.4603099999999998
3.4453099999999997
3.4453099999999997
3.43031
3.43031
3.4253099999999996
3.4203099999999997
3.40531
3.39031
3.3803099999999997
3.37531
3.3603099999999997
3.34531
3.3203099999999997
3.3003099999999996
3.28531
3.27031
3.26031
3.24031
3.22531
3.2103099999999998
3.1903099999999998
3.1753099999999996
3.15531
3.14531
3.1303099999999997
3.12031
3.10531
3.08031
3.08031
3.06031
3.0503099999999996
3.04031
3.03531
3.08031
3.1953099999999997
3.22
3.32531
3.39531
3.41531
3.4003099999999997
3.43531
3.48031
3.47031
3.48031
3.47031
3.47031
3.4653099999999997
3.50031
3.5253099999999997
3.5253099999999997
3.50031
3.49031
3.4653099999999997
3.4603099999999998
3.49531
3.53531
3.53031
3.56031
3.5653099999999998
3.5703099999999997
3.53531
3.5253099999999997
3.5053099999999997
3.47531
3.4603099999999998
3.4403099999999998
3.41031
3.39031
3.36531
3.34531
3.3203099999999997
3.3003099999999996
3.2753099999999997
3.26031
3.24531
3.23031
3.22031
3.2153099999999997
3.1953099999999997
3.18531
3.18031
3.1753099999999996
3.1503099999999997
3.13531
3.12531
3.12531
3.11531
3.1103099999999997
3.1103099999999997
3.09531
3.07531
3.0703099999999997
3.06031
3.055
3.04031
3.03531
3.02031
3.01031
3.01031
3.01031
3.01531
3.0653099999999998
3.0853099999999998
3.11531
3.10531
3.10531
3.10531
3.09531
3.08031
3.07531
3.0653099999999998
3.05531
3.0503099999999996
3.04031
3.03531
3.0253099999999997
3.01531
3.0053099999999997
2.99031
2.99031
2.98031
2.99031
2.9853099999999997
2.98031
2.95031
2.9603099999999998
2.97031
2.9653099999999997
2.95031
2.9453099999999997
2.93531
2.93031
2.93031
2.9203099999999997
2.91031
2.9003099999999997
2.89531
2.89531
2.89031
2.8803099999999997
2.87531
2.86531
2.87031
2.85531
2.85031
2.85031
2.8353099999999998
2.82531
2.8403099999999997
2.8353099999999998
2.83031
2.8353099999999998
2.8353099999999998
2.8203099999999997
2.8153099999999998
2.82531
2.87031
2.9003099999999997
2.935
3.005
3.05531
3.0653099999999998
3.06031
3.05531
3.05531
3.0503099999999996
3.05531
3.10031
3.1753099999999996
3.1953099999999997
3.23031
3.28031
3.3203099999999997
3.30531
3.2953099999999997
3.29031
3.28031
3.27031
3.26531
3.26031
3.24531
3.23031
3.2103099999999998
3.20031
3.18031
3.16531
3.14531
3.14031
3.1303099999999997
3.12531
3.1103099999999997
3.0903099999999997
3.08031
3.07531
3.06031
3.0503099999999996
3.04031
3.03031
3.04031
3.03531
3.0253099999999997
3.0053099999999997
3.00031
2.9853099999999997
2.97531
2.97031
2.9603099999999998
2.95031
2.95531
2.9653099999999997
2.95531
2.93531
2.9403099999999998
2.93531
2.93031
2.93531
2.9453099999999997
2.9403099999999998
2.95531
2.97531
2.9653099999999997
2.9603099999999998
2.95031
2.93531
2.93031
2.9203099999999997
2.91531
2.90531
2.89031
2.87531
2.86531
2.8603099999999997
2.8403099999999997
2.8403099999999997
2.87531
2.87531
2.9203099999999997
2.93031
2.9253099999999996
2.93031
2.93531
2.9403099999999998
2.9403099999999998
2.93031
2.9203099999999997
2.9403099999999998
2.99031
3.01531
3.01531
3.0253099999999997
3.01031
3.055
3.135
3.1703099999999997
3.18031
3.2553099999999997
3.29031
3.28031
3.27031
3.2553099999999997
3.2753099999999997
3.30531
3.3003099999999996
3.28031
3.2553099999999997
3.24031
3.23031
3.22531
3.2153099999999997
3.22031
3.22031
3.20031
3.18531
3.1703099999999997
3.16031
3.14031
3.12531
3.10531
3.0853099999999998
3.0703099999999997
3.0503099999999996
3.03531
3.0253099999999997
3.04031
3.0703099999999997
3.07531
3.10531
3.1503099999999997
3.16531
3.1703099999999997
3.15531
3.1503099999999997
3.14031
3.12531
3.1103099999999997
3.0903099999999997
3.07531
3.0653099999999998
3.0503099999999996
3.03031
3.01031
3.04031
3.0503099999999996
3.0903099999999997
3.09531
3.0853099999999998
3.0903099999999997
3.08031
3.07531
3.0653099999999998
3.0503099999999996
3.03531
3.0253099999999997
3.01031
3.0053099999999997
3.00031
2.99531
3.04031
3.16531
3.20031
3.24531
3.33
3.4253099999999996
3.45531
3.43031
3.4253099999999996
3.43531
3.4203099999999997
3.41031
3.39031
3.3803099999999997
3.37531
3.35531
3.33031
3.31031
3.3203099999999997
3.38531
3.41531
3.45
3.52031
3.5653099999999998
3.5653099999999998
3.54031
3.5253099999999997
3.53031
3.55531
3.61531
3.61531
3.6503099999999997
3.70031
3.7103099999999998
3.6953099999999997
3.68531
3.66531
3.64531
3.62531
3.6103099999999997
3.59531
3.58031
3.56031
3.5503099999999996
3.5653099999999998
3.60031
3.59531
3.6303099999999997
3.66531
3.6703099999999997
3.65531
3.6753099999999996
3.6703099999999997
3.68531
3.68531
3.6753099999999996
3.6753099999999996
3.68531
3.68031
3.66031
3.63531
3.62031
3.62031
3.64531
3.65531
3.6703099999999997
3.7103099999999998
3.75031
3.7553099999999997
3.74031
3.7353099999999997
3.73031
3.72031
3.7103099999999998
3.6953099999999997
3.68531
3.70031
3.74031
3.74031
3.76531
3.78031
3.78031
3.81031
3.81031
3.7953099999999997
3.7953099999999997
3.7953099999999997
3.77031
3.75031
3.7353099999999997
3.73031
3.7103099999999998
3.6953099999999997
3.68031
3.66531
3.65531
3.64531
3.62531
3.62531
3.62031
3.62031
3.60531
3.60531
3.5903099999999997
3.58031
3.5653099999999998
3.55531
3.5453099999999997
3.54031
3.53031
3.53031
3.53031
3.51031
3.51531
3.51531
3.5053099999999997
3.50031
3.50031
3.54031
3.5653099999999998
3.59531
3.59531
3.5903099999999997
3.5903099999999997
3.59531
3.59531
3.5903099999999997
3.57531
3.5703099999999997
3.5653099999999998
3.56031
3.56031
3.5653099999999998
3.5503099999999996
3.5503099999999996
3.53531
3.53531
3.53031
3.53031
3.5253099999999997
3.52031
3.51531
3.51531
3.53031
3.53031
3.52031
3.54031
3.53531
3.53031
3.53031
3.54031
3.53531
3.53031
3.53031
3.5253099999999997
3.52031
3.5253099999999997
3.52031
3.5253099999999997
3.52031
3.52031
3.51031
3.51031
3.51031
3.51031
3.52031
3.51031
3.51031
3.51531
3.5253099999999997
3.53031
3.5453099999999997
3.5503099999999996
3.5503099999999996
3.5503099999999996
3.55531
3.5653099999999998
3.57531
3.59531
3.58031
3.58031
3.58031
3.5653099999999998
3.55531
3.55531
3.60031
3.63531
3.6753099999999996
3.6753099999999996
3.68531
3.6903099999999998
3.68531
3.68031
3.68031
3.68531
3.72531
3.7553099999999997
3.76531
3.8203099999999997
3.86531
3.8603099999999997
3.88531
3.89031
3.89531
3.9453099999999997
3.98031
3.9853099999999997
3.97531
4.00031
4.0553099999999995
4.08031
4.07531
4.1003099999999995
4.11031
4.10531
4.09031
4.07531
4.0553099999999995
4.04531
4.04031
4.02531
4.01031
3.99531
3.98031
3.9603099999999998
3.9453099999999997
3.9203099999999997
3.9003099999999997
3.8803099999999997
3.86531
3.84531
3.83031
3.81031
3.7953099999999997
3.78031
3.76531
3.75031
3.73031
3.72531
3.70531
3.68531
3.6703099999999997
3.66031
3.64031
3.62031
3.6103099999999997
3.60531
3.59531
3.57531
3.56031
3.5503099999999996
3.53531
3.5653099999999998
3.59531
3.62031
3.61531
3.5903099999999997
3.5903099999999997
3.58031
3.57531
3.56031
3.54031
3.53031
3.51031
3.50031
3.50031
3.47031
3.45031
3.4403099999999998
3.4253099999999996
3.41531
3.4003099999999997
3.39031
3.3803099999999997
3.3603099999999997
3.34531
3.3353099999999998
3.33031
3.3203099999999997
3.31031
3.3003099999999996
3.29031
3.27031
3.26531
3.2553099999999997
3.24531
3.23031
3.22031
3.22031
3.2553099999999997
3.28531
3.3003099999999996
3.3403099999999997
3.3603099999999997
3.35531
3.34531
3.33031
3.3203099999999997
3.3153099999999998
3.3003099999999996
3.28531
3.27031
3.26031
3.24031
3.23031
3.23031
3.24531
3.27031
3.28031
3.2953099999999997
3.35031
3.38531
3.39031
3.36531
3.35031
3.36531
3.40531
3.4253099999999996
3.4203099999999997
3.41531
3.49031
3.52031
3.50031
3.5053099999999997
3.5053099999999997
3.5053099999999997
3.49531
3.48031
3.4603099999999998
3.4453099999999997
3.43031
3.40531
3.39031
3.4203099999999997
3.43031
3.4653099999999997
3.5053099999999997
3.51031
3.50031
3.48031
3.4603099999999998
3.45531
3.4653099999999997
3.45531
3.4453099999999997
3.41531
3.4003099999999997
3.3803099999999997
3.3603099999999997
3.3353099999999998
3.30531
3.2953099999999997
3.28031
3.24531
3.22531
3.2103099999999998
3.18531
3.15531
3.14531
3.12031
3.10031
3.07531
3.06031
3.04031
3.0253099999999997
3.02031
3.01031
3.00031
2.99031
2.97531
2.95031
2.9453099999999997
2.93031
2.90531
2.90531
2.89531
2.8803099999999997
2.87031
2.88531
2.8803099999999997
2.86531
2.8803099999999997
2.95531
3.0453099999999997
3.0653099999999998
3.1303099999999997
3.19
3.28031
3.30531
3.2753099999999997
3.26031
3.26531
3.26531
3.25031
3.23031
3.23031
3.2953099999999997
3.34531
3.37031
3.43031
3.47031
3.48031
3.47031
3.45531
3.4453099999999997
3.4203099999999997
3.4003099999999997
3.39531
3.39031
3.37531
3.35531
3.3403099999999997
3.3353099999999998
3.3203099999999997
3.3153099999999998
3.29031
3.2753099999999997
3.25031
3.2353099999999997
3.22531
3.2103099999999998
3.20531
3.18031
3.16031
3.13531
3.12531
3.11531
3.10531
3.10531
3.09531
3.08031
3.0653099999999998
3.06031
3.0503099999999996
3.03531
3.0253099999999997
3.01531
3.00031
2.99031
2.99531
2.97531
2.95531
2.95531
2.9403099999999998
2.925
2.9253099999999996
2.91531
2.91531
2.91531
2.91031
2.9003099999999997
2.89031
2.91531
2.93531
2.97031
2.9853099999999997
2.97531
2.97531
2.98031
2.99031
2.99031
2.9853099999999997
2.97531
2.9603099999999998
2.95031
2.95031
3.00031
3.0053099999999997
3.04
3.0853099999999998
3.10531
3.10531
3.10031
3.0903099999999997
3.0903099999999997
3.08031
3.07531
3.07531
3.0703099999999997
3.0653099999999998
3.05531
3.0453099999999997
3.0253099999999997
3.02031
3.0253099999999997
3.01531
3.0053099999999997
2.99531
2.99031
2.98031
2.97031
2.9653099999999997
2.95531
2.95531
2.9453099999999997
2.9403099999999998
2.93531
2.9253099999999996
2.9203099999999997
2.91531
2.91031
2.90531
2.89531
2.9003099999999997
2.89031
2.8803099999999997
2.8803099999999997
2.87531
2.87531
2.8603099999999997
2.8603099999999997
2.85531
2.85531
2.85531
2.85031
2.85531
2.8603099999999997
2.8603099999999997
2.85531
2.88531
2.91
2.95531
2.9603099999999998
2.9603099999999998
2.9603099999999998
2.9653099999999997
2.9603099999999998
2.9603099999999998
2.95031
2.9453099999999997
2.93531
2.93031
2.93031
2.93031
2.9253099999999996
2.91531
2.90531
2.9003099999999997
2.89531
2.89531
2.89031
2.8803099999999997
2.87531
2.87531
2.8603099999999997
2.8603099999999997
2.85031
2.85531
2.84531
2.85531
2.8403099999999997
2.8403099999999997
2.8403099999999997
2.82531
2.81031
2.81031
2.8003099999999996
2.79031
2.79031
2.79031
2.79031
2.8203099999999997
2.89031
2.91531
2.975
3.0453099999999997
3.08031
3.07531
3.08031
3.0903099999999997
3.0903099999999997
3.07531
3.06031
3.0703099999999997
3.0653099999999998
3.05531
3.03531
3.025
3.0253099999999997
3.01031
3.01031
3.00031
2.99
2.98031
2.9603099999999998
2.95531
2.9853099999999997
3.0
3.04031
3.04031
3.03031
3.04031
3.04031
3.03031
3.01531
3.0053099999999997
2.99031
2.97031
2.9603099999999998
2.95031
2.9403099999999998
2.9253099999999996
2.91031
2.9003099999999997
2.88531
2.87031
2.85531
2.84531
2.82531
2.82531
2.8153099999999998
2.81031
2.7953099999999997
2.80531
2.78031
2.76531
2.76031
2.74531
2.72531
2.72531
2.74531
2.85031
2.9253099999999996
2.9453099999999997
3.025
3.12031
3.20031
3.22031
3.20031
3.1953099999999997
3.1903099999999998
3.18531
3.1953099999999997
3.20031
3.2103099999999998
3.26031
3.28531
3.285
3.3203099999999997
3.35031
3.3403099999999997
3.31031
3.2953099999999997
3.2753099999999997
3.25031
3.22531
3.1953099999999997
3.1753099999999996
3.1503099999999997
3.1303099999999997
3.10531
3.08031
3.05531
3.0853099999999998
3.0903099999999997
3.12031
3.10531
3.10031
3.0853099999999998
3.0653099999999998
3.04031
3.01531
2.99031
2.9853099999999997
2.9653099999999997
2.95031
2.9403099999999998
2.9203099999999997
2.90531
2.88531
2.87031
2.85031
2.8353099999999998
2.8153099999999998
2.8003099999999996
2.78531
2.7753099999999997
2.7753099999999997
2.7553099999999997
2.74531
2.7353099999999997
2.72531
2.72031
2.7103099999999998
2.70531
2.6903099999999998
2.68031
2.6703099999999997
2.66031
2.66031
2.665
2.65531
2.64531
2.63531
2.62531
2.61531
2.61531
2.60031
2.58031
2.5853099999999998
2.57531
2.5653099999999998
2.5653099999999998
2.56031
2.55531
2.54031
2.54031
2.53031
2.52031
2.51031
2.50031
2.49531
2.495
2.4853099999999997
2.47531
2.47
2.4653099999999997
2.4603099999999998
2.45531
2.45031
2.4853099999999997
2.52
2.5453099999999997
2.53531
2.54031
2.5503099999999996
2.5653099999999998
2.57531
2.5703099999999997
2.5853099999999998
2.5703099999999997
2.5703099999999997
2.5653099999999998
2.55531
2.5503099999999996
2.54031
2.53531
2.5253099999999997
2.52031
2.51031
2.51531
2.51031
2.51031
2.5053099999999997
2.5053099999999997
2.5053099999999997
2.50031
2.50031
2.49031
2.49031
2.48031
2.47531
2.47531
2.47031
2.475
2.4603099999999998
2.45031
2.44
2.43531
2.43031
2.4203099999999997
2.41531
2.41031
2.4003099999999997
2.40531
2.4003099999999997
2.39531
2.39031
2.39531
2.41031
2.4403099999999998
2.47031
2.47531
2.5253099999999997
2.57531
2.5853099999999998
2.60531
2.66031
2.66531
2.70531
2.74531
2.76031
2.74531
2.73031
2.72531
2.72531
2.7353099999999997
2.76031
2.7953099999999997
2.8203099999999997
2.80531
2.81031
2.81031
2.8153099999999998
2.8003099999999996
2.78031
2.77031
2.7553099999999997
2.7353099999999997
2.72031
2.7153099999999997
2.6953099999999997
2.68531
2.6703099999999997
2.65531
2.64531
2.6303099999999997
2.62031
2.6103099999999997
2.60031
2.5853099999999998
2.5703099999999997
2.5703099999999997
2.56031
2.55531
2.54031
2.53531
2.52031
2.5053099999999997
2.50031
2.49031
2.4853099999999997
2.47531
2.47531
2.4603099999999998
2.4603099999999998
2.4453099999999997
2.43031
2.42
2.4203099999999997
2.41531
2.41031
2.40531
2.4003099999999997
2.4003099999999997
2.41531
2.40531
2.4
2.39031
2.38531
2.37531
2.37531
2.3603099999999997
2.35
2.35031
2.345
2.3403099999999997
2.33031
2.32
2.315
2.30531
2.30531
2.29031
2.30531
2.335
2.3803099999999997
2.40531
2.4003099999999997
2.4003099999999997
2.41031
2.41031
2.40531
2.4003099999999997
2.41031
2.4003099999999997
2.4003099999999997
2.41
2.4203099999999997
2.41031
2.40531
2.39531
2.38531
2.375
2.365
2.35531
2.35
2.35
2.35031
2.3403099999999997
2.33031
2.3353099999999998
2.3353099999999998
2.3353099999999998
2.36531
2.43031
2.445
2.53
2.60531
2.62031
2.605
2.5903099999999997
2.59531
2.59531
2.5853099999999998
2.5703099999999997
2.5703099999999997
2.5503099999999996
2.53531
2.53031
2.51531
2.50031
2.49531
2.4853099999999997
2.4653099999999997
2.45031
2.43531
2.4253099999999996
2.41531
2.39531
2.38531
2.37031
2.3603099999999997
2.35531
2.35
2.35
2.34531
2.345
2.3403099999999997
2.3203099999999997
2.33031
2.34531
2.37031
2.41031
2.4253099999999996
2.4203099999999997
2.4253099999999996
2.43031
2.4253099999999996
2.41531
2.41031
2.4003099999999997
2.3803099999999997
2.37031
2.36531
2.35
2.3403099999999997
2.32531
2.3153099999999998
2.3003099999999996
2.29
2.285
2.27031
2.26031
2.2553099999999997
2.24531
2.2353099999999997
2.23031
2.23031
2.23031
2.22031
2.2103099999999998
2.205
2.195
2.19
2.20031
2.1953099999999997
2.195
2.18531
2.18031
2.185
2.1703099999999997
2.15
2.15
2.1503099999999997
2.14531
2.14031
2.1303099999999997
2.12531
2.11531
2.12031
2.12031
2.11531
2.105
2.10031
2.0903099999999997
2.0853099999999998
2.08
2.0703099999999997
2.06031
2.0653099999999998
2.065
2.06
2.06
2.05531
2.0703099999999997
2.045
2.03531
2.06031
2.085
2.14031
2.1703099999999997
2.16531
2.16531
2.18031
2.1753099999999996
2.1753099999999996
2.16531
2.16031
2.155
2.15
2.14531
2.14531
2.13531
2.13
2.13
2.1303099999999997
2.12
2.1103099999999997
2.105
2.095
2.095
2.09531
2.08031
2.07531
2.0653099999999998
2.07
2.06
2.0653099999999998
2.06031
2.06031
2.065
2.055
2.045
2.03031
2.03
2.02
2.02031
2.015
2.01
2.0
1.99531
1.9903099999999998
1.9903099999999998
1.98
1.97531
1.9703099999999998
1.965
1.955
1.9503099999999998
1.95
1.9453099999999999
1.9403099999999998
1.9303099999999997
1.9303099999999997
1.925
1.925
1.92
1.92031
1.9253099999999999
1.9153099999999998
1.915
1.91031
1.9053099999999998
1.8953099999999998
1.9303099999999997
1.955
2.0053099999999997
2.01031
2.0053099999999997
2.0053099999999997
2.01031
2.01531
2.01531
2.01531
2.015
2.0053099999999997
2.0053099999999997
1.985
1.98
1.98
1.96531
1.9403099999999998
1.945
1.94
1.92031
1.92031
1.9253099999999999
1.9053099999999998
1.90031
1.8953099999999998
1.90031
1.8953099999999998
1.89
1.8853099999999998
1.8753099999999998
1.87
1.875
1.9053099999999998
1.915
1.9153099999999998
1.935
1.985
2.0253099999999997
2.03531
2.025
2.03531
2.04031
2.04031
2.03531
2.03031
2.03531
2.04031
2.03531
2.0253099999999997
2.015
2.01
1.99531
1.9903099999999998
1.98
1.96531
1.9553099999999999
1.945
1.9453099999999999
1.925
1.92
1.905
1.8953099999999998
1.8853099999999998
1.88031
1.88031
1.875
1.91031
1.9303099999999997
1.97
1.9703099999999998
1.96531
1.96531
1.96531
1.96531
1.955
1.9453099999999999
1.9353099999999999
1.9253099999999999
1.9153099999999998
1.9053099999999998
1.8753099999999998
1.88031
1.88031
1.89031
1.9153099999999998
1.92
1.965
1.99
2.00031
1.99
1.97531
1.96531
1.96531
1.9703099999999998
1.98
1.97531
1.965
1.96
1.9503099999999998
1.935
1.9303099999999997
1.915
1.91031
1.89031
1.8953099999999998
1.89
1.8753099999999998
1.8753099999999998
1.8753099999999998
1.86031
1.86031
1.845
1.835
1.8303099999999999
1.8253099999999998
1.8203099999999999
1.805
1.8
1.795
1.7903099999999998
1.78531
1.775
1.7603099999999998
1.7503099999999998
1.74531
1.75531
1.74531
1.7403099999999998
1.735
1.735
1.7303099999999998
1.7303099999999998
1.72531
1.7703099999999998
1.795
1.84031
1.84031
1.8453099999999998
1.85031
1.855
1.8453099999999998
1.84031
1.8303099999999999
1.82
1.81
1.8003099999999999
1.8
1.7903099999999998
1.7903099999999998
1.7803099999999998
1.7803099999999998
1.7703099999999998
1.77531
1.7603099999999998
1.76
1.745
1.7403099999999998
1.7303099999999998
1.73531
1.7403099999999998
1.74
1.7303099999999998
1.7303099999999998
1.7203099999999998
1.72
1.715
1.71
1.69
1.7103099999999998
1.715
1.7
1.7003099999999998
1.7003099999999998
1.69
1.6853099999999999
1.6853099999999999
1.6753099999999999
1.6753099999999999
1.67031
1.6653099999999998
1.67031
1.665
1.66031
1.65
1.6553099999999998
1.6553099999999998
1.6453099999999998
1.6453099999999998
1.65031
1.635
1.6453099999999998
1.62531
1.62531
1.635
1.63
1.635
1.64031
1.63531
1.64
1.63531
1.6803099999999997
1.72
1.76531
1.7703099999999998
1.77531
1.79
1.775
1.775
1.76531
1.765
1.7903099999999998
1.8153099999999998
1.825
1.8303099999999999
1.84031
1.85031
1.91031
1.9803099999999998
2.02031
2.015
2.02031
2.0253099999999997
2.0253099999999997
2.03031
2.02031
2.01031
2.01031
2.00031
1.995
1.97531
1.9703099999999998
1.9603099999999998
1.9553099999999999
1.95
1.935
1.9303099999999997
1.92
1.915
1.9053099999999998
1.90031
1.88031
1.8753099999999998
1.8753099999999998
1.875
1.8653099999999998
1.87031
1.86031
1.85031
1.84031
1.8353099999999998
1.8353099999999998
1.8253099999999998
1.82
1.8153099999999998
1.8153099999999998
1.8003099999999999
1.7903099999999998
1.785
1.7803099999999998
1.79531
1.8003099999999999
1.7903099999999998
1.7903099999999998
1.8003099999999999
1.79
1.79531
1.8003099999999999
1.8353099999999998
1.875
1.9153099999999998
1.91031
1.9153099999999998
1.92
1.92
1.925
1.925
1.91031
1.905
1.89031
1.885
1.87031
1.8653099999999998
1.87
1.8553099999999998
1.8453099999999998
1.8353099999999998
1.8353099999999998
1.84
1.84031
1.8353099999999998
1.825
1.8203099999999999
1.8203099999999999
1.8253099999999998
1.8103099999999999
1.8003099999999999
1.79531
1.7903099999999998
1.78
1.7803099999999998
1.7803099999999998
1.7803099999999998
1.77531
1.77531
1.7703099999999998
1.765
1.765
1.76
1.75531
1.7503099999999998
1.7503099999999998
1.74531
1.7403099999999998
1.74
1.73531
1.7303099999999998
1.72
1.7203099999999998
1.725
1.7203099999999998
1.71531
1.71531
1.7053099999999999
1.7003099999999998
1.7
1.69
1.705
1.71
1.705
1.7103099999999998
1.7103099999999998
1.7103099999999998
1.71
1.71531
1.7403099999999998
1.7903099999999998
1.815
1.8203099999999999
1.8253099999999998
1.83
1.835
1.84031
1.84
1.835
1.8203099999999999
1.8153099999999998
1.8103099999999999
1.81
1.8053099999999997
1.79531
1.7903099999999998
1.785
1.7803099999999998
1.77531
1.76531
1.7603099999999998
1.7603099999999998
1.75531
1.75531
1.75531
1.75531
1.75
1.7303099999999998
1.73531
1.7203099999999998
1.7203099999999998
1.72531
1.72
1.71531
1.71
1.705
1.7103099999999998
1.7103099999999998
1.7053099999999999
1.7053099999999999
1.7103099999999998
1.7103099999999998
1.7053099999999999
1.7003099999999998
1.6953099999999999
1.7
1.695
1.695
1.6953099999999999
1.6903099999999998
1.6853099999999999
1.68
1.6853099999999999
1.675
1.67
1.665
1.655
1.65
1.6553099999999998
1.6453099999999998
1.64
1.635
1.63031
1.62531
1.62531
1.6453099999999998
1.6753099999999999
1.735
1.76531
1.7603099999999998
1.775
1.7803099999999998
1.775
1.775
1.76531
1.75531
1.7503099999999998
1.7403099999999998
1.73531
1.7303099999999998
1.72
1.71531
1.72
1.72
1.71
1.705
1.705
1.69
1.685
1.6853099999999999
1.6803099999999997
1.6753099999999999
1.665
1.655
1.6553099999999998
1.65031
1.65
1.64031
1.64031
1.63031
1.63531
1.63531
1.62531
1.625
1.61531
1.6103100000000001
1.60531
1.605
1.6
1.595
1.595
1.59
1.59
1.58531
1.58
1.57531
1.605
1.5903100000000001
1.6003100000000001
1.61531
1.605
1.59
1.59531
1.5903100000000001
1.585
1.585
1.58531
1.58
1.57531
1.565
1.565
1.56
1.58531
1.615
1.66031
1.68
1.67031
1.665
1.685
1.6903099999999998
1.69
1.6853099999999999
1.665
1.6653099999999998
1.6553099999999998
1.6453099999999998
1.6453099999999998
1.64031
1.635
1.6203100000000001
1.61531
1.6103100000000001
1.605
1.6
1.595
1.59
1.58531
1.58031
1.57031
1.57031
1.56
1.55531
1.55531
1.54531
1.54031
1.53531
1.525
1.51531
1.51531
1.51
1.4953100000000001
1.49031
1.4853100000000001
1.485
1.4753100000000001
1.47
1.465
1.46031
1.45531
1.445
1.45
1.43
1.42031
1.42531
1.42531
1.415
1.41031
1.405
1.395
1.40031
1.39
1.39
1.39531
1.40031
1.38531
1.38531
1.38031
1.37531
1.375
1.40531
1.43
1.4853100000000001
1.50531
1.50531
1.505
1.51031
1.50531
1.5
1.49
1.4853100000000001
1.48031
1.50031
1.54
1.54
1.58031
1.62
1.64
1.63531
1.63
1.625
1.61531
1.6103100000000001
1.6103100000000001
1.60531
1.6003100000000001
1.58031
1.57531
1.56031
1.55031
1.55
1.53531
1.515
1.52
1.52031
1.50531
1.50531
1.4953100000000001
1.49031
1.485
1.49031
1.48
1.48031
1.4653100000000001
1.4653100000000001
1.48
1.4753100000000001
1.4753100000000001
1.475
1.4753100000000001
1.47031
1.4653100000000001
1.4653100000000001
1.46
1.45
1.445
1.44
1.43031
1.42531
1.42
1.42031
1.415
1.41
1.41031
1.40031
1.4
1.40031
1.43031
1.455
1.505
1.51531
1.52031
1.53031
1.54531
1.54031
1.53531
1.525
1.52031
1.515
1.51031
1.50031
1.49031
1.50031
1.4953100000000001
1.49
1.4853100000000001
1.4853100000000001
1.4953100000000001
1.49031
1.49
1.48031
1.4853100000000001
1.475
1.47031
1.47
