1.8003099999999999
1.8453099999999998
1.8853099999999998
1.905
1.965
2.02
2.04
2.03531
2.04031
2.05531
2.0503099999999996
2.0453099999999997
2.03531
2.03031
2.03031
2.02031
2.01531
2.01031
2.0053099999999997
1.99531
1.99531
1.98531
1.97531
1.97531
1.9703099999999998
1.96531
1.9603099999999998
1.9553099999999999
1.9453099999999999
1.9403099999999998
1.9303099999999997
1.9253099999999999
1.925
1.93
1.9253099999999999
1.9303099999999997
1.9303099999999997
1.92031
1.9603099999999998
1.975
2.03031
2.04031
2.04031
2.0503099999999996
2.0653099999999998
2.0703099999999997
2.0653099999999998
2.0653099999999998
2.065
2.07531
2.0653099999999998
2.06031
2.0503099999999996
2.0453099999999997
2.0453099999999997
2.0453099999999997
2.04031
2.03531
2.0253099999999997
2.0253099999999997
2.02
2.01031
2.01
2.01531
2.01531
2.0053099999999997
2.00031
2.01031
2.01031
2.00031
1.99531
1.9903099999999998
1.98531
1.98531
1.97
1.97
1.97
1.97
1.96531
1.9603099999999998
1.955
1.9603099999999998
1.9503099999999998
1.9553099999999999
1.9553099999999999
1.955
1.9553099999999999
1.9553099999999999
1.9603099999999998
1.9503099999999998
1.9553099999999999
1.9503099999999998
1.96531
1.9703099999999998
1.96531
1.9603099999999998
1.9553099999999999
1.9453099999999999
1.9453099999999999
1.94
1.945
1.94
1.9353099999999999
1.9303099999999997
1.93
1.9703099999999998
2.00031
2.04
2.0503099999999996
2.05531
2.07531
2.0903099999999997
2.0853099999999998
2.08031
2.0853099999999998
2.1103099999999997
2.14531
2.16
2.20031
2.26531
2.28531
2.28031
2.27031
2.26531
2.26531
2.26031
2.2553099999999997
2.2553099999999997
2.24531
2.2353099999999997
2.22531
2.22031
2.20531
2.1903099999999998
2.18531
2.18031
2.17
2.1503099999999997
2.15531
2.14031
2.1303099999999997
2.12031
2.1303099999999997
2.1103099999999997
2.105
2.09531
2.0903099999999997
2.08031
2.0903099999999997
2.0853099999999998
2.07531
2.06031
2.05531
2.05531
2.0453099999999997
2.04031
2.04031
2.03031
2.0253099999999997
2.02031
2.01531
2.0053099999999997
2.00031
1.98531
1.9803099999999998
1.97531
1.97
1.975
1.9703099999999998
1.96531
1.9553099999999999
1.9503099999999998
2.00031
2.02031
2.05531
2.05531
2.0503099999999996
2.05531
2.0503099999999996
2.0453099999999997
2.0503099999999996
2.0453099999999997
2.03531
2.03031
2.0253099999999997
2.01531
2.0053099999999997
2.00031
2.00031
1.9903099999999998
1.98531
2.00031
2.03531
2.0503099999999996
2.085
2.1503099999999997
2.1903099999999998
2.1953099999999997
2.1903099999999998
2.1903099999999998
2.20031
2.1903099999999998
2.18031
2.1703099999999997
2.18031
2.20531
2.26531
2.27031
2.295
2.345
2.385
2.40531
2.39031
2.37531
2.3803099999999997
2.37531
2.37531
2.35531
2.35531
2.34531
2.33031
2.3353099999999998
2.37531
2.4253099999999996
2.43531
2.5
2.57
2.5903099999999997
2.57531
2.56031
2.5453099999999997
2.53031
2.52031
2.5053099999999997
2.4853099999999997
2.4653099999999997
2.45531
2.4403099999999998
2.43031
2.4603099999999998
2.48
2.5053099999999997
2.49031
2.48031
2.47531
2.4653099999999997
2.45031
2.4453099999999997
2.45531
2.49031
2.50031
2.5253099999999997
2.5703099999999997
2.59531
2.59531
2.58031
2.58031
2.56031
2.56031
2.5503099999999996
2.5453099999999997
2.53531
2.53531
2.53031
2.54
2.53531
2.52031
2.51031
2.49531
2.48031
2.4603099999999998
2.45031
2.43531
2.4253099999999996
2.41531
2.39031
2.38531
2.37531
2.37031
2.36531
2.3603099999999997
2.3603099999999997
2.3603099999999997
2.3603099999999997
2.34531
2.35031
2.34531
2.3403099999999997
2.35031
2.36531
2.385
2.4203099999999997
2.4203099999999997
2.43031
2.4253099999999996
2.41031
2.41531
2.41031
2.39531
2.39031
2.38
2.3803099999999997
2.41531
2.45531
2.47031
2.51531
2.51531
2.575
2.61531
2.62031
2.64531
2.6703099999999997
2.68031
2.68531
2.6753099999999996
2.66531
2.64031
2.64031
2.61531
2.61531
2.60031
2.59531
2.5903099999999997
2.5903099999999997
2.57531
2.5703099999999997
2.56031
2.55531
2.5453099999999997
2.5503099999999996
2.56031
2.5503099999999996
2.5703099999999997
2.61531
2.65531
2.64031
2.6503099999999997
2.675
2.7753099999999997
2.8603099999999997
2.8803099999999997
2.99031
3.02031
3.09
3.15531
3.1503099999999997
3.15531
3.15531
3.16031
3.16031
3.13531
3.12531
3.1303099999999997
3.14531
3.15531
3.15531
3.15531
3.1503099999999997
3.13531
3.15531
3.18531
3.18531
3.2103099999999998
3.26531
3.26531
3.2753099999999997
3.30531
3.31031
3.3403099999999997
3.3803099999999997
3.36531
3.34531
3.34531
3.37531
3.39531
3.39031
3.3803099999999997
3.37531
3.3803099999999997
3.37531
3.36531
3.35031
3.3353099999999998
3.33031
3.33031
3.3203099999999997
3.3203099999999997
3.3153099999999998
3.30531
3.2953099999999997
3.28531
3.2753099999999997
3.30531
3.33031
3.35031
3.41031
3.4453099999999997
3.4453099999999997
3.4253099999999996
3.43031
3.4603099999999998
3.54031
3.5503099999999996
3.5503099999999996
3.57531
3.56031
3.5653099999999998
3.60531
3.6303099999999997
3.64531
3.64031
3.62531
3.62531
3.61531
3.61531
3.61531
3.62531
3.61531
3.60031
3.5853099999999998
3.57531
3.57531
3.57531
3.60531
3.64031
3.6503099999999997
3.70031
3.76531
3.7953099999999997
3.7953099999999997
3.78531
3.80531
3.88531
3.9003099999999997
3.95531
4.01031
4.02531
4.02031
4.00031
4.00531
4.04031
4.0553099999999995
4.060309999999999
4.15031
4.24531
4.24531
4.25531
4.2653099999999995
4.3503099999999995
4.42531
4.44031
4.42031
4.4303099999999995
4.44031
4.45031
4.4303099999999995
4.40531
4.3903099999999995
4.38531
4.36531
4.36031
4.34531
4.34531
4.32531
4.31531
4.310309999999999
4.3053099999999995
4.29031
4.28531
4.26031
4.25531
4.24031
4.23031
4.20531
4.19531
4.185309999999999
4.17031
4.17031
4.15531
4.16031
4.15031
4.15031
4.1803099999999995
4.20031
4.22031
4.2653099999999995
4.28531
4.28031
4.28531
4.27031
4.27031
4.24531
4.23531
4.2253099999999995
4.22031
4.21031
4.20531
4.21031
4.19531
4.19031
4.19031
4.20031
4.21531
4.21531
4.20031
4.19531
4.21031
4.23031
4.2653099999999995
4.29031
4.28531
4.29531
4.310309999999999
4.32031
4.32031
4.31531
4.31531
4.3053099999999995
4.310309999999999
4.34031
4.38531
4.3903099999999995
4.46531
4.5153099999999995
4.53031
4.5153099999999995
4.50031
4.50031
4.52531
4.59031
4.67031
4.6803099999999995
4.75531
4.84031
4.8903099999999995
4.88031
4.86531
4.85531
4.84531
4.8503099999999995
4.85531
4.84031
4.82031
4.8053099999999995
4.79531
4.78531
4.76031
4.76031
4.76031
4.75031
4.73531
4.72031
4.70531
4.70031
4.70031
4.70031
4.69031
4.69531
4.685309999999999
4.67031
4.66031
4.66031
4.6403099999999995
4.65031
4.69031
4.73031
4.73031
4.7653099999999995
4.80031
4.80031
4.81531
4.810309999999999
4.84031
4.8503099999999995
4.86031
4.88531
4.87531
4.87031
4.86031
4.86531
4.85531
4.85531
4.85531
4.86531
4.86031
4.87531
4.87531
4.8903099999999995
4.94031
4.95031
4.97031
5.03531
5.06531
5.060309999999999
5.0553099999999995
5.1003099999999995
5.12531
5.13031
5.16531
5.16531
5.17031
5.1803099999999995
5.17031
5.1803099999999995
5.17531
5.16531
5.19031
5.21031
5.2653099999999995
5.30031
5.28531
5.2653099999999995
5.25531
5.25531
5.25531
5.24531
5.2253099999999995
5.24531
5.30031
5.3053099999999995
5.36531
5.39531
5.3903099999999995
5.36531
5.34031
5.31531
5.30031
5.27031
5.25031
5.25531
5.28531
5.28531
5.30031
5.32531
5.31531
5.3053099999999995
5.29031
5.31531
5.33031
5.32031
5.30031
5.32531
5.34031
5.36031
5.37031
5.34531
5.32531
5.32531
5.33531
5.31531
5.30031
5.32531
5.33531
5.3053099999999995
5.28031
5.27531
5.27531
5.27031
5.27531
5.25531
5.24531
5.23031
5.21531
5.20531
5.20531
5.25031
5.24531
5.2653099999999995
5.28031
5.2653099999999995
5.2653099999999995
5.26031
5.27531
5.310309999999999
5.31531
5.29031
5.27531
5.28531
5.27531
5.27031
5.27031
5.25031
5.24531
5.23531
5.24031
5.22031
5.22031
5.21031
5.185309999999999
5.17031
5.16031
5.15031
5.12531
5.14531
5.185309999999999
5.19031
5.22031
5.27031
5.29531
5.27531
5.25031
5.24031
5.22031
5.20031
5.185309999999999
5.16031
5.14531
5.1803099999999995
5.185309999999999
5.21031
5.19531
5.17531
5.16531
5.17031
5.15531
5.13531
5.11031
5.09531
5.07031
5.0553099999999995
5.04031
5.0153099999999995
4.99531
4.98531
5.01031
5.02531
5.03531
5.07031
5.09031
5.08031
5.0553099999999995
5.04531
5.02531
5.01031
4.99531
4.99031
4.9753099999999995
4.96531
4.94531
4.92531
4.90531
4.89531
4.88031
4.86031
4.84531
4.83031
4.82031
4.810309999999999
4.8053099999999995
4.79531
4.77531
4.75031
4.75031
4.74031
4.7253099999999995
4.72031
4.74031
4.79031
4.79531
4.84531
4.91531
4.94531
4.92531
4.92531
4.92531
4.90531
4.88031
4.87531
4.86031
4.8503099999999995
4.83531
4.82031
4.810309999999999
4.80031
4.83531
4.86531
4.89531
4.88031
4.86031
4.86531
4.86031
4.8503099999999995
4.83031
4.810309999999999
4.78531
4.78531
4.77531
4.77531
4.7653099999999995
4.75031
4.73531
4.7253099999999995
4.71531
4.70031
4.685309999999999
4.66531
4.66031
4.6403099999999995
4.63031
4.61031
4.6003099999999995
4.58531
4.57031
4.5553099999999995
4.54531
4.52531
4.51031
4.49531
4.49031
4.4753099999999995
4.46531
4.45531
4.44031
4.42531
4.40531
4.3903099999999995
4.38531
4.36531
4.36031
4.39531
4.42031
4.435309999999999
4.48531
4.50531
4.49531
4.48031
4.48531
4.51031
4.560309999999999
4.58031
4.57531
4.59031
4.57031
4.5553099999999995
4.58531
4.60531
4.61031
4.6003099999999995
4.61031
4.61031
4.6003099999999995
4.63531
4.65531
4.66031
4.67531
4.77531
4.78031
4.83531
4.88531
4.90031
4.87031
4.87031
4.85531
4.83031
4.79531
4.810309999999999
4.86531
4.85531
4.90531
4.95031
4.95031
4.91031
4.87531
4.88531
4.90031
4.88031
4.86031
4.83031
4.83031
4.84531
4.84531
4.81531
4.79031
4.78031
4.77531
4.74531
4.7253099999999995
4.69031
4.65531
4.63031
4.65031
4.69531
4.6803099999999995
4.7253099999999995
4.76031
4.76031
4.7253099999999995
4.70531
4.67531
4.64531
4.63031
4.62031
4.59531
4.56531
4.53031
4.50531
4.48031
4.45031
4.42531
4.39531
4.38531
4.36531
4.36031
4.3503099999999995
4.32031
4.3053099999999995
4.27531
4.2653099999999995
4.27531
4.3053099999999995
4.30031
4.29531
4.29031
4.27031
4.24531
4.2253099999999995
4.20531
4.1803099999999995
4.17031
4.15031
4.13531
4.12031
4.10531
4.09031
4.07031
4.04031
4.04031
4.03031
4.02031
4.02031
4.02031
4.00031
3.97531
3.9653099999999997
3.9603099999999998
3.95531
3.98031
4.03031
4.060309999999999
4.07531
4.13531
4.16531
4.17031
4.15031
4.13531
4.12531
4.11531
4.09031
4.07031
4.0553099999999995
4.04531
4.02531
4.00531
3.99031
3.97031
3.95531
3.9403099999999998
3.9253099999999996
3.91531
3.9003099999999997
3.89031
3.8803099999999997
3.87031
3.86531
3.8603099999999997
3.8603099999999997
3.86531
3.85031
3.83031
3.82531
3.82531
3.83031
3.81031
3.7953099999999997
3.80531
3.8153099999999998
3.8403099999999997
3.85031
3.8353099999999998
3.8203099999999997
3.85031
3.91031
3.95031
3.97531
4.03531
4.0553099999999995
4.08031
4.14531
4.16031
4.23031
4.28031
4.29531
4.27531
4.30031
4.35531
4.38031
4.38031
4.36031
4.35531
4.34531
4.39531
4.4303099999999995
4.44031
4.42031
4.42031
4.42531
4.42531
4.45031
4.49031
4.48531
4.50531
4.53531
4.55031
4.53031
4.5153099999999995
4.48531
4.46531
4.45031
4.435309999999999
4.44031
4.47031
4.46031
4.49031
4.52531
4.52031
4.49531
4.4753099999999995
4.45031
4.42031
4.40031
4.38531
4.37031
4.36031
4.33031
4.3053099999999995
4.29531
4.27531
4.25031
4.2653099999999995
4.25531
4.2253099999999995
4.24531
4.25031
4.28531
4.28531
4.27031
4.2653099999999995
4.25531
4.24531
4.2253099999999995
4.20031
4.1803099999999995
4.16531
4.14531
4.13031
4.11531
4.09531
4.08531
4.07031
4.05031
4.03531
4.0153099999999995
3.99531
3.98031
3.98031
3.97531
3.97031
3.9653099999999997
3.95531
3.9403099999999998
3.93531
3.93031
3.9203099999999997
3.90531
3.91531
3.9653099999999997
3.99031
4.03531
4.10531
4.12531
4.13531
4.12531
4.11531
4.11531
4.1003099999999995
4.09531
4.08531
4.09531
4.08031
4.07031
4.07031
4.060309999999999
4.060309999999999
4.05031
4.0553099999999995
4.04531
4.03531
4.02531
4.00531
3.99031
3.98031
3.95031
3.9653099999999997
3.9603099999999998
3.95531
3.95031
3.93531
3.93031
3.9603099999999998
3.97531
4.02031
4.02531
4.03031
4.0153099999999995
4.02531
4.0153099999999995
4.00531
4.01031
4.01031
4.00531
4.00031
3.99031
3.9853099999999997
3.9603099999999998
3.9603099999999998
3.9453099999999997
3.93031
3.91531
3.90531
3.90531
3.90531
3.89531
3.88531
3.88531
3.93531
4.01031
4.02531
4.09031
4.15031
4.17031
4.1803099999999995
4.22031
4.23031
4.24031
4.23531
4.26031
4.2653099999999995
4.30031
4.34031
4.34531
4.32531
4.32531
4.32031
4.310309999999999
4.29531
4.31531
4.36031
4.39531
4.38531
4.41531
4.4303099999999995
4.42531
4.40031
4.38531
4.38531
4.36031
4.34531
4.32031
4.30031
4.28531
4.2653099999999995
4.24531
4.2253099999999995
4.21031
4.20031
4.2653099999999995
4.28531
4.29031
4.33531
4.36531
4.36531
4.34031
4.32531
4.31531
4.30031
4.28031
4.2653099999999995
4.24531
4.23531
4.20531
4.19031
4.17031
4.15031
4.12531
4.11031
4.12031
4.1403099999999995
4.13531
4.14531
4.17031
4.1803099999999995
4.17031
4.15531
4.14531
4.12031
4.11031
4.08531
4.06531
4.05031
4.04031
4.01031
3.99531
3.97531
3.9603099999999998
3.97531
4.01031
4.01031
4.05031
4.09031
4.11031
4.1003099999999995
4.08031
4.07531
4.06531
4.04531
4.02531
4.01031
4.00031
3.98031
3.9603099999999998
3.95531
3.9453099999999997
3.9253099999999996
3.90531
3.89031
3.87531
3.86531
3.85531
3.8603099999999997
3.8603099999999997
3.84531
3.82531
3.85531
3.8803099999999997
3.9203099999999997
3.91031
3.90531
3.9003099999999997
3.89031
3.88531
3.87031
3.87031
3.85531
3.84531
3.83031
3.8153099999999998
3.8003099999999996
3.79031
3.77031
3.7553099999999997
3.74531
3.73031
3.7153099999999997
3.70031
3.68531
3.68031
3.66031
3.6503099999999997
3.64031
3.62531
3.62031
3.61531
3.60031
3.59531
3.57531
3.58031
3.55531
3.5453099999999997
3.53031
3.5253099999999997
3.5053099999999997
3.5053099999999997
3.49531
3.4853099999999997
3.47031
3.4653099999999997
3.45031
3.4403099999999998
3.43531
3.43031
3.4253099999999996
3.43031
3.43031
3.43031
3.41531
3.41031
3.43031
3.45531
3.49031
3.51031
3.5453099999999997
3.5903099999999997
3.62031
3.60531
3.60031
3.5903099999999997
3.58031
3.57531
3.5703099999999997
3.60531
3.6303099999999997
3.6503099999999997
3.63531
3.6303099999999997
3.6303099999999997
3.63531
3.62531
3.61531
3.59531
3.57531
3.56031
3.5453099999999997
3.54031
3.53531
3.5253099999999997
3.51031
3.49531
3.47531
3.45531
3.45031
3.4253099999999996
3.41031
3.39531
3.3803099999999997
3.37031
3.36531
3.35531
3.3403099999999997
3.33031
3.3403099999999997
3.33031
3.33031
3.3353099999999998
3.35031
3.34531
3.3403099999999997
3.3203099999999997
3.3003099999999996
3.28531
3.27031
3.2553099999999997
3.24031
3.2353099999999997
3.2153099999999997
3.20531
3.20031
3.1903099999999998
3.18031
3.1703099999999997
3.16031
3.14531
3.13531
3.10531
3.13531
3.12531
3.1103099999999997
3.09531
3.07531
3.0653099999999998
3.0503099999999996
3.04031
3.03031
3.0253099999999997
3.01531
3.0053099999999997
3.00031
3.0253099999999997
3.055
3.08031
3.0653099999999998
3.0703099999999997
3.07531
3.0653099999999998
3.0453099999999997
3.04031
3.01531
3.01031
3.00031
2.99031
2.97031
2.95031
2.93531
2.9253099999999996
2.95031
3.03531
3.05
3.125
3.2103099999999998
3.2353099999999997
3.22531
3.2153099999999997
3.2153099999999997
3.2103099999999998
3.20531
3.20031
3.1953099999999997
3.1903099999999998
3.1703099999999997
3.1503099999999997
3.14031
3.12531
3.10031
3.08031
3.06031
3.04031
3.02031
3.01531
2.99031
3.0053099999999997
3.05531
3.0653099999999998
3.115
3.16531
3.18531
3.16531
3.14531
3.1303099999999997
3.12031
3.1103099999999997
3.0903099999999997
3.08031
3.0653099999999998
3.0453099999999997
3.03531
3.01031
2.99031
2.97531
2.95031
2.93531
2.9203099999999997
2.91531
2.89531
2.89531
2.9203099999999997
2.95031
2.97031
2.95531
2.9403099999999998
2.93531
2.90531
2.91531
2.90531
2.89031
2.87531
2.85031
2.8353099999999998
2.8203099999999997
2.8003099999999996
2.79031
2.77031
2.7553099999999997
2.75031
2.74531
2.75031
2.75031
2.7353099999999997
2.72031
2.7103099999999998
2.6953099999999997
2.68531
2.66531
2.66531
2.66031
2.6503099999999997
2.63531
2.6103099999999997
2.6103099999999997
2.60531
2.5903099999999997
2.58031
2.5653099999999998
2.56031
2.5503099999999996
2.5453099999999997
2.535
2.52031
2.51531
2.5053099999999997
2.49531
2.4853099999999997
2.47531
2.48031
2.47031
2.4653099999999997
2.45031
2.4453099999999997
2.45031
2.45531
2.45031
2.4453099999999997
2.4403099999999998
2.43031
2.4203099999999997
2.41031
2.40531
2.415
2.41
2.4253099999999996
2.4253099999999996
2.4403099999999998
2.465
2.515
2.53031
2.5253099999999997
2.52031
2.53031
2.5453099999999997
2.54031
2.54031
2.5253099999999997
2.52031
2.51031
2.50031
2.49531
2.4853099999999997
2.47031
2.4653099999999997
2.475
2.47
2.4653099999999997
2.45031
2.4403099999999998
2.43031
2.4203099999999997
2.4203099999999997
2.4003099999999997
2.38531
2.39031
2.4003099999999997
2.4403099999999998
2.48031
2.495
2.5503099999999996
2.5703099999999997
2.57531
2.5653099999999998
2.5903099999999997
2.61531
2.62
2.65531
2.6753099999999996
2.66531
2.64531
2.63531
2.62531
2.61531
2.61531
2.62031
2.60531
2.5853099999999998
2.5853099999999998
2.57531
2.56031
2.55531
2.5503099999999996
2.5253099999999997
2.51531
2.51031
2.50031
2.49031
2.48031
2.47
2.465
2.4653099999999997
2.4653099999999997
2.45531
2.47531
2.49
2.525
2.53031
2.51031
2.5253099999999997
2.52031
2.51531
2.5053099999999997
2.49531
2.48031
2.47531
2.4603099999999998
2.45031
2.4403099999999998
2.43531
2.42
2.405
2.405
2.4003099999999997
2.39031
2.3803099999999997
2.36531
2.3603099999999997
2.35531
2.39031
2.40531
2.43
2.475
2.50031
2.49531
2.49031
2.4853099999999997
2.49031
2.49031
2.49531
2.4853099999999997
2.475
2.4653099999999997
2.45531
2.45031
2.4453099999999997
2.44
2.43031
2.43031
2.43531
2.41031
2.3803099999999997
2.39531
2.38531
2.36531
2.36531
2.35531
2.3403099999999997
2.3403099999999997
2.33031
2.32531
2.3153099999999998
2.3153099999999998
2.30531
2.3003099999999996
2.2953099999999997
2.285
2.28531
2.28031
2.275
2.2753099999999997
2.30531
2.325
2.37
2.38531
2.3803099999999997
2.38531
2.39031
2.4003099999999997
2.40531
2.39531
2.38531
2.38531
2.41031
2.43531
2.45
2.495
2.53031
2.53531
2.5453099999999997
2.59531
2.62031
2.635
2.68
2.7103099999999998
2.7153099999999997
2.6953099999999997
2.70031
2.7153099999999997
2.7103099999999998
2.70031
2.68531
2.6753099999999996
2.66031
2.64531
2.64531
2.6303099999999997
2.61531
2.60031
2.5903099999999997
2.58031
2.56031
2.55531
2.53531
2.53531
2.5253099999999997
2.51531
2.51531
2.50031
2.49031
2.47531
2.4653099999999997
2.45531
2.4453099999999997
2.4403099999999998
2.4253099999999996
2.4253099999999996
2.4203099999999997
2.40531
2.41031
2.39531
2.38531
2.3803099999999997
2.37031
2.36531
2.35531
2.35031
2.3403099999999997
2.40531
2.42
2.47031
2.47031
2.49531
2.5503099999999996
2.5703099999999997
2.59
2.64031
2.6753099999999996
2.6753099999999996
2.66031
2.6503099999999997
2.6503099999999997
2.62531
2.6103099999999997
2.59531
2.5903099999999997
2.5903099999999997
2.5653099999999998
2.55531
2.53531
2.53031
2.51531
2.53
2.5253099999999997
2.5053099999999997
2.50031
2.49531
2.47531
2.47531
2.47531
2.47031
2.47531
2.4653099999999997
2.4603099999999998
2.45031
2.4453099999999997
2.43031
2.4253099999999996
2.415
2.40531
2.4003099999999997
2.39531
2.39031
2.37531
2.37031
2.3603099999999997
2.35531
2.35031
2.35031
2.3603099999999997
2.3603099999999997
2.36531
2.37031
2.365
2.3603099999999997
2.3603099999999997
2.3603099999999997
2.35031
2.35531
2.35531
2.35031
2.3603099999999997
2.355
2.34531
2.35531
2.4003099999999997
2.43
2.4653099999999997
2.4653099999999997
2.4603099999999998
2.4653099999999997
2.47531
2.48031
2.48031
2.47531
2.47031
2.45031
2.4453099999999997
2.4453099999999997
2.4403099999999998
2.43031
2.4253099999999996
2.41531
2.4203099999999997
2.40531
2.385
2.39031
2.38531
2.37531
2.37031
2.3603099999999997
2.35531
2.35531
2.3603099999999997
2.35031
2.35531
2.37031
2.40531
2.41531
2.455
2.515
2.55
2.5503099999999996
2.57531
2.61531
2.635
2.635
2.68031
2.71
2.73031
2.72031
2.72531
2.76031
2.7553099999999997
2.74531
2.73031
2.72031
2.70531
2.6903099999999998
2.68031
2.66031
2.6503099999999997
2.64031
2.62031
2.60531
2.59531
2.58031
2.57
2.565
2.56031
2.5503099999999996
2.5503099999999996
2.57531
2.6
2.63
2.6303099999999997
2.62531
2.63531
2.6303099999999997
2.62031
2.6103099999999997
2.60031
2.5903099999999997
2.57531
2.565
2.5503099999999996
2.5453099999999997
2.53031
2.5253099999999997
2.515
2.5053099999999997
2.50031
2.4853099999999997
2.48031
2.47031
2.47031
2.4653099999999997
2.45531
2.45031
2.4403099999999998
2.43031
2.4253099999999996
2.41531
2.41031
2.40531
2.4003099999999997
2.38531
2.38531
2.37031
2.36531
2.3603099999999997
2.355
2.345
2.35031
2.35031
2.34531
2.3353099999999998
2.3353099999999998
2.32531
2.3153099999999998
2.31031
2.30531
2.3003099999999996
2.2953099999999997
2.2953099999999997
2.28531
2.28531
2.28
2.2753099999999997
2.2753099999999997
2.27031
2.27031
2.27031
2.2553099999999997
2.255
2.26
2.26031
2.25031
2.2553099999999997
2.295
2.3353099999999998
2.3603099999999997
2.3603099999999997
2.3603099999999997
2.36531
2.3603099999999997
2.3603099999999997
2.36531
2.37531
2.36531
2.355
2.35531
2.35031
2.34531
2.3353099999999998
2.33031
2.325
2.3153099999999998
2.31031
2.3003099999999996
2.29031
2.28531
2.28031
2.275
2.26531
2.26031
2.2553099999999997
2.24531
2.24031
2.2353099999999997
2.23031
2.22031
2.2153099999999997
2.20531
2.20031
2.1953099999999997
2.1903099999999998
2.18531
2.18531
2.175
2.175
2.1703099999999997
2.16531
2.16531
2.16031
2.1503099999999997
2.1503099999999997
2.13531
2.1303099999999997
2.11531
2.12531
2.11531
2.1103099999999997
2.10031
2.095
2.0903099999999997
2.0903099999999997
2.08031
2.08031
2.0853099999999998
2.0703099999999997
2.07
2.0903099999999997
2.10031
2.10531
2.11531
2.145
2.185
2.2103099999999998
2.20031
2.1953099999999997
2.20031
2.1903099999999998
2.20031
2.1953099999999997
2.18031
2.1703099999999997
2.16031
2.1503099999999997
2.14031
2.12031
2.12031
2.11531
2.1103099999999997
2.09531
2.1
2.11
2.1103099999999997
2.10031
2.09531
2.0853099999999998
2.08
2.0703099999999997
2.0653099999999998
2.06031
2.05531
2.0503099999999996
2.04
2.03531
2.0253099999999997
2.02031
2.005
2.00031
1.995
1.9903099999999998
1.9803099999999998
1.97
1.96
1.9603099999999998
1.9503099999999998
1.945
1.935
1.925
1.92031
1.92
1.91031
1.90031
1.8953099999999998
1.8953099999999998
1.90031
1.89
1.88031
1.87031
1.87
1.8653099999999998
1.86031
1.8753099999999998
1.9303099999999997
1.95
2.005
2.07
2.1103099999999997
2.12031
2.14
2.1703099999999997
2.16531
2.16531
2.16531
2.1703099999999997
2.1703099999999997
2.18031
2.16531
2.15531
2.13531
2.12031
2.1103099999999997
2.10531
2.085
2.0653099999999998
2.05531
2.035
2.04031
2.025
2.01031
1.99531
1.98531
1.98
1.98
1.975
1.9603099999999998
1.945
1.935
1.9253099999999999
1.92031
1.915
1.9053099999999998
1.91031
1.9303099999999997
