0.7569863705551594
0.756682703034312
0.7173467088318626
0.8450870685249359
0.8320927311167394
0.8645485057581961
0.41465938525415047
0.7273164325227224
0.7597092765101849
0.6289754223048507
0.6543404299287134
0.8840652837445067
0.8550350288514665
0.7497409347101924
0.7007346718302239
0.6262063500962531
0.5972123132381815
0.7491437424013008
0.5728901060161302
0.7979025919190597
0.6335225892469345
0.7576362370564171
0.7369155476916518
0.6727474946794811
0.4659700783713341
0.5403672308356586
0.9535341918938465
0.7521946319153991
0.4670644024072661
0.850763971402561
0.782826292388513
0.8934465030269299
0.680771988301186
0.660814094331909
0.8232632369753181
0.662287032233444
0.8532208257290288
0.7084388023944737
0.7749409901390087
0.6738521998887592
