0.6280141131846296
0.6645223021996961
0.6311679243400278
0.6909605461202001
0.7170525332689432
0.6248030242989003
0.4254759681488085
0.6798685920996106
0.6012982893512667
0.6020496463442553
0.5769798933110737
0.7065509062638775
0.7272808909380113
0.6502913501350512
0.6259016289934219
0.5632885603755863
0.5904324508524709
0.6559396384821151
0.5481565571957916
0.7192786390022926
0.5966786647028253
0.6202995690610166
0.5988844400623586
0.5942768118041835
0.46392502816992576
0.5198564014423687
0.7196899362351165
0.6314707836332976
0.4813128318773162
0.6822897887149864
0.6299445365553086
0.6871941220866398
0.6125505359622022
0.5876862098660771
0.6646890844127327
0.5678358073679223
0.6940218539744097
0.7230997852199277
0.6868305511476132
0.6452079567013632
