0.7088834282158076
0.7018523166316372
0.626348776897855
0.6350634243269411
0.7092251188645616
0.6849925224880795
0.48990891808035636
0.538325920604443
0.6893534313471711
0.6455106378058549
0.6043384370279428
0.6162741407088924
0.5710481103193263
0.6273097470905202
0.7114656895361984
0.5603687256929025
0.5198315883979471
0.6390622888922911
0.7048798896280686
0.7272355902728357
0.6385827138167687
0.7510558732071535
0.6096688289356657
0.46614882279177
0.627464470732539
0.6197830136550602
0.6193953053270697
0.6178954160294785
0.5768439422100192
0.6672023099650622
0.6412894663507044
0.6206509042872228
0.6084571754891059
0.6122720490441592
0.582390161559027
0.5840371907417693
0.5944679692104616
0.6204861447946226
0.6840094036797848
0.5654566744341226
0.6384973011313149
