3.53031
3.52031
3.51031
3.495
3.48031
3.4653099999999997
3.45031
3.43031
3.4203099999999997
3.39031
3.39031
3.3803099999999997
3.3603099999999997
3.34531
3.3353099999999998
3.32531
3.3153099999999998
3.30531
3.2953099999999997
3.29031
3.2753099999999997
3.27031
3.3003099999999996
3.35531
3.37031
3.45031
3.51031
3.52031
3.5053099999999997
3.53531
3.58031
3.59531
3.62531
3.6503099999999997
3.6303099999999997
3.62031
3.61531
3.6103099999999997
3.5903099999999997
3.5853099999999998
3.5653099999999998
3.5503099999999996
3.53531
3.5253099999999997
3.51031
3.49531
3.47531
3.4653099999999997
3.45031
3.43531
3.4203099999999997
3.43031
3.43531
3.4253099999999996
3.45531
3.47031
3.49531
3.5053099999999997
3.49531
3.49031
3.47531
3.4603099999999998
3.4403099999999998
3.43031
3.4203099999999997
3.4203099999999997
3.4253099999999996
3.4203099999999997
3.40531
3.38531
3.37531
3.35531
3.34531
3.33031
3.3203099999999997
3.31031
3.29031
3.28031
3.26531
3.2553099999999997
3.24531
3.2353099999999997
3.22031
3.2153099999999997
3.20531
3.1953099999999997
3.18031
3.18531
3.1753099999999996
3.1703099999999997
3.15531
3.145
3.1303099999999997
3.12531
3.11531
3.10531
3.08031
3.0853099999999998
3.0853099999999998
3.08031
3.07531
3.0653099999999998
3.05
3.04031
3.03031
3.02031
3.01031
3.0053099999999997
2.99531
3.00031
3.03031
3.08031
3.10031
3.13531
3.1903099999999998
3.2353099999999997
3.24531
3.2353099999999997
3.2153099999999997
3.20531
3.20031
3.24531
3.2553099999999997
3.29031
3.2953099999999997
3.2953099999999997
3.30531
3.3003099999999996
3.275
3.26531
3.25
3.2553099999999997
3.2553099999999997
3.2753099999999997
3.3003099999999996
3.305
3.36531
3.41031
3.41031
3.38531
3.37531
3.3603099999999997
3.35031
3.3403099999999997
3.33031
3.3153099999999998
3.3003099999999996
3.28531
3.28031
3.3203099999999997
3.37031
3.37031
3.43031
3.47531
3.48031
3.47031
3.4603099999999998
3.4453099999999997
3.4403099999999998
3.4653099999999997
3.50031
3.49531
3.5253099999999997
3.5453099999999997
3.5503099999999996
3.53031
3.51031
3.49031
3.47531
3.4653099999999997
3.45531
3.43531
3.41531
3.39531
3.39531
3.4003099999999997
3.39031
3.38531
3.3803099999999997
3.37531
3.36531
3.34531
3.33031
3.31031
3.3
3.2753099999999997
3.26531
3.25031
3.27031
3.28531
3.31031
3.31031
3.2953099999999997
3.2953099999999997
3.28531
3.28531
3.2753099999999997
3.275
3.26031
3.24031
3.23031
3.22031
3.20531
3.1953099999999997
3.1703099999999997
3.1753099999999996
3.1703099999999997
3.16031
3.15531
3.145
3.125
3.11531
3.105
3.09531
3.08031
3.08031
3.0703099999999997
3.06031
3.0503099999999996
3.03531
3.0253099999999997
3.01531
3.0453099999999997
3.09531
3.11531
3.14531
3.20531
3.25031
3.26531
3.26031
3.2553099999999997
3.26031
3.3003099999999996
3.3353099999999998
3.3353099999999998
3.3803099999999997
3.41031
3.41531
3.4003099999999997
3.4003099999999997
3.39531
3.39531
3.4253099999999996
3.4653099999999997
3.49531
3.49531
3.5453099999999997
3.5903099999999997
3.61531
3.59531
3.5903099999999997
3.5703099999999997
3.55531
3.54031
3.53531
3.5703099999999997
3.58031
3.60531
3.5903099999999997
3.5903099999999997
3.63531
3.6953099999999997
3.6903099999999998
3.70531
3.6953099999999997
3.68531
3.70031
3.74531
3.78
3.78031
3.7553099999999997
3.74031
3.72531
3.7153099999999997
3.6953099999999997
3.6753099999999996
3.66031
3.64031
3.62031
3.62531
3.68531
3.75031
3.76531
3.83031
3.87531
3.87031
3.87031
3.85531
3.85531
3.85031
3.83031
3.81031
3.81031
3.79031
3.78031
3.76031
3.75031
3.72531
3.7103099999999998
3.7153099999999997
3.72531
3.70531
3.68531
3.6703099999999997
3.66031
3.6503099999999997
3.64031
3.6503099999999997
3.6753099999999996
3.68531
3.72031
3.76031
3.78031
3.76531
3.7353099999999997
3.74031
3.7353099999999997
3.7353099999999997
3.73031
3.7153099999999997
3.70031
3.68531
3.72031
3.74531
3.76531
3.76031
3.78531
3.83031
3.85531
3.87031
3.9253099999999996
3.9653099999999997
3.9653099999999997
3.9453099999999997
3.9453099999999997
3.93031
3.9203099999999997
3.9003099999999997
3.88531
3.87031
3.8603099999999997
3.84531
3.8353099999999998
3.8153099999999998
3.80531
3.8003099999999996
3.78531
3.7753099999999997
3.76531
3.77031
3.76531
3.76531
3.7753099999999997
3.81031
3.85031
3.8603099999999997
3.8603099999999997
3.9003099999999997
3.9653099999999997
4.0153099999999995
4.0153099999999995
4.03531
4.0553099999999995
4.05031
4.04031
4.08031
4.13031
4.15531
4.14531
4.13531
4.14531
4.17031
4.20031
4.25031
4.26031
4.28531
4.33531
4.35531
4.34031
4.33031
4.33031
4.32531
4.310309999999999
4.29531
4.28031
4.25531
4.25531
4.24531
4.23531
4.25031
4.28531
4.31531
4.3053099999999995
4.34031
4.42531
4.435309999999999
4.50031
4.56531
4.58031
4.56531
4.55031
4.55031
4.53531
4.52531
4.51031
4.51031
4.51031
4.50031
4.4753099999999995
4.46531
4.45031
4.4303099999999995
4.41531
4.40031
4.38531
4.38031
4.3903099999999995
4.37531
4.36531
4.3503099999999995
4.33031
4.33031
4.310309999999999
4.30031
4.29531
4.29031
4.27531
4.2653099999999995
4.25031
4.23531
4.2253099999999995
4.21531
4.21031
4.20031
4.1803099999999995
4.1803099999999995
4.19031
4.20031
4.19031
4.1803099999999995
4.17531
4.16531
4.15531
4.15031
4.15031
4.14531
4.13531
4.13031
4.12031
4.12031
4.11031
4.10531
4.09531
4.1003099999999995
4.09031
4.11531
4.15031
4.19031
4.20531
4.19531
4.19531
4.19531
4.19031
4.19531
4.19531
4.21031
4.22031
4.2653099999999995
4.25
4.30031
4.33031
4.3503099999999995
4.33531
4.33031
4.32031
4.31531
4.30031
4.29031
4.28531
4.28031
4.27031
4.25031
4.23531
4.23531
4.25031
4.27031
4.2653099999999995
4.28531
4.33031
4.34031
4.34031
4.32531
4.310309999999999
4.3053099999999995
4.28531
4.2653099999999995
4.26031
4.25531
4.24031
4.23531
4.23031
4.2253099999999995
4.21031
4.20031
4.185309999999999
4.185309999999999
4.19531
4.19031
4.19031
4.2253099999999995
4.27031
4.27531
4.31531
4.36031
4.38031
4.36531
4.36031
4.35531
4.36031
4.35
4.36031
4.3503099999999995
4.37031
4.38531
4.41031
4.42031
4.40031
4.39531
4.40531
4.3903099999999995
4.37031
4.35531
4.34031
4.31531
4.310309999999999
4.29531
4.28031
4.26031
4.24031
4.21531
4.20031
4.185309999999999
4.16531
4.17031
4.15031
4.13531
4.12531
4.10531
4.09531
4.07031
4.0553099999999995
4.05031
4.0553099999999995
4.10531
4.13031
4.14531
4.1803099999999995
4.185309999999999
4.1803099999999995
4.15531
4.14531
4.13031
4.11031
4.09031
4.08031
4.07031
4.05031
4.03531
4.02031
3.99531
3.9853099999999997
3.9603099999999998
3.9453099999999997
3.93031
3.91031
3.88531
3.88531
3.89031
3.97031
4.03531
4.07531
4.16531
4.22031
4.23031
4.20531
4.185309999999999
4.17531
4.19531
4.19031
4.17531
4.19031
4.24031
4.25031
4.22031
4.21031
4.19531
4.19031
4.1803099999999995
4.17531
4.17031
4.19531
4.25031
4.25531
4.31531
4.39531
4.42031
4.40031
4.37031
4.36031
4.33031
4.310309999999999
4.29031
4.27031
4.23531
4.21531
4.19531
4.17031
4.15531
4.14531
4.11031
4.08031
4.0553099999999995
4.03031
4.00531
3.98031
3.95531
3.9253099999999996
3.91531
3.9003099999999997
3.88531
3.8603099999999997
3.835
3.8203099999999997
3.80531
3.7953099999999997
3.77031
3.75031
3.74531
3.7353099999999997
3.7103099999999998
3.7153099999999997
3.70031
3.68531
3.6703099999999997
3.66031
3.64031
3.62031
3.61531
3.60031
3.59531
3.5853099999999998
3.61531
3.68031
3.6903099999999998
3.72
3.80531
3.8403099999999997
3.88
3.91531
3.91031
3.91031
3.93031
3.93531
3.9253099999999996
3.9253099999999996
3.9453099999999997
3.97031
3.99531
3.99
4.00031
4.00531
3.97531
3.95531
3.9653099999999997
3.98031
3.9853099999999997
3.97031
3.95031
3.9853099999999997
4.06531
4.060309999999999
4.08031
4.15
4.21031
4.22031
4.19531
4.17531
4.17531
4.1803099999999995
4.1803099999999995
4.17031
4.15531
4.12031
4.09531
4.07031
4.04531
4.02031
3.99531
3.97031
3.95031
3.93031
3.91531
3.9003099999999997
3.9203099999999997
3.95531
3.95531
3.9853099999999997
4.04531
4.08031
4.07531
4.060309999999999
4.05031
4.04031
4.01031
3.99531
3.97531
3.95531
3.93031
3.91031
3.90531
3.9003099999999997
3.89531
3.8803099999999997
3.90531
3.91031
3.9403099999999998
3.9253099999999996
3.91531
3.90531
3.95031
4.01031
4.01031
4.04031
4.06531
4.07531
4.060309999999999
4.03531
4.02531
4.01031
3.9853099999999997
3.97031
3.9603099999999998
3.9403099999999998
3.9203099999999997
3.90531
3.88531
3.86531
3.8603099999999997
3.8403099999999997
3.8403099999999997
3.85031
3.93031
3.9403099999999998
4.0153099999999995
4.06531
4.07531
4.06531
4.1003099999999995
4.15531
4.1803099999999995
4.185309999999999
4.19531
4.18
4.22031
4.28031
4.29031
4.36031
4.44031
4.435309999999999
4.48531
4.54031
4.56531
4.560309999999999
4.54031
4.55031
4.58031
4.6403099999999995
4.685309999999999
4.67031
4.69531
4.70531
4.69531
4.6803099999999995
4.66031
4.64531
4.62531
4.60531
4.57531
4.57531
4.63031
4.78531
4.810309999999999
4.84531
4.91531
5.00031
5.09031
5.1403099999999995
5.1403099999999995
5.11531
5.11531
5.1403099999999995
5.13031
5.13531
5.1803099999999995
5.24031
5.2253099999999995
5.23031
5.20531
5.1803099999999995
5.20031
5.22031
5.19531
5.17531
5.15531
5.1803099999999995
5.1803099999999995
5.15531
5.12031
5.10531
5.1003099999999995
5.07531
5.07531
5.05031
5.03031
5.00531
4.9753099999999995
4.95031
4.9303099999999995
4.91031
4.8903099999999995
4.87531
4.85531
4.84031
4.82531
4.8053099999999995
4.79031
4.78531
4.7653099999999995
4.74031
4.73531
4.73031
4.7653099999999995
4.79031
4.80031
4.84531
4.88031
4.88531
4.87531
4.86531
4.87031
4.86531
4.85531
4.8503099999999995
4.84531
4.83531
4.82031
4.81531
4.84531
4.8903099999999995
4.92531
4.92531
4.92531
4.96031
5.00531
5.02031
5.02531
5.0553099999999995
5.07531
5.08031
5.06531
5.0553099999999995
5.05031
5.04031
5.0553099999999995
5.06531
5.060309999999999
5.04531
5.05031
5.04531
5.03031
5.02531
5.0153099999999995
5.00031
4.99531
4.99031
4.98031
4.96531
4.95531
4.95531
4.94531
4.94031
4.9303099999999995
4.92531
4.91031
4.90031
4.89531
4.88031
4.87031
4.86531
4.86031
4.86031
4.84031
4.82531
4.8503099999999995
4.90531
4.99031
5.0153099999999995
5.060309999999999
5.07531
5.1003099999999995
5.175
5.22031
5.24031
5.23031
5.24031
5.26031
5.28031
5.28531
5.28531
5.2653099999999995
5.25531
5.24031
5.23031
5.23531
5.25531
5.25531
5.2653099999999995
5.27531
5.29531
5.33031
5.32531
5.37531
5.39531
5.42
5.435309999999999
5.435309999999999
5.44031
5.42531
5.44531
5.45531
5.45031
5.47031
5.46031
5.47031
5.48031
5.49031
5.52031
5.50531
5.52031
5.53531
5.53531
5.53531
5.560309999999999
5.59031
5.59031
5.56531
5.56531
5.5553099999999995
5.54031
5.53031
5.51031
5.49031
5.46531
5.44031
5.41531
5.39531
5.36531
5.3503099999999995
5.33031
5.310309999999999
5.30031
5.29031
5.30031
5.30031
5.28031
5.28531
5.32531
5.36031
5.35531
5.40031
5.44031
5.44031
5.4303099999999995
5.46031
5.49531
5.48531
5.50531
5.53031
5.54531
5.53031
5.52031
5.53531
5.51031
5.5153099999999995
5.49531
5.51031
5.50031
5.47031
5.45531
5.44531
5.44031
5.42531
5.40531
5.37531
5.3503099999999995
5.32031
5.29531
5.27531
5.26031
5.26031
5.23531
5.21531
5.185309999999999
5.16531
5.1403099999999995
5.11031
5.11531
5.09531
5.06531
5.04531
5.02031
5.00531
4.98531
4.97031
4.95031
4.9303099999999995
4.92031
4.90031
4.8903099999999995
4.88031
4.86031
4.86031
4.84531
4.83531
4.83031
4.81531
4.8053099999999995
4.79031
4.77531
4.75531
4.73531
4.71531
4.71531
4.76031
4.8053099999999995
4.8053099999999995
4.86
4.915
4.9303099999999995
4.92531
4.95031
5.00031
4.99031
5.03031
5.06531
5.08531
5.07031
5.08031
5.09031
5.09531
5.08031
5.07031
5.07031
5.06531
5.04531
5.02031
5.00531
4.98031
4.96031
4.935309999999999
4.91031
4.88531
4.86031
4.83531
4.82531
4.8053099999999995
4.77031
4.76031
4.74531
4.73031
4.70531
4.70531
4.73531
4.7653099999999995
4.7653099999999995
4.81
4.84031
4.83031
4.8503099999999995
4.87031
4.8503099999999995
4.87031
4.86531
4.84531
4.82031
4.8053099999999995
4.79031
4.7653099999999995
4.73531
4.72031
4.73531
4.75031
4.7653099999999995
4.7653099999999995
4.79531
4.82031
4.82531
4.80031
4.83031
4.8903099999999995
4.89531
4.89531
4.92531
4.9303099999999995
4.90531
4.88531
4.85531
4.83531
4.8053099999999995
4.78031
4.76031
4.74531
4.71531
4.685309999999999
4.70031
4.71031
4.73031
4.72031
4.77531
4.84031
4.84031
4.91031
4.95531
4.95031
4.92031
4.91031
4.90031
4.86531
4.83531
4.81531
4.80031
4.77531
4.75531
4.75031
4.7653099999999995
4.76031
4.77031
4.810309999999999
4.82
4.82031
4.79531
4.77031
4.75531
4.7653099999999995
4.78031
4.77531
4.77031
4.75531
4.75031
4.73031
4.73031
4.71031
4.6803099999999995
4.66031
4.72031
4.7653099999999995
4.77531
4.75031
4.77031
4.82031
4.83531
4.81531
4.82031
4.79531
4.79031
4.78531
4.75531
4.74531
4.74531
4.74531
4.73031
4.70531
4.6803099999999995
4.685309999999999
4.70531
4.685309999999999
4.73531
4.74031
4.7253099999999995
4.71031
4.685309999999999
4.71031
4.70031
4.71031
4.69031
4.6803099999999995
4.685309999999999
4.67031
4.64531
4.62031
4.6003099999999995
4.58031
4.57031
4.57531
4.6003099999999995
4.61031
4.62031
4.66531
4.70531
4.71531
4.70531
4.69031
4.66531
4.67031
4.72031
4.74031
4.74531
4.7653099999999995
4.78531
4.78531
4.76031
4.74531
4.74531
4.73531
4.73531
4.74031
4.7653099999999995
4.7653099999999995
4.78031
4.81531
4.82531
4.81531
4.79031
4.77031
4.7653099999999995
4.7653099999999995
4.75031
4.75531
4.7653099999999995
4.78531
4.78531
4.78531
4.77031
4.77531
4.78031
4.7653099999999995
4.76031
4.74531
4.72031
4.71031
4.72031
4.69531
4.67031
4.66031
4.6403099999999995
4.62531
4.60531
4.59031
4.61031
4.63531
4.66531
4.66031
4.66531
4.69531
4.73031
4.72031
4.73031
4.73531
4.73531
4.71031
4.69031
4.66031
4.65531
4.62531
4.62031
4.60531
4.59531
4.58031
4.57531
4.5553099999999995
4.54031
4.53031
4.52531
4.52531
4.53531
4.57531
4.59031
4.58031
4.58531
4.62531
4.685309999999999
4.72031
4.73531
4.72031
4.71031
4.71031
4.71031
4.72031
4.75531
4.8053099999999995
4.810309999999999
4.82031
4.87031
4.89531
4.90031
4.87031
4.86031
4.8503099999999995
4.84031
4.82531
4.82531
4.87031
4.9303099999999995
4.95031
5.02531
5.08531
5.10531
5.08031
5.08031
5.08031
5.06531
5.03531
5.0153099999999995
4.99531
5.00031
5.04031
5.04031
5.12531
5.16531
5.21531
5.31531
5.40531
5.42031
5.40531
5.42531
5.47031
5.4753099999999995
5.44031
5.435309999999999
5.41531
5.4303099999999995
5.46531
5.48031
5.46031
5.42531
5.41031
5.38031
5.3503099999999995
5.33531
5.34031
5.33531
5.32531
5.3053099999999995
5.29031
5.25531
5.24031
5.21531
5.1803099999999995
5.17031
5.19031
5.17531
5.21031
5.21531
5.20531
5.19531
5.2253099999999995
5.26031
5.27531
5.26031
5.24031
5.2253099999999995
5.22031
5.23031
5.26031
5.27531
5.27531
5.3053099999999995
5.30031
5.3053099999999995
5.31531
5.29531
5.32031
5.34031
5.34531
5.37531
5.37031
5.42031
5.44031
5.42531
5.46531
5.55031
5.55031
5.5553099999999995
5.63531
5.63531
5.62031
5.63031
5.67031
5.6803099999999995
5.65031
5.64531
5.67031
5.66531
5.66531
5.65031
5.62531
5.6003099999999995
5.56531
5.54031
5.51031
5.48531
5.46531
5.45031
5.42531
5.3903099999999995
5.39531
5.42531
5.4303099999999995
5.46031
5.50531
5.52031
5.50531
5.48531
5.46031
5.4303099999999995
5.42531
5.40031
5.37531
5.34531
5.32531
5.30031
5.28531
5.2653099999999995
5.25031
5.27031
5.29531
5.29531
5.32531
5.34531
5.3503099999999995
5.32531
5.310309999999999
5.30031
5.310309999999999
5.35531
5.37531
5.38531
5.44031
5.46031
5.46031
5.46031
5.45031
5.4303099999999995
5.42031
5.39531
5.3903099999999995
5.37031
5.36031
5.39531
5.48031
5.475
5.52031
5.55031
5.58531
5.58531
5.55031
5.54031
5.54531
5.57531
5.560309999999999
5.56531
5.56531
5.5553099999999995
5.57031
5.63531
5.7253099999999995
5.8053099999999995
5.8053099999999995
5.85531
5.95531
6.04531
6.13031
6.14531
6.14531
6.19031
6.23531
6.25531
6.24031
6.24031
6.21531
6.23531
6.25531
6.24531
6.29531
6.34531
6.33531
6.310309999999999
6.27031
6.25031
6.24031
6.23531
6.21531
6.19531
6.17031
6.15031
6.11531
6.09031
6.06531
6.04531
6.03531
6.00531
5.99031
5.95031
5.91531
5.89531
5.87031
5.85531
5.84031
5.88031
5.88531
5.89531
5.95531
6.00531
6.02531
6.0153099999999995
6.02031
6.03031
6.04531
6.05031
6.03031
6.02031
6.00031
5.98531
5.96531
5.96531
5.92531
5.91031
5.88531
5.86031
5.83531
5.81531
5.79531
5.78531
5.7653099999999995
5.74531
5.7253099999999995
5.70531
5.69531
5.6803099999999995
5.66031
5.67031
5.67531
5.685309999999999
5.67031
5.6803099999999995
5.72031
5.7253099999999995
5.7253099999999995
5.70531
5.70531
5.71531
5.69531
5.67531
5.66031
5.65031
5.6403099999999995
5.63531
5.62531
5.63531
5.67031
5.67531
5.71031
5.75031
5.7653099999999995
5.75531
5.74531
5.72031
5.71031
5.7253099999999995
5.76031
5.80031
5.8053099999999995
5.84531
5.89531
5.88531
5.92031
5.99531
6.00031
6.06531
6.11031
6.12531
6.11031
6.12531
6.12531
6.14531
6.12531
6.12031
6.16531
6.25031
6.25531
6.2653099999999995
6.29031
6.3053099999999995
6.29531
6.25531
6.22031
6.20031
6.17031
6.1403099999999995
6.11031
6.08031
6.060309999999999
6.03531
6.02031
6.00031
6.00031
5.99531
5.99031
6.01031
6.01031
6.00531
5.98531
5.96031
5.98031
6.07031
6.13531
6.13031
6.19531
6.29031
6.34531
6.35531
6.3503099999999995
6.31531
6.31531
6.32031
6.310309999999999
6.29031
6.27031
6.24531
6.22031
6.19031
6.16531
6.15031
6.16531
6.20031
6.19531
6.17031
6.23531
6.29531
6.33031
6.31531
6.29531
6.28531
6.2653099999999995
6.23531
6.20531
6.1803099999999995
6.16031
6.15031
6.16531
6.16031
6.19031
6.17531
6.15031
6.1403099999999995
6.13531
6.12531
6.1003099999999995
6.07531
6.04531
6.04531
6.09531
6.1403099999999995
6.15031
6.2253099999999995
6.28531
6.30031
6.28031
6.26031
6.26031
6.29531
6.31531
6.29531
6.31531
6.31531
6.3053099999999995
6.2653099999999995
6.23531
6.25031
6.30031
6.33031
6.30031
6.33031
6.38031
6.3903099999999995
6.37031
6.3503099999999995
6.32031
6.30031
6.28031
6.26031
6.25531
6.26031
6.27531
6.26031
6.27031
6.28031
6.30031
6.29031
6.25031
6.2253099999999995
6.20031
6.17031
6.1403099999999995
6.12531
6.11031
6.10531
6.07031
6.09031
6.13031
6.12031
6.12031
6.1003099999999995
6.09531
6.12531
6.13531
6.16031
6.15531
6.20031
6.22031
6.19531
6.17531
6.16031
6.14531
6.13531
6.14531
6.15031
6.13031
6.1003099999999995
6.07031
6.04531
6.0153099999999995
5.99531
5.96531
5.94531
5.9303099999999995
5.91031
5.89531
5.87531
5.86031
5.84531
5.84031
5.83531
5.84531
5.83531
5.8503099999999995
5.86531
5.87531
5.86031
5.83531
5.81531
5.82031
5.85531
5.89531
5.8903099999999995
5.92031
5.91031
5.95031
5.98531
5.98531
6.060309999999999
6.13031
6.17031
6.1403099999999995
6.12531
6.12031
6.13531
6.16531
6.21531
6.23531
6.22031
6.24031
6.24531
6.27031
6.26031
6.23531
6.22031
6.20031
6.16531
6.13531
6.12031
6.11531
6.13531
6.19531
6.19531
6.23031
6.30031
6.33031
6.33031
6.29531
6.29031
6.30031
6.27531
6.25531
6.23031
6.20531
6.17531
6.14531
6.11531
6.09531
6.06531
6.04031
6.0153099999999995
5.99531
5.99031
5.96031
5.935309999999999
5.91031
5.8903099999999995
5.8903099999999995
5.92531
5.95531
5.94031
5.95031
5.94031
5.91531
5.88531
5.86531
5.86031
5.86531
5.90531
5.98031
6.060309999999999
6.08531
6.06531
6.07031
6.07531
6.08031
6.12031
6.22031
6.26031
6.25031
6.26031
6.28531
6.33031
6.31531
6.29531
6.27031
6.24531
6.22031
6.20031
6.1803099999999995
6.1803099999999995
6.17031
6.14531
6.11531
6.09031
6.060309999999999
6.04031
6.0153099999999995
6.06531
6.04531
6.04531
6.07531
6.10531
6.11031
6.09531
6.07531
6.07531
6.08531
6.07531
6.060309999999999
6.04031
6.0153099999999995
5.99031
5.98031
5.98531
5.99531
5.98531
6.01031
6.02531
6.02531
6.01031
5.96531
5.94531
5.935309999999999
5.92031
5.8903099999999995
5.88531
5.86531
5.8503099999999995
5.82031
5.79531
5.77031
5.77531
5.81531
5.84031
5.87031
5.92031
5.96031
5.95031
5.92031
5.90031
5.8903099999999995
5.87531
5.85531
5.83031
5.810309999999999
5.80031
5.78531
5.75531
5.74031
5.72031
5.71031
5.69531
5.67531
5.66031
5.64531
5.62531
5.61031
5.59031
5.58031
5.57031
5.55031
5.52531
5.51031
5.49531
5.50031
5.52531
5.54031
5.52031
5.51031
5.53031
5.57531
5.60531
5.60531
5.63031
5.66031
5.65531
5.63031
5.61531
5.59531
5.59531
5.62031
5.6403099999999995
5.63531
5.6803099999999995
5.70531
5.69531
5.67031
5.65031
5.6403099999999995
5.61531
5.59031
5.56531
5.55031
5.52531
5.50031
5.48031
5.46531
5.44031
5.42031
5.42531
5.4753099999999995
5.47031
5.50531
5.560309999999999
5.58531
5.56531
5.560309999999999
5.53031
5.51031
5.50031
5.50031
5.49531
5.49031
5.47031
5.45531
5.4303099999999995
5.41031
5.38031
5.36031
5.34031
5.31531
5.29531
5.310309999999999
5.35531
5.38031
5.37031
5.42531
5.48531
5.48031
5.51031
5.49531
5.49031
5.5553099999999995
5.57531
5.54031
5.54531
5.560309999999999
5.61031
5.6403099999999995
5.62531
5.6403099999999995
5.62531
5.59531
5.56531
5.54031
5.52031
5.48531
5.45531
5.44531
5.46031
5.55031
5.6403099999999995
5.635
5.70031
5.79531
5.875
5.8903099999999995
5.87031
5.91531
5.98031
5.9753099999999995
5.99531
5.98531
5.94531
5.92031
5.8903099999999995
5.86531
5.83531
5.82531
5.87031
5.92031
5.90531
5.95031
6.00531
6.02531
5.99531
5.95531
5.91531
5.90531
5.8903099999999995
5.8503099999999995
5.810309999999999
5.77531
5.74031
5.72031
5.70031
5.66531
5.63031
5.6003099999999995
5.57031
5.53031
5.50031
5.46531
5.435309999999999
5.42531
5.44031
5.45031
5.44531
5.44031
5.495
5.560309999999999
5.60531
5.61531
5.58531
5.560309999999999
5.54531
5.5553099999999995
5.54031
5.52031
5.49531
5.47031
5.44531
5.41031
5.38531
5.37031
5.36531
5.40031
5.3903099999999995
5.42531
5.45531
5.46031
5.435309999999999
5.44031
5.48031
5.54031
5.5553099999999995
5.57531
5.65531
5.71031
5.69031
5.69531
5.6803099999999995
5.65531
5.63531
5.6403099999999995
5.64531
5.64531
5.67031
5.67531
5.65531
5.63031
5.59031
5.57031
5.55031
5.53531
5.5153099999999995
5.50531
5.54031
5.57531
5.56531
5.56531
5.58531
5.56531
5.53531
5.53531
5.51031
5.49531
5.5153099999999995
5.52531
5.52531
5.49031
5.4753099999999995
5.46531
5.45031
5.46031
5.48531
5.50031
5.49531
5.55031
5.59531
5.61031
5.67531
5.7253099999999995
5.73031
5.71031
5.69031
5.69531
5.72031
5.77531
5.82031
5.810309999999999
5.86531
5.92031
5.92531
5.90031
5.86031
5.84531
5.82531
5.810309999999999
5.79531
5.77531
5.77031
5.74531
5.73531
5.72031
5.70531
5.67531
5.65031
5.62531
5.60531
5.58531
5.56531
5.54531
5.52031
5.50031
5.48031
5.46031
5.45031
5.44031
5.41531
5.40031
5.38031
5.37531
5.38031
5.37031
5.36531
5.36031
5.35531
5.38031
5.41531
5.41031
5.4303099999999995
5.4753099999999995
5.53031
5.55031
5.55031
5.58031
5.63031
5.63531
5.63531
5.63031
5.63031
5.685
5.76031
5.76031
5.76031
5.77531
5.79531
5.83031
5.90031
5.94531
5.935309999999999
5.95031
5.97031
5.95531
5.935309999999999
5.91031
5.88531
5.86031
5.84031
5.810309999999999
5.79531
5.78031
5.7653099999999995
5.74531
5.7253099999999995
5.71031
5.69031
5.67031
5.685309999999999
5.71531
5.71531
5.7653099999999995
5.78531
5.78531
5.7653099999999995
5.74531
5.7253099999999995
5.7253099999999995
5.72031
5.69531
5.67531
5.66031
5.64531
5.62531
5.61031
5.58531
5.57031
5.56531
5.58031
5.59531
5.59531
5.61531
5.62031
5.62031
5.66031
5.70531
5.72031
5.77031
5.79531
5.80031
5.77531
5.7653099999999995
5.7653099999999995
5.75031
5.73531
5.70531
5.6803099999999995
5.69531
5.70031
5.71531
5.69531
5.69531
5.69031
5.685309999999999
5.67031
5.65531
5.63031
5.61531
5.6003099999999995
5.58031
5.56531
5.54531
5.52031
5.50031
5.48531
5.47031
5.46031
5.45531
5.44031
5.42531
5.42031
5.40031
5.3903099999999995
5.37531
5.36531
5.35531
5.34531
5.33031
5.310309999999999
5.29531
5.28031
5.27031
5.26031
5.26031
5.29031
5.31531
5.33031
5.38531
5.42531
5.42031
5.40031
5.38031
5.36031
5.34031
5.32531
5.3053099999999995
5.28531
5.27031
5.24531
5.2253099999999995
5.21531
5.21031
5.185309999999999
5.16031
5.1403099999999995
5.13031
5.10531
5.09031
5.08031
5.06531
5.05031
5.03031
5.0153099999999995
5.00531
5.06531
5.07031
5.09031
5.1403099999999995
5.16031
5.15031
5.12031
5.11531
5.10531
5.08531
5.060309999999999
5.0553099999999995
5.02031
5.02031
5.02031
5.00531
4.98031
5.00031
5.04031
5.04531
5.11031
5.16531
5.15031
5.13531
5.11031
5.09531
5.08531
5.06531
5.05031
5.02531
5.00031
4.99031
4.97031
4.95531
4.92031
4.90031
4.88031
4.85531
4.83031
4.810309999999999
4.79031
4.77531
4.78531
4.83031
4.83531
4.85531
4.90031
4.935309999999999
4.94031
4.91031
4.8903099999999995
4.86031
4.84531
4.83531
4.82531
4.810309999999999
4.8053099999999995
4.810309999999999
4.80031
4.79031
4.78031
4.80031
4.79531
4.78031
4.75531
4.73031
4.72031
4.74031
4.75031
4.75531
4.74031
4.7253099999999995
4.75531
4.82031
4.83531
4.87031
4.90531
4.92531
4.90531
4.8903099999999995
4.86531
4.87031
4.88031
4.86531
4.83531
4.8053099999999995
4.80031
4.82531
4.90031
4.94531
4.94031
5.00531
5.04031
5.02031
4.99031
4.98531
4.99031
4.95531
4.95531
4.9753099999999995
5.02031
5.02531
5.060309999999999
5.07031
5.1003099999999995
5.17031
5.23031
5.23531
5.22031
5.185309999999999
5.15531
5.1403099999999995
5.13031
5.11031
5.08531
5.06531
5.02531
4.98531
4.95031
4.91531
4.90531
4.92531
4.95031
4.935
4.97031
4.98531
4.96531
4.96031
4.95031
4.90531
4.8903099999999995
4.89531
4.89531
4.9303099999999995
4.94531
5.00031
5.00531
4.9753099999999995
4.95031
4.94531
4.95531
4.94531
4.9303099999999995
4.91531
4.90031
4.87531
4.84031
4.810309999999999
4.79031
4.76031
4.7253099999999995
4.71031
4.73031
4.75031
4.75031
4.78531
4.81531
4.82031
4.80031
4.77531
4.74531
4.72031
4.69531
4.65531
4.64531
4.62531
4.60531
4.57531
4.560309999999999
4.55031
4.53531
4.5153099999999995
4.49531
4.47031
4.46031
4.47031
4.47031
4.4753099999999995
4.49031
4.515
4.53031
4.52031
4.50531
4.49031
4.46531
4.46531
4.48531
4.4753099999999995
4.48031
4.46531
4.45531
4.45031
4.4303099999999995
4.41531
4.40531
4.3903099999999995
4.38531
4.37531
4.36531
4.36
4.36031
4.38531
4.38031
4.37031
4.36531
4.3903099999999995
4.42031
4.4303099999999995
4.44031
4.435309999999999
4.4303099999999995
4.44031
4.45031
4.45531
4.45031
4.435309999999999
4.42031
4.41531
4.40531
4.39531
4.38531
4.41031
4.44531
4.445
4.48531
4.525
4.54031
4.54031
4.53531
4.53531
4.53531
4.53031
4.52031
4.53531
4.54031
4.55031
4.54031
4.53531
4.52031
4.51031
4.49031
4.48531
4.48031
4.47031
4.45531
4.44531
4.44031
4.4303099999999995
4.42031
4.41031
4.41031
4.40031
4.38531
4.38531
4.38531
4.41531
4.40531
4.42531
4.435309999999999
4.42531
4.42531
4.44031
4.46031
4.50531
4.51031
4.52031
4.560309999999999
4.58531
4.58531
4.62031
4.61531
4.62531
4.63531
4.66031
4.63531
4.62031
4.60531
4.61031
4.63531
4.67531
4.70031
4.69031
4.69031
4.70531
4.74531
4.78031
4.82531
4.83031
4.82531
4.84031
4.8503099999999995
4.86031
4.8503099999999995
4.83531
4.82031
4.79531
4.8053099999999995
4.84031
4.84531
4.86031
4.8903099999999995
4.90031
4.88531
4.86531
4.84031
4.83531
4.82031
4.81531
4.80031
4.78031
4.77031
4.75031
4.72031
4.70531
4.70031
4.67031
4.65031
4.63531
4.61031
4.59031
4.57531
4.55031
4.53531
4.5153099999999995
4.50031
4.48531
4.4753099999999995
4.46531
4.45031
4.435309999999999
4.42031
4.40031
4.39
4.38031
4.38531
4.4
4.44531
4.44531
4.44531
4.44031
4.41531
4.40031
4.40031
4.42031
4.46031
4.50531
4.50531
4.55031
4.59531
4.62531
4.63531
4.61531
4.6003099999999995
4.57031
4.55031
4.53031
4.51031
4.50031
4.48531
4.45531
4.42531
4.41531
4.3903099999999995
4.37531
4.35531
4.34531
4.34031
4.32531
4.32031
4.3053099999999995
4.28531
4.27031
4.28531
4.31531
4.32031
4.32531
4.37031
4.40531
4.40531
4.38031
4.36031
4.34531
4.36031
4.37531
4.42531
4.46531
4.48031
4.55031
4.58531
4.56531
4.54531
4.52531
4.51031
4.49531
4.48031
4.47031
4.45531
4.4303099999999995
4.435309999999999
4.44031
4.42531
4.41531
4.42531
4.44031
4.42531
4.42031
4.435309999999999
4.4303099999999995
4.41031
4.3903099999999995
4.36531
4.35531
4.34531
4.3503099999999995
4.37531
4.42031
4.42031
4.44031
4.47031
4.4753099999999995
4.46531
4.44531
4.42531
4.435309999999999
4.48031
4.48531
4.48531
4.48031
4.45031
4.44031
4.41031
4.3903099999999995
4.40031
4.41031
4.42031
4.4753099999999995
4.47031
4.5153099999999995
4.55031
4.5553099999999995
4.53531
4.5153099999999995
4.52531
4.53031
4.55031
4.59031
4.69531
4.74031
4.73531
4.81
4.91
4.94531
4.92531
4.90031
4.86531
4.85531
4.83531
4.8053099999999995
4.78031
4.75031
4.7253099999999995
4.73531
4.78531
4.78031
4.78531
4.82031
4.83031
4.83031
4.84531
4.82531
4.83031
4.810309999999999
4.79031
4.78031
4.77031
4.77531
4.8053099999999995
4.8053099999999995
4.80031
4.82531
4.84031
4.83031
4.79531
4.7653099999999995
4.74031
4.71031
4.685309999999999
4.66531
4.65031
4.63031
4.61531
4.59031
4.57531
4.57031
4.60531
4.61031
4.62031
4.65531
4.67531
4.67031
4.6403099999999995
4.61531
4.61031
4.59531
4.57031
4.560309999999999
4.54031
4.52031
4.50031
4.48031
4.45531
4.44531
4.41531
4.40031
4.41531
4.44531
4.45531
4.435309999999999
4.42031
4.44031
4.50031
4.54031
4.55031
4.53531
4.52531
4.52031
4.52031
4.5153099999999995
4.50531
4.50031
4.50031
4.51031
4.5553099999999995
4.57531
4.58531
4.6003099999999995
4.66531
4.72031
4.72031
4.71531
4.70531
4.71031
4.71531
4.7253099999999995
4.71531
4.70531
4.69531
4.67531
4.66531
4.65531
4.63531
4.63031
4.62531
4.62031
4.61031
4.60531
4.59031
4.58531
4.57031
4.57031
4.57531
4.55031
4.53531
4.52531
4.51031
4.50531
4.49531
4.49031
4.49031
4.48031
4.4753099999999995
4.48031
4.5153099999999995
4.5553099999999995
4.57031
4.6403099999999995
4.70031
4.72031
4.71031
4.70531
4.75031
4.84031
4.85531
4.895
4.91031
4.91031
4.90031
4.91031
4.94031
4.94031
4.92031
4.90531
4.90031
4.91531
4.935309999999999
4.96531
4.99531
5.00531
5.04531
5.060309999999999
5.04031
5.06531
5.1803099999999995
5.19531
5.21031
5.27031
5.29031
5.27531
5.28031
5.27531
5.29031
5.27031
5.30031
5.33531
5.34531
5.33531
5.31531
5.33531
5.35531
5.36531
5.45531
5.4753099999999995
5.52031
5.61031
5.65531
5.6403099999999995
5.61531
5.62531
5.62031
5.6003099999999995
5.57531
5.560309999999999
5.55031
5.52031
5.50031
5.49031
5.46531
5.435309999999999
5.42031
5.40031
5.3903099999999995
5.38531
5.39531
5.38031
5.38531
5.36031
5.33531
5.31531
5.28531
5.26031
5.24531
5.23031
5.21031
5.20031
5.19531
5.17531
5.15031
5.13531
5.12031
5.10531
5.09531
5.08031
5.060309999999999
5.05031
5.03031
5.01031
4.99531
4.98031
4.9753099999999995
4.99031
5.02031
5.0553099999999995
5.06531
5.05031
5.07031
5.13031
5.15531
5.16031
5.17531
5.16531
5.1803099999999995
5.185309999999999
5.17531
5.16031
5.14531
5.15031
5.13531
5.13531
5.205
5.2653099999999995
5.27031
5.26031
5.27031
5.27531
5.28531
5.27031
5.25031
5.2253099999999995
5.22031
5.21531
5.20531
5.185309999999999
5.16531
5.13531
5.12031
5.1003099999999995
5.09031
5.06531
5.06531
5.03031
5.0153099999999995
5.00531
4.98531
4.96031
4.95531
4.94031
4.92531
4.91031
4.89531
4.88031
4.86031
4.8503099999999995
4.83031
4.82031
4.810309999999999
4.8053099999999995
4.79531
4.79031
4.78531
4.7653099999999995
4.77031
4.75031
4.74031
4.73031
4.71531
4.7253099999999995
4.73531
4.775
4.78531
4.78031
4.78531
4.79031
4.78531
4.77531
4.76031
4.75531
4.7653099999999995
4.81531
4.8503099999999995
4.85531
4.90531
4.95531
4.98531
4.98031
4.98031
5.02531
5.02531
5.04531
5.07031
5.05031
5.03031
5.01031
5.00531
4.98531
4.97031
4.94531
4.92531
4.90031
4.89531
4.88531
4.86031
4.8503099999999995
4.84031
4.810309999999999
4.78531
4.7653099999999995
4.74031
4.7253099999999995
4.74031
4.81531
4.83
4.86031
4.9303099999999995
4.99031
5.02531
5.02531
4.99531
4.9753099999999995
4.95531
4.95031
4.94531
4.935309999999999
4.92031
4.90531
4.88031
4.84031
4.8503099999999995
4.8903099999999995
4.8903099999999995
4.91531
4.95
4.97031
4.96531
4.97031
4.98531
4.9753099999999995
4.94531
4.9303099999999995
4.92031
4.8903099999999995
4.87031
4.86031
4.8503099999999995
4.82031
4.8053099999999995
4.77031
4.75031
4.71531
4.69531
4.67031
4.64531
4.635
4.64531
4.62531
4.60531
4.58031
4.5553099999999995
4.53031
4.51031
4.49
4.47031
4.4753099999999995
4.5153099999999995
4.52531
4.53531
4.57531
4.60531
4.60531
4.58531
4.56531
4.5553099999999995
4.53031
4.5153099999999995
4.49531
4.48031
4.46531
4.44531
4.41531
4.3903099999999995
4.38031
4.36531
4.34531
4.32531
4.31531
4.32531
4.310309999999999
4.29031
4.27531
4.27031
4.26031
4.245
4.23031
4.21031
4.19031
4.17031
4.15531
4.13531
4.12531
4.1003099999999995
4.11531
4.12031
4.15531
4.16
4.14531
4.1403099999999995
4.13531
4.13031
4.13031
4.11531
4.10531
4.09031
4.07031
4.060309999999999
4.04031
4.02531
4.0153099999999995
3.99531
3.97531
3.97031
3.9653099999999997
4.00531
4.05031
4.060309999999999
4.11531
4.15531
4.15031
4.185309999999999
4.2653099999999995
4.2653099999999995
4.310309999999999
4.33031
4.32031
4.32031
4.29031
4.29031
4.29531
4.28031
4.32031
4.36031
4.36031
4.3503099999999995
4.36031
4.35531
4.325
4.29531
4.27031
4.24531
4.2253099999999995
4.23031
4.27031
4.36031
4.42031
4.4303099999999995
4.52
4.60531
4.64531
4.63031
4.6403099999999995
4.6403099999999995
4.62031
4.60531
4.58531
4.560309999999999
4.54531
4.55031
4.57031
4.63031
4.63531
4.69531
4.73531
4.73031
4.70531
4.6803099999999995
4.66031
4.64531
4.62031
4.59531
4.58031
4.5553099999999995
4.52531
4.49531
4.47031
4.4753099999999995
4.53531
4.535
4.6003099999999995
4.6403099999999995
4.6403099999999995
4.64531
4.63531
4.63031
4.64531
4.6403099999999995
4.615
4.58531
4.58031
4.61031
4.66031
4.66031
4.64531
4.62531
4.61531
4.66031
4.69031
4.71031
4.71531
4.6803099999999995
4.65031
4.63031
4.62531
4.59
4.57031
4.55031
4.52531
4.50031
4.4753099999999995
4.45031
4.4303099999999995
4.41031
4.3903099999999995
4.38031
4.34531
4.32031
4.32531
4.33531
4.34031
4.36531
4.36531
4.40531
4.44031
4.46531
4.45031
4.44031
4.47031
4.49
4.53031
4.52031
4.52531
4.53531
4.56531
4.6003099999999995
4.63031
4.63031
4.65531
4.6803099999999995
4.67031
4.64531
4.63031
4.61531
4.61531
4.67531
4.70531
4.70031
4.73531
4.76031
4.78031
4.79031
4.78031
4.7653099999999995
4.76031
4.74531
4.71531
4.70531
4.70531
4.70031
4.69531
4.6803099999999995
4.66531
4.65031
4.63031
4.64531
4.66531
4.66531
4.6803099999999995
4.71031
4.73031
4.74031
4.73031
4.71531
4.70531
4.70031
4.69531
4.685309999999999
4.67031
4.66531
4.65031
4.63
4.63531
4.62031
4.61031
4.61031
4.59531
4.58031
4.57531
4.56531
4.560309999999999
4.55031
4.54531
4.53531
4.53031
4.5553099999999995
4.59031
4.63531
4.63031
4.63531
4.6403099999999995
4.64531
4.65531
4.63531
4.62031
4.62031
4.61031
4.6003099999999995
4.58531
4.58031
4.57531
4.560309999999999
4.55
4.55031
4.54031
4.53531
4.53031
4.54031
4.55031
4.56531
4.57031
4.59031
4.61031
4.64531
4.65031
4.64531
4.6403099999999995
4.6403099999999995
4.64531
4.65031
4.64531
4.63031
4.62031
4.61031
4.6003099999999995
4.60531
4.59031
4.58531
4.57531
4.58031
4.57531
4.56531
4.5553099999999995
4.5553099999999995
4.54531
4.53531
4.53031
4.52531
4.52531
4.52531
4.5153099999999995
4.50531
4.50531
4.50031
4.49031
4.48031
4.4753099999999995
4.47031
4.48031
4.53031
4.57031
4.57
4.57531
4.60531
4.66031
4.67531
4.655
4.69031
4.71531
4.74031
4.73031
4.73031
4.74031
4.74031
4.75031
4.74031
4.73031
4.72031
4.70531
4.685309999999999
4.67031
4.66031
4.64531
4.63531
4.61531
4.59531
4.58031
4.5553099999999995
4.54031
4.53031
4.5153099999999995
4.51031
4.53531
4.55031
4.52531
4.53031
4.57531
4.615
4.64531
4.635
4.62531
4.6003099999999995
4.57531
4.5553099999999995
4.54531
4.54
4.53031
4.51031
4.49531
4.48531
4.48031
4.46531
4.45031
4.44031
4.42531
4.42031
4.45531
4.48031
4.48531
4.50031
4.57031
4.62031
4.62031
4.6803099999999995
4.67531
4.73031
4.80031
4.81531
4.810309999999999
4.810309999999999
4.82531
4.810309999999999
4.79531
4.78031
4.78031
4.77031
4.75531
4.7253099999999995
4.69031
4.66031
4.63531
4.60531
4.57031
4.54531
4.52031
4.49031
4.4753099999999995
4.48531
4.49031
4.47031
4.44031
4.41531
4.3903099999999995
4.365
4.36531
4.33031
4.32031
4.31531
4.34531
4.40031
4.39531
4.42031
4.40031
4.37531
4.37531
4.36031
4.36031
4.35531
4.37031
4.3903099999999995
4.40531
4.46031
4.49031
4.4753099999999995
4.45531
4.45531
4.45531
4.45031
4.44031
4.435309999999999
4.41531
4.38531
4.37031
4.3503099999999995
4.31531
4.30031
4.27531
4.25031
4.2253099999999995
4.20031
4.17531
4.15531
4.1403099999999995
4.12531
4.10531
4.09531
4.11
4.1403099999999995
4.15531
4.13531
4.13031
4.115
4.09031
4.07031
4.0553099999999995
4.05031
4.0553099999999995
4.04531
4.02031
4.00531
4.01031
4.06531
4.13531
4.13031
4.185309999999999
4.2653099999999995
4.34031
4.36
4.33531
4.31531
4.31531
4.32531
4.32531
4.3053099999999995
4.28031
4.26031
4.24031
4.22031
4.20031
4.185309999999999
4.17531
4.15031
4.12531
4.1003099999999995
4.07531
4.0553099999999995
4.03531
4.025
4.00531
4.01031
4.00531
3.99031
3.96
3.9603099999999998
3.9403099999999998
3.91531
3.905
3.8803099999999997
3.86
3.84531
3.83031
3.8203099999999997
3.805
3.8003099999999996
3.78531
3.78031
3.8003099999999996
3.83031
3.83031
3.8603099999999997
3.91031
3.93531
3.9403099999999998
3.945
3.97031
3.98031
3.96
3.9853099999999997
4.00031
4.00031
3.9853099999999997
3.9603099999999998
3.9453099999999997
3.93531
3.9253099999999996
3.91031
3.915
3.89531
3.91031
3.97531
3.9853099999999997
4.05031
4.15
4.22031
4.24031
4.2253099999999995
4.24031
4.28031
4.30031
4.29031
4.27031
4.25031
4.25031
4.25531
4.24031
4.26031
4.2653099999999995
4.25531
4.24031
4.27031
4.33531
4.36531
4.37531
4.435309999999999
4.475
4.49031
4.465
4.45531
4.44531
4.42531
4.41031
4.39531
4.38031
4.36031
4.34031
4.32531
4.3053099999999995
4.29531
4.29031
4.29031
4.32531
4.32531
4.3503099999999995
4.385
4.40531
4.3903099999999995
4.40531
4.51031
4.56531
4.56531
4.615
4.71031
4.7653099999999995
4.75531
4.73031
4.73531
4.74031
4.74031
4.74031
4.74031
4.73531
4.75531
4.76031
4.76031
4.77531
4.78531
4.77031
4.74531
4.7253099999999995
4.70531
4.69531
4.66031
4.63031
4.67031
4.71031
4.70531
4.745
4.8053099999999995
4.82
4.8053099999999995
4.77531
4.75031
4.74031
4.73531
4.71031
4.685
4.67031
4.66531
4.66531
4.66031
4.65031
4.65531
4.65031
4.63031
4.62031
4.6003099999999995
4.58031
4.560309999999999
4.53531
4.52531
4.51
4.49531
4.48031
4.48531
4.52031
4.53031
4.55031
4.59031
4.6003099999999995
4.6003099999999995
4.58031
4.58031
4.56531
4.5553099999999995
4.57531
4.63031
4.69031
4.70531
4.75531
4.75031
4.75031
4.75531
4.76031
4.8
4.83031
4.83531
4.82031
4.82531
4.84531
4.8503099999999995
4.84531
4.85531
4.84531
4.82031
4.810309999999999
4.79531
4.78531
4.78031
4.77031
4.75531
4.76031
4.75531
4.76031
4.76031
4.74531
4.73531
4.72031
4.71031
4.70031
4.685309999999999
4.6803099999999995
4.66531
4.65031
4.6403099999999995
4.63031
4.62531
4.62531
4.60531
4.61531
4.6003099999999995
4.6003099999999995
4.59531
4.58531
4.59031
4.58531
4.58031
4.57031
4.57031
4.56531
4.560309999999999
4.5553099999999995
4.54531
4.54031
4.53531
4.53031
4.59031
4.71031
4.76031
4.83
4.92031
4.97031
4.94531
4.94531
4.97031
5.01031
5.08531
5.11531
5.10531
5.1003099999999995
5.11031
5.11531
5.11531
5.12031
5.12531
5.13031
5.12531
5.11531
5.09531
5.09031
5.12031
5.12531
5.16531
5.21031
5.21031
5.19031
5.16031
5.14531
5.12031
5.1003099999999995
5.08531
5.07031
5.0553099999999995
5.06531
5.09531
5.10531
5.14531
5.20031
5.23031
5.23031
5.20531
5.19031
5.19031
5.23031
5.27531
5.27031
5.3053099999999995
5.34031
5.35531
5.35531
5.32531
5.310309999999999
5.30031
5.29031
5.29531
5.31531
5.310309999999999
5.33031
5.36031
5.34531
5.33031
5.310309999999999
5.28531
5.27031
5.24531
5.23031
5.21531
5.185309999999999
5.16531
5.14531
5.13031
5.14531
5.16531
5.19031
5.1803099999999995
5.16531
5.16031
5.13531
5.11031
5.09031
5.06531
5.04031
5.02031
5.00031
4.98031
4.95531
4.9303099999999995
4.91531
4.8903099999999995
4.88531
4.88031
4.88031
4.87031
4.85531
4.83031
4.82531
4.810309999999999
4.82031
4.85531
4.86531
4.90031
4.94531
4.96031
4.94531
4.9303099999999995
4.92531
4.91531
4.90031
4.88531
4.8503099999999995
4.83031
4.81531
4.8053099999999995
4.78031
4.78531
4.76031
4.7653099999999995
4.80031
4.80031
4.815
4.84531
4.83031
4.82531
4.815
4.810309999999999
4.80031
4.82031
4.810309999999999
4.82531
4.84531
4.86531
4.87031
4.8503099999999995
4.82031
4.810309999999999
4.810309999999999
4.810309999999999
4.80031
4.82031
4.835
4.84531
4.83531
4.82031
4.8053099999999995
4.78531
4.77531
4.76031
4.73531
4.71531
4.69031
4.67031
4.65031
4.63531
4.62
4.62
4.6003099999999995
4.59031
4.57
4.55031
4.53031
4.52031
4.50031
4.49531
4.48031
4.47031
4.46031
4.44531
4.43
4.42031
4.41031
4.3903099999999995
4.38531
4.3903099999999995
4.39531
4.4303099999999995
4.445
4.44531
4.48531
4.50531
4.50031
4.48531
4.4753099999999995
4.45531
4.435309999999999
4.42531
4.40531
4.41031
4.42031
4.41531
4.40531
4.3903099999999995
4.38031
4.37531
4.36031
4.34531
4.33031
4.32031
4.32031
4.34031
4.35531
4.35531
4.3903099999999995
4.41031
4.40031
4.39531
4.4
4.4303099999999995
4.4303099999999995
4.44531
4.50031
4.53531
4.52531
4.54031
4.5553099999999995
4.55031
4.53031
4.5153099999999995
4.51031
4.50531
4.47031
4.45031
4.42
4.41031
4.42031
4.40031
4.37531
4.3503099999999995
4.33531
4.310309999999999
4.285
4.2653099999999995
4.24531
4.2253099999999995
4.21031
4.19531
4.18
4.17031
4.16531
4.14531
4.13531
4.10531
4.10531
4.07031
4.05031
4.04
4.0153099999999995
3.9853099999999997
3.97031
3.95031
3.93531
3.9203099999999997
3.90531
3.89031
3.87031
3.8603099999999997
3.85531
3.85031
3.85031
3.8403099999999997
3.8203099999999997
3.81031
3.82531
3.85031
3.87031
3.8603099999999997
3.87531
3.90531
3.91031
3.90531
3.9253099999999996
3.925
3.95031
3.95
4.00031
3.99531
4.00531
3.99031
3.9853099999999997
3.9653099999999997
3.95031
3.9403099999999998
3.9403099999999998
3.9453099999999997
3.9453099999999997
3.93531
3.91531
3.9003099999999997
3.88531
3.8603099999999997
3.845
3.8203099999999997
3.81031
3.8403099999999997
3.87031
3.87031
3.91
3.9453099999999997
3.95031
3.93
3.90531
3.8803099999999997
3.85531
3.84531
3.8203099999999997
3.80531
3.8003099999999996
3.78031
3.80531
3.8353099999999998
3.82531
3.85031
3.87531
3.88531
3.89031
3.95031
3.97031
4.005
4.07031
4.09531
4.08531
4.06531
4.0553099999999995
4.06531
4.08031
4.11531
4.13031
4.11531
4.15031
4.14531
4.13531
4.16531
4.16531
4.20031
4.23031
4.23531
4.24031
4.28531
4.3053099999999995
4.29031
4.285
4.345
4.40531
4.40531
4.38531
4.35531
4.35531
4.37031
4.34531
4.31531
4.30031
4.28531
4.28531
4.28531
4.30031
4.28031
4.31531
4.35531
4.3503099999999995
4.33531
4.31531
4.28531
4.27531
4.28031
4.30031
4.29031
4.29531
4.33531
4.36031
4.34031
4.32031
4.31531
4.33531
4.36531
4.3503099999999995
4.37031
4.41031
4.40531
4.38031
4.35531
4.32531
4.3053099999999995
4.32031
4.34531
4.34531
4.38531
4.39531
4.38031
4.36031
4.34031
4.33531
4.310309999999999
4.3053099999999995
4.28531
4.2653099999999995
4.24031
4.21531
4.19531
4.1803099999999995
4.15531
4.13531
4.10531
4.09031
4.07031
4.05031
4.03031
4.03531
4.05031
4.05031
4.0553099999999995
4.060309999999999
4.1003099999999995
4.12531
4.11031
4.12531
4.17531
4.22031
4.22031
4.25531
4.2653099999999995
4.2653099999999995
4.27531
4.2653099999999995
4.27531
4.295
4.3
4.3053099999999995
4.3
4.28031
4.28531
4.32031
4.36531
4.38031
4.40031
4.44031
4.45531
4.44031
4.44031
4.42531
4.42531
4.42031
4.42031
4.41531
4.40031
4.3903099999999995
4.38
4.37
4.36031
4.36031
4.35531
4.34031
4.32
4.31531
4.3053099999999995
4.29531
4.29031
4.28531
4.27031
4.26031
4.25531
4.24031
4.23031
4.22031
4.21531
4.20531
4.20531
4.19531
4.19031
4.185309999999999
4.1803099999999995
4.17031
4.16031
4.15531
4.185309999999999
4.21031
4.25531
4.26031
4.2653099999999995
4.29531
4.32031
4.32031
4.3503099999999995
4.3903099999999995
4.41031
4.40531
4.40531
4.40031
4.41031
4.40531
4.40531
4.40531
4.40031
4.3903099999999995
4.3903099999999995
4.38531
4.37531
4.36031
4.35531
4.34031
4.33531
4.32531
4.310309999999999
4.310309999999999
4.32031
4.295
4.28531
4.29031
4.31531
4.34531
4.365
4.3903099999999995
4.41531
4.435309999999999
4.45531
4.48031
4.48031
4.48531
4.56
4.63531
4.66531
4.65531
4.65531
4.6803099999999995
4.69531
4.71031
4.70531
4.71531
4.77531
4.82031
4.81531
4.86031
4.8903099999999995
4.90531
4.8903099999999995
4.87031
4.86031
4.84531
4.83031
4.82031
4.8053099999999995
4.810309999999999
4.82031
4.83031
4.83531
4.87531
4.88531
4.88031
4.89531
4.8903099999999995
4.87031
4.87031
4.92031
4.9303099999999995
4.94031
4.98031
5.00031
4.98531
4.97031
4.94531
4.95031
4.98531
5.00031
5.00031
5.04031
5.060309999999999
5.04031
5.02531
5.02031
4.99531
4.96531
4.94531
4.935309999999999
4.92031
4.91031
4.90531
4.88531
4.87031
4.86531
4.8503099999999995
4.8503099999999995
4.88531
4.8903099999999995
4.8903099999999995
4.92531
4.95531
4.96031
4.935309999999999
4.91031
4.90531
4.87531
4.84031
4.83531
4.810309999999999
4.78531
4.77031
4.73031
4.72031
4.70531
4.69531
4.67531
4.65031
4.62531
4.60531
4.58531
4.56531
4.56531
4.61031
4.67
4.695
4.765
4.8053099999999995
4.795
4.78031
4.75031
4.74031
4.7253099999999995
4.71031
4.685309999999999
4.66031
4.65531
4.63031
4.61
4.58031
4.56531
4.55
4.53031
4.52531
4.54531
4.5553099999999995
4.57031
4.63031
4.66031
4.65531
4.6403099999999995
4.63031
4.60531
4.585
4.57031
4.55031
4.53531
4.52531
4.51031
4.49031
4.48031
4.4753099999999995
4.44531
4.4303099999999995
4.40531
4.3903099999999995
4.3903099999999995
4.39531
4.42031
4.41531
4.44531
4.48031
4.50031
4.49031
4.47031
4.46031
4.45031
4.4303099999999995
4.42031
4.41031
4.40031
4.38531
4.37031
4.3503099999999995
4.32531
4.32031
4.3053099999999995
4.28531
4.27031
4.245
4.24531
4.2653099999999995
4.28531
4.30031
4.31531
4.34031
4.3503099999999995
4.37031
4.37531
4.34531
4.34531
4.34031
4.35531
4.40531
4.46031
4.46031
4.5153099999999995
4.5553099999999995
4.54531
4.560309999999999
4.6003099999999995
4.6003099999999995
4.63531
4.69031
4.70531
4.6803099999999995
4.66531
4.67031
4.67031
4.66531
4.64531
4.63031
4.61031
4.58531
4.57531
4.59531
4.6403099999999995
4.685309999999999
4.665
4.69031
4.765
4.825
4.84
4.810309999999999
4.78531
4.7653099999999995
4.75031
4.76031
4.82031
4.87031
4.88531
4.95031
4.98531
4.96031
4.92531
4.91031
4.935309999999999
4.97031
4.98031
4.95531
4.94031
4.91531
4.88531
4.8503099999999995
4.83031
4.84531
4.90031
4.90531
4.91531
4.8903099999999995
4.94531
4.97031
4.98031
5.04531
5.04531
5.04031
5.02031
5.00531
5.04031
5.060309999999999
5.04031
5.09031
5.14531
5.13531
5.14531
5.15531
5.13531
5.16031
5.1403099999999995
5.17
5.23531
5.24031
5.21031
5.20531
5.1803099999999995
5.16031
5.13531
5.11031
5.07531
5.06531
5.04531
5.03031
5.00531
4.9753099999999995
4.95031
4.91531
4.88531
4.85531
4.83531
4.81531
4.79531
4.77531
4.74531
4.7253099999999995
4.69531
4.6803099999999995
4.66031
4.66531
4.70531
4.73031
4.75031
4.82031
4.85531
4.8503099999999995
4.83531
4.82031
4.82031
4.84531
4.8903099999999995
4.90531
4.91031
4.96031
4.98031
4.96531
4.96531
4.97031
4.97031
5.00031
5.08031
5.09531
5.12031
5.1803099999999995
5.21031
5.20031
5.1803099999999995
5.16031
5.16031
5.16531
5.16031
5.15031
5.14531
5.16531
5.19031
5.185309999999999
5.2253099999999995
5.25531
5.27531
5.27031
5.24531
5.22031
5.20531
5.185309999999999
5.17531
5.17531
5.14531
5.12531
5.10531
5.08531
5.07031
5.05031
5.04531
5.03531
5.01031
5.00031
5.00531
5.0153099999999995
5.01031
4.99531
4.96031
4.9753099999999995
4.97031
4.97031
4.96031
4.94031
4.94031
4.9303099999999995
4.92531
4.91031
4.90531
4.8903099999999995
4.8903099999999995
4.90531
4.95031
4.96531
4.99531
5.04531
5.07531
5.07531
5.09531
5.15531
5.17531
5.22031
5.24531
5.28531
5.28031
5.3053099999999995
5.30031
5.3
5.3053099999999995
5.29031
5.28031
5.29531
5.310309999999999
5.3503099999999995
5.3503099999999995
5.37531
5.40031
5.435309999999999
5.435309999999999
5.41531
5.41531
5.40531
5.40531
5.3903099999999995
5.36531
5.3503099999999995
5.33531
5.310309999999999
5.30031
5.310309999999999
5.295
5.29031
5.27531
5.27031
5.27031
5.310309999999999
5.32031
5.335
5.37531
5.41031
5.40531
5.38531
5.36031
5.3503099999999995
5.33531
5.34031
5.32531
5.310309999999999
5.3053099999999995
5.30031
5.30031
5.29531
5.28531
5.3053099999999995
5.36531
5.36531
5.42531
5.45031
5.44531
5.42031
5.40531
5.40031
5.38031
5.36531
5.3503099999999995
5.33531
5.310309999999999
5.28531
5.3053099999999995
5.310309999999999
5.33531
5.3503099999999995
5.33031
5.32031
5.32031
5.3503099999999995
5.41531
5.41531
5.47031
5.52031
5.53531
5.5153099999999995
5.50531
5.50531
5.49031
5.4753099999999995
5.48531
5.49031
5.46531
5.48531
5.51031
5.52031
5.5153099999999995
5.49531
5.46031
5.44031
5.42531
5.41031
5.40031
5.38031
5.36031
5.34031
5.32031
5.30031
5.28031
5.26031
5.23531
5.21531
5.19531
5.17531
5.16031
5.13531
5.12031
5.1003099999999995
5.12031
5.17031
5.23031
5.23531
5.310309999999999
5.39531
5.42031
5.42031
5.49031
5.60531
5.65531
5.64531
5.67531
5.745
5.83031
5.91531
5.92531
5.90031
5.90031
5.89531
5.88031
5.91531
5.90031
5.87531
5.85531
5.88531
5.94531
5.935309999999999
5.95531
5.96031
5.95031
5.91531
5.90031
5.8903099999999995
5.91031
5.92031
5.90031
5.92031
5.92531
5.935309999999999
5.90531
5.86031
5.82031
5.78531
5.77531
5.81531
5.8903099999999995
5.90031
5.9303099999999995
6.00531
6.06531
6.08531
6.06531
6.03031
6.00531
5.98531
5.9753099999999995
5.94531
5.91531
5.87531
5.85531
5.8053099999999995
5.78031
5.74531
5.70031
5.67031
5.64531
5.64531
5.685309999999999
5.6803099999999995
5.69531
5.74031
5.7653099999999995
5.75031
5.71531
5.685309999999999
5.66031
5.64531
5.61531
5.61031
5.59531
5.57531
5.5553099999999995
5.5153099999999995
5.49031
5.45531
5.435309999999999
5.42031
5.41531
5.41531
5.44531
5.44031
5.41531
5.40031
5.3903099999999995
5.37531
5.35531
5.37531
5.42031
5.42031
5.44531
5.47031
5.47031
5.48031
5.48531
5.45031
5.435309999999999
5.41531
5.3903099999999995
5.36531
5.34531
5.32531
5.30031
5.28031
5.25531
5.2253099999999995
5.21531
5.20531
5.19531
5.19031
5.1803099999999995
5.17031
5.15531
5.15031
5.13531
5.11031
5.11031
5.09531
5.08531
5.07031
5.06531
5.04031
5.03531
5.04531
5.04031
5.04031
5.04531
5.05031
5.1003099999999995
5.15031
5.16531
5.15531
5.15031
5.16031
5.20031
5.26031
5.25531
5.310309999999999
5.36531
5.35531
5.33531
5.33531
5.33031
5.32031
5.31531
5.34031
5.35531
5.38531
5.38031
5.36031
5.36031
5.38031
5.4303099999999995
5.44531
5.44031
5.47031
5.49031
5.48531
5.46531
5.435309999999999
5.41531
5.39531
5.37531
5.36031
5.34031
5.32531
5.310309999999999
5.30031
5.28031
5.27531
5.26031
5.24031
5.21531
5.205
5.19531
5.185309999999999
5.17531
5.16031
5.14531
5.13031
5.12031
5.1003099999999995
5.08531
5.06531
5.05031
5.03531
5.03031
5.02531
5.0153099999999995
5.02031
5.01031
4.99531
4.97031
4.95531
4.95031
4.95531
4.94531
4.935309999999999
4.935309999999999
4.92531
4.91031
4.89531
4.8903099999999995
4.87531
4.86031
4.86031
4.84531
4.84031
4.82031
4.810309999999999
4.78531
4.78531
4.81531
4.83531
4.86531
4.85531
4.86531
4.88531
4.90031
4.88531
4.8903099999999995
4.8903099999999995
4.89531
4.925
4.96531
5.00531
4.99531
4.9753099999999995
4.97031
4.97031
4.97031
4.95531
4.935309999999999
4.92031
4.90031
4.87531
4.85531
4.83031
4.83531
4.84031
4.83031
4.84031
4.86031
4.88031
4.87031
4.84531
4.83531
4.80031
4.78031
4.76031
4.73531
4.71531
4.69531
4.67031
4.65531
4.63531
4.61531
4.6003099999999995
4.57531
4.5553099999999995
4.53531
4.5153099999999995
4.49531
4.49031
4.475
4.465
4.45531
4.435309999999999
4.42031
4.40531
4.3903099999999995
4.37031
4.38031
4.4303099999999995
4.45
4.47031
4.52031
4.555
4.5553099999999995
4.57031
4.5553099999999995
4.56531
4.59531
4.58531
4.6003099999999995
4.59031
4.57531
4.59031
4.63031
4.65531
4.63531
4.65531
4.66531
4.64531
4.62031
4.59031
4.56531
4.54531
4.560309999999999
4.585
4.57031
4.6003099999999995
4.61531
4.61531
4.6003099999999995
4.62531
4.685309999999999
4.69031
4.70031
4.7253099999999995
4.7253099999999995
4.70531
4.66531
4.63531
4.61031
4.59031
4.57031
4.58531
4.63031
4.6403099999999995
4.61031
4.60531
4.63031
4.695
4.7253099999999995
4.71031
4.73531
4.71031
4.72031
4.74031
4.73031
4.70031
4.67531
4.65531
4.65531
4.69031
4.7253099999999995
4.71031
4.73531
4.73531
4.71031
4.67531
4.6403099999999995
4.6003099999999995
4.57531
4.57531
4.61
4.58031
4.57531
4.61031
4.62531
4.60531
4.59031
4.5553099999999995
4.52031
4.49031
4.4753099999999995
4.46031
4.44531
4.435309999999999
4.41031
4.38531
4.35531
4.335
4.31531
4.29031
4.27031
4.24031
4.23531
4.29531
4.3903099999999995
4.38531
4.44531
4.54
4.615
4.61531
4.59
4.560309999999999
4.54031
4.53031
4.53031
4.53031
4.5153099999999995
4.49531
4.4753099999999995
4.45031
4.42
4.39531
4.37531
4.34031
4.31531
4.29031
4.27031
4.24531
4.22031
4.20031
4.17531
4.15531
4.15531
4.19031
4.17031
4.15031
4.14531
4.12031
4.09531
4.10531
4.13531
4.17031
4.16531
4.20531
4.25
4.28031
4.285
4.28531
4.31531
4.31531
4.29531
4.32531
4.38531
4.40531
4.3903099999999995
4.435309999999999
4.44531
4.42031
4.40531
4.3903099999999995
4.39531
4.41531
4.42531
4.42531
4.41031
4.41531
4.40031
4.40031
4.475
4.55031
4.58531
4.57531
4.57031
4.57531
4.59031
4.58031
4.57531
4.560309999999999
4.55031
4.53031
4.5153099999999995
4.49531
4.48531
4.46531
4.44031
4.4303099999999995
4.41531
4.40531
4.42031
4.50031
4.56531
4.56531
4.635
4.7253099999999995
4.78031
4.79031
4.77
4.76031
4.74031
4.7253099999999995
4.72031
4.71531
4.72031
4.69031
4.67531
4.67531
4.6803099999999995
4.67031
4.66031
4.65531
4.66531
4.70031
4.70531
4.69531
4.71531
4.77531
4.82
4.810309999999999
4.80031
4.80031
4.8053099999999995
4.79031
4.77531
4.75531
4.75031
4.74531
4.74531
4.73531
4.73031
4.74531
4.80031
4.8
4.84031
4.895
4.92531
4.935309999999999
4.9303099999999995
4.91031
4.89531
4.88031
4.87031
4.86031
4.8503099999999995
4.84031
4.82
4.810309999999999
4.79531
4.77031
4.74531
4.74031
4.73031
4.71031
4.69531
4.685309999999999
4.67031
4.65531
4.6403099999999995
4.63531
4.62531
4.61031
4.60531
4.59531
4.58531
4.58031
4.57031
4.560309999999999
4.560309999999999
4.55031
4.54531
4.55
4.54031
4.53531
4.55031
4.59531
4.63031
4.64531
4.70031
4.7253099999999995
4.71531
4.71031
4.75531
4.77031
4.7653099999999995
4.75031
4.77031
4.79531
4.79531
4.79031
4.78531
4.79531
4.83031
4.87031
4.87031
4.8903099999999995
4.92031
4.9303099999999995
4.93
4.92
4.90531
4.89531
4.88531
4.88031
4.86031
4.845
4.83031
4.82031
4.80031
4.79031
4.76031
4.74031
4.73031
4.71531
4.69531
4.69531
4.67531
4.66531
4.65531
4.64531
4.63031
4.62531
4.62031
4.62531
4.61531
4.60531
4.59031
4.57531
4.56531
4.55031
4.54531
4.52531
4.52531
4.50531
4.49031
4.49031
4.47031
4.45531
4.50031
4.54531
4.54
4.57531
4.61531
4.63
4.61531
4.60531
4.58531
4.58031
4.56531
4.60531
4.60531
4.64531
4.64531
4.62531
4.62531
4.62531
4.61031
4.6003099999999995
4.58531
4.57531
4.5553099999999995
4.54031
4.52031
4.49531
4.48031
4.47031
4.45031
4.45031
4.4753099999999995
4.50031
4.50531
4.55031
4.58531
4.60531
4.57531
4.55031
4.54531
4.53531
4.52531
4.50531
4.52031
4.560309999999999
4.62031
4.61531
4.65
4.69031
4.72
4.71531
4.69531
4.67531
4.67031
4.65531
4.63531
4.61031
4.58031
4.5553099999999995
4.55031
4.51031
4.50031
4.49531
4.46531
4.45031
4.44031
4.42031
4.385
4.36531
4.34531
4.325
4.3053099999999995
4.28531
4.27031
4.25031
4.2253099999999995
4.20531
4.185309999999999
4.17031
4.19531
4.205
4.23531
4.23031
4.2253099999999995
4.22031
4.23531
4.22031
4.20031
4.19531
4.185309999999999
4.16531
4.14531
4.13031
4.11031
4.1003099999999995
4.08031
4.060309999999999
4.04531
4.07031
4.09531
4.115
4.175
4.20531
4.20031
4.1803099999999995
4.17031
4.17031
4.16531
4.14531
4.12031
4.09531
4.07531
4.0553099999999995
4.04531
4.02531
4.01031
3.9853099999999997
3.9603099999999998
3.95031
3.9453099999999997
3.9253099999999996
3.90531
3.88531
3.9003099999999997
3.9403099999999998
3.95031
4.0
4.07
4.09031
4.06531
4.07031
4.060309999999999
4.04531
4.02531
4.00031
3.97531
3.9603099999999998
3.9453099999999997
3.9203099999999997
3.9003099999999997
3.8803099999999997
3.87031
3.84531
3.8353099999999998
3.8203099999999997
3.80531
3.845
3.85
3.83031
3.815
3.85031
3.87031
3.87031
3.87531
3.865
3.85531
3.85531
3.8603099999999997
3.8603099999999997
3.85531
3.835
3.8153099999999998
3.78531
3.78031
3.80531
3.87031
3.87531
3.93
4.02
4.09531
4.10531
4.07531
4.06531
4.060309999999999
4.04531
4.04031
4.03531
4.03031
4.0153099999999995
3.99531
3.97531
3.95031
3.9203099999999997
3.89531
3.86531
3.84531
3.8203099999999997
3.7953099999999997
3.7753099999999997
3.76031
3.74531
3.7753099999999997
3.78031
3.835
3.89531
3.92
3.89031
3.87031
3.85031
3.8403099999999997
3.8353099999999998
3.8153099999999998
3.8003099999999996
3.775
3.7553099999999997
3.7353099999999997
3.7153099999999997
3.70031
3.68
3.66531
3.65531
3.6303099999999997
3.61531
3.63531
3.665
3.68531
3.6753099999999996
3.66531
3.65531
3.65531
3.64531
3.6303099999999997
3.62031
3.61
3.59531
3.61531
3.6753099999999996
3.74531
3.75
3.825
3.925
3.99
3.99531
3.9853099999999997
3.97031
3.9653099999999997
3.95531
3.9403099999999998
3.9253099999999996
3.9453099999999997
3.98031
4.035
4.02531
4.06531
4.12
4.12531
4.1003099999999995
4.08031
4.060309999999999
4.03031
4.01031
3.99031
3.9853099999999997
3.98031
3.9653099999999997
3.95531
3.93531
3.9203099999999997
3.91031
3.89031
3.87031
3.85531
3.83031
3.80531
3.79
3.78031
3.79031
3.82531
3.83031
3.865
3.9253099999999996
3.9653099999999997
3.97531
3.9653099999999997
3.9603099999999998
4.02531
4.15031
4.16
4.23
4.310309999999999
4.3503099999999995
4.41531
4.42531
4.39531
4.39531
4.40531
4.41531
4.41531
4.4303099999999995
4.46531
4.48531
4.48531
4.52031
4.53031
4.5153099999999995
4.48031
4.46031
4.44531
4.435309999999999
4.41531
4.3903099999999995
4.37531
4.37031
4.3503099999999995
4.33031
4.305
4.29031
4.2653099999999995
4.24
4.23031
4.22
4.20031
4.185309999999999
4.16531
4.15031
4.13531
4.12531
4.11
4.1003099999999995
4.09031
4.08531
4.11031
4.1403099999999995
4.16531
4.16531
4.1803099999999995
4.2253099999999995
4.26031
4.335
4.38531
4.3903099999999995
4.37531
4.38031
4.40031
4.42031
4.41531
4.40531
4.41531
4.41531
4.40531
4.38531
4.36531
4.35531
4.35531
4.32531
4.3053099999999995
4.31531
4.33031
4.37031
4.395
4.38531
4.39531
4.39531
4.38031
4.37031
4.36031
4.35531
4.3503099999999995
4.35531
4.34531
4.33031
4.31
4.3053099999999995
4.29531
4.30031
4.29531
4.28531
4.27531
4.2653099999999995
4.26
4.24531
4.23031
4.23031
4.2253099999999995
4.225
4.21031
4.20531
4.19031
4.19031
4.185309999999999
4.20031
4.27531
4.37031
4.39531
4.47
4.56531
4.63031
4.64531
4.6403099999999995
4.62531
4.62031
4.62531
4.62031
4.62031
4.61531
4.61031
4.61031
4.61031
4.59531
4.58031
4.56531
4.55031
4.54031
4.53031
4.52031
4.5153099999999995
4.49531
4.49531
4.49531
4.48531
4.4753099999999995
4.45531
4.45031
4.49031
4.51031
4.51031
4.5153099999999995
4.5553099999999995
4.59531
4.6003099999999995
4.59031
4.58031
4.58031
4.57531
4.56531
4.56531
4.54531
4.54531
4.5153099999999995
4.5153099999999995
4.49531
4.49531
4.48531
4.46531
4.46031
4.45531
4.44031
4.48531
4.5
4.52531
4.560309999999999
4.57
4.575
4.56531
4.5553099999999995
4.56531
4.60531
4.62031
4.61031
4.64531
4.66531
4.67031
4.65031
4.63
4.61531
4.60531
4.6003099999999995
4.57531
4.56531
4.5553099999999995
4.54531
4.53531
4.52031
4.50531
4.485
4.4753099999999995
4.49531
4.55031
4.5553099999999995
4.62
4.6803099999999995
4.69031
4.66531
4.65531
4.65031
4.6403099999999995
4.62531
4.61531
4.59531
4.565
4.59031
4.59531
4.62031
4.61031
4.61031
4.59031
4.57531
4.5553099999999995
4.53531
4.515
4.51031
4.50531
4.50031
4.48531
4.44531
4.44531
4.42531
4.40031
4.38531
4.36031
4.34531
4.33031
4.315
4.3053099999999995
4.29031
4.27531
4.26031
4.24531
4.24031
4.23031
4.20531
4.19531
4.185309999999999
4.17531
4.16031
4.13531
4.13031
4.105
4.11031
4.09531
4.07031
4.07031
4.06531
4.045
4.04531
4.06531
4.11031
4.12531
4.15
4.21
4.24031
4.23531
4.24531
4.25531
4.25531
4.28531
4.29531
4.28031
4.2653099999999995
4.28031
4.310309999999999
4.3053099999999995
4.310309999999999
4.32031
4.33031
4.32031
4.29531
4.35531
4.35531
4.36531
4.395
4.41031
4.40531
4.38031
4.36031
4.3503099999999995
4.33531
4.31531
4.29031
4.27531
4.25531
4.23031
4.20031
4.1803099999999995
4.16531
4.14531
4.15
4.13531
4.16031
4.20031
4.19531
4.24031
4.3053099999999995
4.33031
4.310309999999999
4.28531
4.26031
4.24031
4.2253099999999995
4.215
4.20531
4.17531
4.1803099999999995
4.16531
4.1403099999999995
4.11531
4.09031
4.06
4.04031
4.02
3.99031
3.98031
3.9603099999999998
3.9453099999999997
3.9253099999999996
3.905
3.89031
3.87531
3.85531
3.85031
3.83031
3.81031
3.78031
3.77031
3.77031
3.74031
3.73031
3.72031
3.70031
3.68031
3.66
3.64531
3.645
3.6303099999999997
3.6703099999999997
3.68
3.72031
3.72031
3.70031
3.68531
3.6753099999999996
3.6753099999999996
3.6753099999999996
3.66531
3.64531
3.64031
3.61531
3.60031
3.59531
3.5853099999999998
3.5853099999999998
3.60031
3.64031
3.68531
3.68531
3.68031
3.70031
3.72
3.77
3.83
3.87531
3.87031
3.85531
3.855
3.87031
3.87031
3.87531
3.86531
3.85031
3.8403099999999997
3.83031
3.8203099999999997
3.805
3.78531
3.76531
3.75031
3.73031
3.7103099999999998
3.6903099999999998
3.68031
3.66531
3.64531
3.62031
3.60531
3.60031
3.5903099999999997
3.59
3.58031
3.565
3.54031
3.53531
3.53031
3.53531
3.59531
3.605
3.64
3.68031
3.6953099999999997
3.68531
3.6703099999999997
3.6703099999999997
3.6953099999999997
3.71
3.735
3.73031
3.7753099999999997
3.82531
3.8203099999999997
3.84531
3.88
3.88531
3.8603099999999997
3.84531
3.8353099999999998
3.83031
3.8203099999999997
3.80531
3.78031
3.75
3.7353099999999997
3.7153099999999997
3.6903099999999998
3.68031
3.6703099999999997
3.6703099999999997
3.66031
3.64531
3.6303099999999997
3.61531
3.60031
3.60531
3.65531
3.72531
3.7353099999999997
3.74
3.81031
3.87031
3.90531
3.91031
3.89531
3.89531
3.89031
3.86531
3.84531
3.8203099999999997
3.805
3.7953099999999997
3.78031
3.7553099999999997
3.7353099999999997
3.705
3.68531
3.68531
3.6703099999999997
3.65531
3.65531
3.66031
3.6753099999999996
3.6703099999999997
3.6953099999999997
3.73031
3.74031
3.72031
3.70031
3.6903099999999998
3.6903099999999998
3.66031
3.6503099999999997
3.685
3.705
3.72031
3.7153099999999997
3.70531
3.70531
3.70031
3.6953099999999997
3.6753099999999996
3.65531
3.63531
3.6303099999999997
3.61531
3.60031
3.58031
3.56031
3.5503099999999996
3.54031
3.5253099999999997
3.51531
3.49531
3.49031
3.48031
3.4653099999999997
3.4603099999999998
3.45531
3.4453099999999997
3.43531
3.43531
3.41531
3.395
3.39531
3.385
3.3803099999999997
3.3803099999999997
3.38531
3.36531
3.3603099999999997
3.3603099999999997
3.34531
3.3403099999999997
3.3353099999999998
3.33031
3.3203099999999997
3.31031
3.30531
3.3003099999999996
3.28531
3.28031
3.27031
3.27031
3.26031
3.2553099999999997
3.2553099999999997
3.25
3.25
3.24531
3.24531
3.24031
3.24531
3.2353099999999997
3.22531
3.22531
3.22031
3.2153099999999997
3.2103099999999998
3.22
3.25
3.3
3.3203099999999997
3.32531
3.33031
3.32531
3.33031
3.325
3.32531
3.3203099999999997
3.31031
3.3003099999999996
3.29031
3.29031
3.28531
3.28031
3.27031
3.26531
3.26031
3.24531
3.245
3.23031
3.22531
3.2103099999999998
3.2103099999999998
3.1953099999999997
3.23031
3.28031
3.305
3.36
3.4003099999999997
3.40531
3.4003099999999997
3.39031
3.37531
3.37531
3.3603099999999997
3.34531
3.3353099999999998
3.32531
3.32531
3.31031
3.30531
3.3003099999999996
3.28531
3.2753099999999997
3.26031
3.25031
3.22531
3.22531
3.23
3.2153099999999997
3.20531
3.205
3.1953099999999997
3.18031
3.16531
3.15531
3.145
3.13531
3.12531
3.11531
3.10031
3.0853099999999998
3.07531
3.0653099999999998
3.08031
3.095
3.13531
3.14531
3.14031
3.1703099999999997
3.2103099999999998
3.26031
3.265
3.315
3.3603099999999997
3.3803099999999997
3.37031
3.35031
3.34531
3.3403099999999997
3.3353099999999998
3.3153099999999998
3.2953099999999997
3.28031
3.26531
3.24031
3.27031
3.305
3.315
3.38
3.4203099999999997
3.4203099999999997
3.4
3.39031
3.37031
3.3603099999999997
3.34531
3.3353099999999998
3.31031
3.28531
3.27031
3.25031
3.22031
3.2153099999999997
3.1953099999999997
3.1753099999999996
3.15531
3.14031
3.12031
3.10531
3.09531
3.10031
3.14531
3.16031
3.16
3.21
3.255
3.29031
3.2753099999999997
3.26031
3.24531
3.22531
3.21
3.1953099999999997
3.18031
3.1703099999999997
3.14531
3.14031
3.1303099999999997
3.11531
3.10031
3.10531
3.115
3.16
3.1703099999999997
3.1703099999999997
3.15531
3.14531
3.12531
3.1103099999999997
3.09531
3.075
3.055
3.03531
3.02031
3.01031
2.995
2.97031
2.9603099999999998
2.9453099999999997
2.93531
2.9203099999999997
2.91
2.89031
2.87531
2.85531
2.8403099999999997
2.82531
2.8153099999999998
2.8003099999999996
2.78531
2.78031
2.76531
2.75
2.74531
2.73031
2.72531
2.72531
2.7103099999999998
2.70031
2.6953099999999997
2.68531
2.68031
2.6753099999999996
2.675
2.6753099999999996
2.6953099999999997
2.7103099999999998
2.725
2.76
2.815
2.84531
2.8353099999999998
2.82531
2.8203099999999997
2.81031
2.8153099999999998
2.83031
2.8803099999999997
2.9203099999999997
2.9253099999999996
2.9253099999999996
2.925
2.975
3.04031
3.0653099999999998
3.05531
3.045
3.09531
3.105
3.125
3.1103099999999997
3.11531
3.11531
3.1103099999999997
3.10531
3.11531
3.1503099999999997
3.1953099999999997
3.195
3.22531
3.26031
3.2753099999999997
3.27031
3.2553099999999997
3.24531
3.235
3.22031
3.2103099999999998
3.18531
3.16531
3.1503099999999997
3.14531
3.14031
3.12031
3.10531
3.07531
3.0653099999999998
3.0653099999999998
3.05531
3.04
3.0253099999999997
3.01531
2.99531
2.9853099999999997
2.975
2.95531
2.9403099999999998
2.9253099999999996
2.91031
2.9003099999999997
2.88531
2.87031
2.86531
2.85031
2.845
2.84531
2.8353099999999998
2.83031
2.83031
2.8153099999999998
2.8153099999999998
2.81031
2.7953099999999997
2.78531
2.7753099999999997
2.77
2.76031
2.7553099999999997
2.75
2.74531
2.74531
2.7353099999999997
2.72031
2.7153099999999997
2.7553099999999997
2.79
2.845
2.87031
2.86531
2.8803099999999997
2.885
2.89031
2.88531
2.87531
2.87031
2.8603099999999997
2.85531
2.85031
2.8403099999999997
2.8353099999999998
2.8203099999999997
2.82531
2.82531
2.8203099999999997
2.81031
2.8153099999999998
2.7953099999999997
2.78531
2.78031
2.78031
2.7753099999999997
2.77
2.77031
2.77031
2.77031
2.76031
2.7553099999999997
2.7553099999999997
2.74531
2.74031
2.74531
2.74531
2.74031
2.7353099999999997
2.7553099999999997
2.8003099999999996
2.82
2.85
2.935
2.95031
2.95531
2.9603099999999998
2.99031
3.05531
3.10531
3.1103099999999997
3.155
3.18531
3.20031
3.1903099999999998
3.18031
3.16531
3.1503099999999997
3.15531
3.15531
3.16531
3.18531
3.18531
3.18531
3.225
3.24
3.25
3.28
3.3153099999999998
3.30531
3.30531
3.3153099999999998
3.31031
3.31031
3.31031
3.31031
3.3003099999999996
3.28031
3.26531
3.25031
3.26531
3.3003099999999996
3.3203099999999997
3.335
3.385
3.4203099999999997
3.43031
3.4203099999999997
3.40531
3.38531
3.37531
3.35531
3.3353099999999998
3.3203099999999997
3.31031
3.3003099999999996
3.28531
3.28531
3.27
3.25031
3.23031
3.2153099999999997
3.20031
3.1953099999999997
3.18031
3.1703099999999997
3.16531
3.16031
3.14031
3.12531
3.11531
3.10031
3.09531
3.095
3.10031
3.0903099999999997
3.0903099999999997
3.0903099999999997
3.0903099999999997
3.08031
3.075
3.0653099999999998
3.0503099999999996
3.0453099999999997
3.04031
3.03531
3.02031
3.01531
3.01
3.00031
2.97531
3.00031
3.0253099999999997
3.0853099999999998
3.12
3.18
3.21
3.20531
3.225
3.23031
3.24531
3.27031
3.2753099999999997
3.255
3.2553099999999997
3.2553099999999997
3.26031
3.265
3.26531
3.2553099999999997
3.24531
3.26031
3.28531
3.29031
3.31031
3.35531
3.39031
3.41
3.40531
3.39031
3.3803099999999997
3.37031
3.3803099999999997
3.39031
3.39031
3.37031
3.35531
3.34531
3.3353099999999998
3.3203099999999997
3.31031
3.2953099999999997
3.2753099999999997
3.26
3.25031
3.2353099999999997
3.22031
3.2153099999999997
3.20031
3.19
3.18531
3.18531
3.18031
3.1703099999999997
3.1703099999999997
3.16031
3.14531
3.1303099999999997
3.12531
3.12031
3.1103099999999997
3.10031
3.09
3.08031
3.0653099999999998
3.0653099999999998
3.0503099999999996
3.04031
3.03031
3.04031
3.0653099999999998
3.11
