4.03031
4.03031
4.0553099999999995
4.060309999999999
4.05031
4.04531
4.03031
4.04531
4.1003099999999995
4.13031
4.13531
4.17531
4.17531
4.185309999999999
4.17531
4.16531
4.15031
4.14531
4.17531
4.21531
4.21531
4.24531
4.23531
4.25031
4.24031
4.24031
4.25031
4.28031
4.29031
4.36531
4.45531
4.48031
4.46031
4.44031
4.45531
4.44531
4.46531
4.47031
4.44531
4.42531
4.41531
4.39531
4.39531
4.37031
4.35531
4.34031
4.32531
4.310309999999999
4.32531
4.33031
4.32531
4.34031
4.3503099999999995
4.3503099999999995
4.34531
4.33531
4.3053099999999995
4.31531
4.34031
4.33531
4.32031
4.33031
4.33531
4.35531
4.41031
4.41531
4.40031
4.42031
4.435309999999999
4.42031
4.40031
4.3903099999999995
4.36531
4.34531
4.34031
4.33031
4.31531
4.3053099999999995
4.29031
4.2653099999999995
4.25531
4.24031
4.2653099999999995
4.310309999999999
4.33531
4.36531
4.4303099999999995
4.45531
4.47031
4.46031
4.45031
4.44531
4.4303099999999995
4.41031
4.41031
4.41531
4.41031
4.42531
4.48031
4.50031
4.5153099999999995
4.57031
4.61031
4.60531
4.61531
4.62031
4.62031
4.62031
4.65531
4.685309999999999
4.66031
4.66531
4.73031
4.8503099999999995
4.91031
4.925
5.01031
5.060309999999999
5.08531
5.06531
5.09031
5.16531
5.25531
5.23531
5.28031
5.3053099999999995
5.27531
5.26031
5.27031
5.24531
5.26031
5.25531
5.2253099999999995
5.22031
5.21531
5.20531
5.185309999999999
5.16531
5.16031
5.15031
5.12531
5.09531
5.06531
5.04031
5.0153099999999995
4.99531
4.96531
4.95531
4.935309999999999
4.91031
4.8903099999999995
4.87031
4.84531
4.82031
4.79531
4.77531
4.75531
4.73031
4.71531
4.70531
4.69031
4.6803099999999995
4.66531
4.65031
4.6403099999999995
4.62531
4.61031
4.59531
4.58031
4.6003099999999995
4.61031
4.61031
4.61531
4.61531
4.60531
4.61531
4.6403099999999995
4.73531
4.81531
4.82531
4.88031
4.92531
4.99031
5.05031
5.08031
5.06531
5.07031
5.0553099999999995
5.04531
5.04031
5.03031
5.03531
5.01031
4.99031
4.97031
4.96531
5.00031
4.99031
4.98031
4.98531
5.02031
5.07531
5.08531
5.09531
5.11531
5.11031
5.13031
5.13031
5.11531
5.09531
5.09031
5.13031
5.17031
5.16531
5.21031
5.23531
5.23531
5.23531
5.21531
5.21031
5.19531
5.17531
5.15031
5.13531
5.11531
5.09531
5.08531
5.07531
5.0553099999999995
5.0553099999999995
5.09031
5.13031
5.13031
5.1803099999999995
5.2253099999999995
5.23531
5.22031
5.20531
5.20031
5.19531
5.16531
5.15031
5.13031
5.11031
5.09531
5.09531
5.09531
5.08531
5.06531
5.05031
5.03531
5.02031
5.0153099999999995
5.01031
4.99531
4.99031
5.03531
5.12531
5.17531
5.21031
5.29531
5.36031
5.36531
5.37531
5.38531
5.39531
5.38031
5.3903099999999995
5.40531
5.41031
5.39531
5.37031
5.3503099999999995
5.33531
5.32531
5.31531
5.29531
5.27531
5.27031
5.24531
5.23031
5.20031
5.19031
5.21031
5.27031
5.28531
5.35531
5.42031
5.4303099999999995
5.42031
5.435309999999999
5.5153099999999995
5.59531
5.59531
5.65531
5.73531
5.79031
5.78031
5.8053099999999995
5.85531
5.83531
5.79531
5.78531
5.78531
5.7653099999999995
5.76031
5.75031
5.78531
5.810309999999999
5.79031
5.7653099999999995
5.74531
5.73031
5.70531
5.69031
5.67531
5.6403099999999995
5.61031
5.6003099999999995
5.60531
5.64531
5.64531
5.71031
5.75031
5.77531
5.7653099999999995
5.7653099999999995
5.83031
5.91031
5.89531
5.94531
6.04031
6.09531
6.07031
6.03031
5.98531
5.96031
5.9303099999999995
5.90031
5.91031
5.95031
5.94531
5.98531
6.03031
6.03531
6.00531
5.99531
5.98031
5.95531
5.9303099999999995
5.91031
5.90031
5.8903099999999995
5.86531
5.83531
5.810309999999999
5.79531
5.83031
5.90531
5.90531
5.9303099999999995
5.99531
6.02031
5.99531
5.96531
5.95531
5.95531
5.9753099999999995
5.98531
5.96531
5.98531
6.02031
6.02531
6.0153099999999995
6.0153099999999995
6.03531
6.09031
6.12031
6.10531
6.09531
6.10531
6.08031
6.09031
6.1003099999999995
6.07531
6.05031
6.04531
6.01031
5.98031
5.96031
5.9303099999999995
5.92031
5.89531
5.87531
5.8503099999999995
5.83531
5.86531
5.90531
5.89531
5.90531
5.96031
6.01031
6.0153099999999995
5.99031
5.97031
5.98031
6.0153099999999995
6.02031
6.00031
5.99031
5.98531
5.96531
5.935309999999999
5.935309999999999
5.95031
5.94031
5.95531
5.96531
5.96531
5.94531
5.935309999999999
5.92531
5.89531
5.87031
5.85531
5.83031
5.81531
5.79531
5.77531
5.75531
5.73531
5.71531
5.70031
5.6803099999999995
5.67031
5.65531
5.64531
5.62531
5.61031
5.59031
5.58531
5.56531
5.5553099999999995
5.54531
5.54531
5.5553099999999995
5.54531
5.54531
5.52531
5.5153099999999995
5.50531
5.50031
5.52031
5.58531
5.64531
5.65031
5.6403099999999995
5.62531
5.65531
5.75531
5.87031
5.935309999999999
5.9303099999999995
5.97031
5.98031
5.99031
6.05031
6.05031
6.04531
6.02531
6.03031
6.03531
6.0153099999999995
6.01031
5.99031
5.96031
5.94031
5.92531
5.97031
6.0153099999999995
6.01031
6.03531
6.05031
6.03531
6.01031
5.98531
5.96531
5.94531
5.92531
5.9303099999999995
5.94531
5.98031
5.96531
6.00531
6.05031
6.08031
6.07031
6.04531
6.02531
6.02531
6.00531
5.9753099999999995
5.95031
5.94031
5.91531
5.90531
5.88531
5.88031
5.86031
5.83031
5.82531
5.8053099999999995
5.79531
5.77531
5.78031
5.87031
5.90531
5.94531
6.03531
6.11031
6.12531
6.11031
6.1003099999999995
6.11531
6.15031
6.19031
6.185309999999999
6.17031
6.17531
6.20031
6.19031
6.1803099999999995
6.185309999999999
6.15531
6.13531
6.13031
6.11531
6.11531
6.1003099999999995
6.11031
6.12031
6.09031
6.060309999999999
6.03531
6.060309999999999
6.1003099999999995
6.12031
6.11031
6.08531
6.06531
6.03031
6.01031
5.99531
5.9753099999999995
5.94531
5.91531
5.90031
5.89531
5.88031
5.86531
5.84531
5.83531
5.86031
5.94531
5.99031
5.99031
6.0553099999999995
6.14531
6.2253099999999995
6.23531
6.20531
6.22031
6.27531
6.27031
6.2653099999999995
6.26031
6.23531
6.20531
6.185309999999999
6.16031
6.13531
6.09531
6.06531
6.05031
6.0153099999999995
5.99031
5.97031
5.935309999999999
5.90031
5.86531
5.84031
5.8053099999999995
5.78531
5.7653099999999995
5.74031
5.72031
5.74531
5.810309999999999
5.83031
5.92531
5.97031
5.97031
5.99031
6.08531
6.15531
6.15031
6.21531
6.29031
6.31531
6.30031
6.26031
6.23031
6.21031
6.20531
6.17531
6.17031
6.22031
6.30031
6.33031
6.33531
6.40531
6.49031
6.49531
6.45531
6.42531
6.40531
6.40031
6.37031
6.33531
6.29531
6.29031
6.30031
6.27531
6.2653099999999995
6.28531
6.28531
6.25031
6.2253099999999995
6.20531
6.19531
6.16531
6.12531
6.09031
6.060309999999999
6.03031
5.99031
5.96531
5.96031
5.96031
5.96031
5.96031
5.98031
6.02031
6.02531
6.00531
5.98031
5.96031
5.95531
5.97031
6.00531
6.02531
6.03531
6.06531
6.060309999999999
6.11031
6.21531
6.27031
6.23531
6.21531
6.20031
6.1803099999999995
6.1403099999999995
6.11531
6.13031
6.1803099999999995
6.20531
6.19531
6.19031
6.17031
6.1403099999999995
6.13031
6.11031
6.09531
6.11031
6.1003099999999995
6.13031
6.1403099999999995
6.12531
6.10531
6.08531
6.060309999999999
6.05031
6.03531
6.0153099999999995
5.99531
5.9753099999999995
5.96031
5.95031
5.935309999999999
5.90531
5.8903099999999995
5.88031
5.86531
5.86031
5.935309999999999
6.03031
6.04531
6.12531
6.2253099999999995
6.28531
6.28031
6.25031
6.2253099999999995
6.21031
6.20531
6.185309999999999
6.16031
6.14531
6.14531
6.1803099999999995
6.21531
6.20531
6.20031
6.26031
6.3053099999999995
6.31531
6.29031
6.2653099999999995
6.25531
6.23531
6.23531
6.28531
6.32031
6.310309999999999
6.3503099999999995
6.40531
6.40031
6.38531
6.36531
6.35531
6.35531
6.33531
6.3053099999999995
6.29031
6.27531
6.25531
6.23531
6.21031
6.20531
6.17531
6.15531
6.13031
6.11531
6.1003099999999995
6.09031
6.06531
6.04531
6.03031
6.01031
6.0153099999999995
6.0553099999999995
6.07031
6.06531
6.06531
6.05031
6.09031
6.15031
6.16031
6.1403099999999995
6.12031
6.11031
6.11031
6.11531
6.13031
6.10531
6.08531
6.07531
6.05031
6.03531
6.01031
5.99531
5.98031
5.9753099999999995
5.96531
5.95031
5.935309999999999
5.91031
5.8903099999999995
5.8903099999999995
5.87031
5.86531
5.8503099999999995
5.83031
5.82531
5.83531
5.88531
5.87031
5.89531
5.88531
5.95031
6.01031
6.00031
5.99531
6.00531
6.0153099999999995
6.0153099999999995
6.00031
5.98031
5.95531
5.935309999999999
5.91531
5.89531
5.87531
5.8503099999999995
5.84031
5.83031
5.810309999999999
5.810309999999999
5.79531
5.79531
5.81531
5.81531
5.80031
5.810309999999999
5.84531
5.86031
5.86031
5.84031
5.82531
5.80031
5.78031
5.77031
5.77531
5.79531
5.82531
5.85531
5.84531
5.86031
5.8503099999999995
5.84531
5.83031
5.86031
5.87531
5.85531
5.84031
5.82531
5.82531
5.86031
5.9303099999999995
5.98031
5.9753099999999995
6.0153099999999995
6.07031
6.11031
6.12031
6.09531
6.06531
6.03531
6.03531
6.03031
6.02531
6.00531
5.9753099999999995
5.96531
5.96531
5.99531
5.9753099999999995
5.98031
6.0153099999999995
6.03031
6.0153099999999995
5.98531
5.96531
5.95531
5.94531
5.91531
5.90531
5.90531
5.8903099999999995
5.88031
5.88031
5.88531
5.86531
5.83031
5.80031
5.78031
5.79531
5.82031
5.79531
5.810309999999999
5.82531
5.82031
5.79531
5.77031
5.75031
5.74031
5.71531
5.70531
5.6803099999999995
5.65031
5.63531
5.66531
5.78531
5.91531
5.91031
5.98531
6.08031
6.16531
6.19031
6.15531
6.13031
6.13031
6.13531
6.10531
6.08531
6.08531
6.11531
6.09531
6.1003099999999995
6.12531
6.12531
6.1003099999999995
6.06531
6.04031
6.00031
5.99531
6.03531
6.02031
6.02031
6.0153099999999995
6.03031
6.0153099999999995
6.00531
5.96531
5.95531
5.92531
5.92031
5.91031
5.90031
5.8903099999999995
5.88031
5.85531
5.82531
5.78531
5.76031
5.73531
5.71031
5.69531
5.66031
5.63031
5.59031
5.5553099999999995
5.52531
5.49531
5.4753099999999995
5.44531
5.41531
5.38531
5.36531
5.34031
5.3053099999999995
5.28031
5.25531
5.24031
5.24031
5.25031
5.24031
5.24031
5.2653099999999995
5.27531
5.27031
5.25031
5.24031
5.23031
5.21531
5.20031
5.185309999999999
5.17031
5.15031
5.13531
5.11031
5.09031
5.07531
5.06531
5.05031
5.05031
5.07531
5.09031
5.09531
5.13031
5.15531
5.16031
5.1403099999999995
5.13031
5.12531
5.11531
5.1003099999999995
5.08031
5.09031
5.1003099999999995
5.13531
5.13531
5.12031
5.1003099999999995
5.08531
5.08531
5.07531
5.060309999999999
5.04031
5.02031
5.0153099999999995
4.99031
4.98531
4.96031
4.95531
4.92531
4.92031
4.90031
4.88531
4.87031
4.86531
4.84031
4.82531
4.8053099999999995
4.79531
4.79031
4.78531
4.77531
4.77031
4.7653099999999995
4.75031
4.74031
4.72031
4.70531
4.69531
4.6803099999999995
4.67031
4.65531
4.64531
4.64531
4.67031
4.73031
4.75031
4.75031
4.7653099999999995
4.80031
4.85531
4.87031
4.87031
4.8503099999999995
4.83531
4.83531
4.83031
4.83031
4.81531
4.81531
4.810309999999999
4.78531
4.78531
4.7653099999999995
4.75031
4.73531
4.72031
4.71031
4.69531
4.71531
4.72031
4.73031
4.74531
4.77031
4.79531
4.85531
4.86531
4.88531
4.92031
4.91031
4.92531
4.92031
4.91031
4.86531
4.88531
4.90031
4.89531
4.87531
4.87531
4.87031
4.84531
4.83031
4.8053099999999995
4.79031
4.76031
4.73531
4.72031
4.74531
4.78031
4.775
4.810309999999999
4.82531
4.8053099999999995
4.79531
4.79031
4.82031
4.79531
4.78531
4.75531
4.72031
4.71031
4.70031
4.66031
4.63531
4.61531
4.59031
4.57531
4.57031
4.54531
4.54031
4.52531
4.52031
4.51031
4.50031
4.48531
4.46531
4.46031
4.45531
4.42531
4.41531
4.44531
4.5553099999999995
4.64531
4.64531
4.69531
4.80031
4.87031
4.94531
5.00031
4.98031
4.96031
4.98031
5.03531
5.08531
5.07531
5.09531
5.08531
5.06531
5.05031
5.07531
5.09531
5.08531
5.11531
5.12531
5.09531
5.07031
5.04031
5.02531
5.00531
4.97031
4.94531
4.94031
4.94031
4.96531
4.94531
4.97031
5.00031
5.00031
4.98531
4.95531
4.92031
4.91031
4.88531
4.8503099999999995
4.83031
4.8053099999999995
4.77531
4.74531
4.71531
4.67531
4.64531
4.6403099999999995
4.63031
4.61031
4.58531
4.560309999999999
4.53031
4.50531
4.49031
4.48531
4.46531
4.44531
4.42531
4.44031
4.41531
4.39531
4.40031
4.3903099999999995
4.41031
4.39531
4.36531
4.3503099999999995
4.33531
4.38031
4.36031
4.3503099999999995
4.33531
4.32031
4.31531
4.31531
4.35531
4.41531
4.45531
4.45531
4.4303099999999995
4.42531
4.4303099999999995
4.435309999999999
4.4303099999999995
4.42031
4.40531
4.3903099999999995
4.41531
4.4753099999999995
4.49031
4.50531
4.55031
4.57031
4.57031
4.55031
4.54531
4.56531
4.56531
4.55031
4.55031
4.54531
4.53031
4.51031
4.49031
4.48031
4.46531
4.44031
4.41531
4.39531
4.38031
4.36031
4.34031
4.32031
4.3053099999999995
4.29531
4.28031
4.25531
4.24031
4.23031
4.23531
4.26031
4.2653099999999995
4.2653099999999995
4.28031
4.3053099999999995
4.310309999999999
4.29531
4.28531
4.27531
4.2653099999999995
4.26031
4.2653099999999995
4.27031
4.26031
4.25531
4.27031
4.3053099999999995
4.32531
4.31531
4.31531
4.3053099999999995
4.30031
4.29031
4.29031
4.27531
4.27531
4.26031
4.27031
4.32031
4.34531
4.38031
4.42531
4.44531
4.44031
4.42531
4.41531
4.41031
4.40031
4.38531
4.37031
4.3503099999999995
4.34531
4.33031
4.310309999999999
4.29031
4.28031
4.27531
4.26031
4.25031
4.25031
4.23531
4.2253099999999995
4.21031
4.20031
4.1803099999999995
4.17031
4.16031
4.1403099999999995
4.13031
4.12031
4.11531
4.11531
4.11031
4.10531
4.09031
4.08531
4.08531
4.07031
4.060309999999999
4.05031
4.04031
4.03531
4.03531
4.03031
4.03031
4.03531
4.04031
4.04031
4.03531
4.04531
4.04031
4.04531
4.07031
4.10531
4.13031
4.12531
4.11531
4.11031
4.10531
4.11031
4.1003099999999995
4.08531
4.06531
4.07031
4.07031
4.0553099999999995
4.05031
4.03531
4.03531
4.02531
4.01031
4.00031
3.99531
4.01031
4.08031
4.16031
4.1803099999999995
4.27031
4.3503099999999995
4.41531
4.41531
4.44531
4.49031
4.49531
4.51031
4.54031
4.54531
4.52031
4.5153099999999995
4.56531
4.60531
4.6003099999999995
4.62531
4.64531
4.63031
4.63531
4.65031
4.64531
4.62031
4.62531
4.61531
4.65031
4.71031
4.7253099999999995
4.70031
4.685309999999999
4.67531
4.66031
4.65531
4.63531
4.61031
4.58031
4.54531
4.5153099999999995
4.49031
4.45531
4.435309999999999
4.41031
4.40031
4.41031
4.42531
4.41031
4.40531
4.39531
4.40531
4.41531
4.3903099999999995
4.37031
4.34531
4.32531
4.31531
4.29031
4.28031
4.2653099999999995
4.26031
4.23531
4.21031
4.19031
4.17531
4.16531
4.1403099999999995
4.12531
4.11031
4.1003099999999995
4.08531
4.06531
4.04031
4.04531
4.03031
4.03531
4.04031
4.04531
4.060309999999999
4.08531
4.09031
4.07531
4.0553099999999995
4.05031
4.0553099999999995
4.07031
4.09031
4.1003099999999995
4.09031
4.1003099999999995
4.12031
4.12531
4.11531
4.08531
4.1003099999999995
4.14531
4.13531
4.13531
4.1403099999999995
4.13031
4.11031
4.1003099999999995
4.07531
4.060309999999999
4.04031
4.02531
4.01031
3.99031
3.97031
3.9603099999999998
3.9453099999999997
3.9603099999999998
3.97031
4.01031
4.04031
4.03031
4.0153099999999995
4.02531
4.04031
4.03031
4.01031
4.00031
4.00031
3.9853099999999997
3.9653099999999997
3.9653099999999997
3.95031
3.9403099999999998
3.93031
3.91531
3.89531
3.88531
3.8803099999999997
3.86531
3.855
3.84531
3.8403099999999997
3.8353099999999998
3.85031
3.89031
3.89
3.9253099999999996
3.99031
4.02531
4.03531
4.0153099999999995
4.00031
3.99031
3.99531
3.98031
3.98031
3.97031
3.95531
3.93531
3.91531
3.9003099999999997
3.88531
3.87031
3.8603099999999997
3.85031
3.82531
3.80531
3.7953099999999997
3.7753099999999997
3.7753099999999997
3.7553099999999997
3.74031
3.72531
3.7153099999999997
3.71
3.6953099999999997
3.68031
3.6753099999999996
3.6703099999999997
3.6753099999999996
3.68531
3.6903099999999998
3.7103099999999998
3.76031
3.78531
3.85031
3.89031
3.91031
3.88531
3.8803099999999997
3.8803099999999997
3.8803099999999997
3.87031
3.85031
3.83031
3.8203099999999997
3.8003099999999996
3.7953099999999997
3.78031
3.76531
3.7553099999999997
3.74031
3.72531
3.7103099999999998
3.70531
3.6953099999999997
3.68531
3.66531
3.65531
3.64031
3.62531
3.61531
3.60531
3.60531
3.60031
3.59531
3.5853099999999998
3.58031
3.5703099999999997
3.57
3.57
3.56031
3.5503099999999996
3.5453099999999997
3.53531
3.53031
3.5253099999999997
3.51531
3.51031
3.49531
3.49531
3.495
3.48031
3.4853099999999997
3.51031
3.5653099999999998
3.6303099999999997
3.64031
3.7153099999999997
3.78531
3.80531
3.79031
3.80531
3.85531
3.9253099999999996
3.93031
3.95031
3.9853099999999997
3.99531
3.9853099999999997
4.00531
4.00531
4.02031
4.00531
3.99531
3.9853099999999997
3.98031
3.95531
3.9453099999999997
3.9253099999999996
3.89531
3.87031
3.85031
3.8353099999999998
3.8003099999999996
3.78531
3.76531
3.74531
3.7353099999999997
3.70531
3.70031
3.68031
3.6753099999999996
3.6503099999999997
3.64531
3.61531
3.60031
3.5853099999999998
3.5653099999999998
3.54031
3.5253099999999997
3.505
3.49531
3.4853099999999997
3.47531
3.4653099999999997
3.45531
3.45
3.4403099999999998
3.4253099999999996
3.41531
3.4003099999999997
