1.9053099999999998
1.9253099999999999
1.96531
2.01031
2.025
2.0853099999999998
2.14
2.15531
2.1503099999999997
2.15531
2.15531
2.15531
2.1503099999999997
2.14531
2.14031
2.1303099999999997
2.12031
2.1103099999999997
2.10531
2.10031
2.0903099999999997
2.08031
2.07531
2.07531
2.08031
2.0853099999999998
2.08031
2.08031
2.07531
2.075
2.07
2.06031
2.0503099999999996
2.03531
2.03531
2.03531
2.03531
2.0653099999999998
2.12031
2.16531
2.22031
2.22031
2.22531
2.26031
2.345
2.42
2.4453099999999997
2.4403099999999998
2.4453099999999997
2.45031
2.45031
2.45031
2.4653099999999997
2.5253099999999997
2.5903099999999997
2.59531
2.645
2.6953099999999997
2.70531
2.6903099999999998
2.6753099999999996
2.6503099999999997
2.65531
2.65531
2.66531
2.66031
2.64531
2.62531
2.61531
2.6103099999999997
2.62031
2.63531
2.6303099999999997
2.66531
2.7103099999999998
2.72031
2.7103099999999998
2.7103099999999998
2.6953099999999997
2.68531
2.66531
2.6503099999999997
2.63531
2.6303099999999997
2.62531
2.60031
2.5853099999999998
2.57531
2.5703099999999997
2.5503099999999996
2.55531
2.5453099999999997
2.53531
2.5253099999999997
2.51531
2.50031
2.49031
2.4853099999999997
2.47531
2.47531
2.47031
2.4653099999999997
2.45531
2.45031
2.45031
2.4453099999999997
2.4853099999999997
2.52031
2.5453099999999997
2.54031
2.5503099999999996
2.5503099999999996
2.5503099999999996
2.5453099999999997
2.5503099999999996
2.56031
2.5653099999999998
2.56031
2.55531
2.5453099999999997
2.5453099999999997
2.54031
2.5453099999999997
2.54031
2.53531
2.53531
2.53031
2.53031
2.5503099999999996
2.55531
2.5503099999999996
2.55531
2.55531
2.5503099999999996
2.5453099999999997
2.54031
2.53531
2.53031
2.5253099999999997
2.5253099999999997
2.52031
2.51531
2.51531
2.51531
2.51531
2.51031
2.51031
2.51031
2.52031
2.52031
2.51531
2.5253099999999997
2.5453099999999997
2.5653099999999998
2.58031
2.59531
2.5903099999999997
2.5853099999999998
2.59531
2.59531
2.60031
2.5903099999999997
2.5903099999999997
2.5903099999999997
2.60031
2.59531
2.59531
2.60531
2.60031
2.6103099999999997
2.62031
2.60531
2.63531
2.66531
2.70531
2.73031
2.73031
2.73031
2.74031
2.73031
2.73031
2.7353099999999997
2.73031
2.72531
2.7353099999999997
2.74531
2.74031
2.74031
2.73031
2.72531
2.7153099999999997
2.7103099999999998
2.7103099999999998
2.7103099999999998
2.7103099999999998
2.7103099999999998
2.70031
2.6953099999999997
2.68531
2.68031
2.68031
2.6753099999999996
2.6703099999999997
2.66531
2.66531
2.65531
2.65531
2.6503099999999997
2.665
2.68031
2.6703099999999997
2.6703099999999997
2.6903099999999998
2.72031
2.7553099999999997
2.76031
2.81
2.87031
2.89031
2.87531
2.86531
2.86531
2.85531
2.85031
2.8403099999999997
2.82531
2.8203099999999997
2.81031
2.8003099999999996
2.78531
2.78031
2.7753099999999997
2.7753099999999997
2.77031
2.7553099999999997
2.74531
2.74031
2.72531
2.72531
2.78031
2.87031
2.885
2.97531
3.04031
3.0503099999999996
3.03031
3.0253099999999997
3.04031
3.0653099999999998
3.11531
3.1103099999999997
3.14031
3.16531
3.1703099999999997
3.15531
3.15531
3.14031
3.14531
3.1503099999999997
3.11531
3.10531
3.0853099999999998
3.0653099999999998
3.05531
3.05531
3.0503099999999996
3.03531
3.01531
2.99531
2.98031
2.9603099999999998
2.9453099999999997
2.93531
2.91531
2.9003099999999997
2.89031
2.87531
2.86531
2.85031
2.83031
2.8203099999999997
2.8203099999999997
2.80531
2.7953099999999997
2.8003099999999996
2.82531
2.85031
2.85031
2.86531
2.89531
2.9253099999999996
2.9253099999999996
2.91031
2.89031
2.87531
2.86531
2.8603099999999997
2.8603099999999997
2.85031
2.8403099999999997
2.89531
2.95031
2.97
3.01031
3.0253099999999997
3.0503099999999996
3.11531
3.125
3.225
3.2953099999999997
3.29031
3.2953099999999997
3.3403099999999997
3.40531
3.40531
3.4603099999999998
3.49031
3.47031
3.4653099999999997
3.4653099999999997
3.4453099999999997
3.4403099999999998
3.43531
3.41031
3.39531
3.37031
3.34531
3.33031
3.3353099999999998
3.37031
3.37031
3.41531
3.43031
3.41531
3.4003099999999997
3.3803099999999997
3.36531
3.34531
3.3203099999999997
3.3003099999999996
3.2753099999999997
3.26031
3.24531
3.2153099999999997
3.2103099999999998
3.2103099999999998
3.18531
3.16531
3.1903099999999998
3.22531
3.2153099999999997
3.24531
3.28531
3.30531
3.2953099999999997
3.2753099999999997
3.26531
3.26031
3.2553099999999997
3.24031
3.22531
3.2103099999999998
3.1953099999999997
3.18531
3.1703099999999997
3.16031
3.1503099999999997
3.14531
3.12531
3.12531
3.1103099999999997
3.10531
3.10531
3.14531
3.15531
3.14531
3.14531
3.16531
3.20031
3.20031
3.18531
3.18531
3.18531
3.18531
3.18031
3.18031
3.18031
3.1753099999999996
3.1703099999999997
3.16031
3.1503099999999997
3.14031
3.13531
3.1303099999999997
3.12031
3.1303099999999997
3.14031
3.1703099999999997
3.1903099999999998
3.2103099999999998
3.2553099999999997
3.28531
3.29031
3.29031
3.2753099999999997
3.2753099999999997
3.2753099999999997
3.28531
3.29031
3.31031
3.30531
3.3203099999999997
3.33031
3.38531
3.4003099999999997
3.41031
3.41531
3.4253099999999996
3.4403099999999998
3.43531
3.43031
3.43531
3.4253099999999996
3.4453099999999997
3.4603099999999998
3.52
3.62531
3.68531
3.68531
3.66531
3.6753099999999996
3.70531
3.7103099999999998
3.72531
3.73031
3.73031
3.72031
3.6953099999999997
3.68031
3.6703099999999997
3.6953099999999997
3.70531
3.74031
3.74031
3.73031
3.73031
3.7153099999999997
3.70031
3.68031
3.66531
3.6503099999999997
3.64031
3.65531
3.70531
3.7103099999999998
3.77031
3.8153099999999998
3.8353099999999998
3.8203099999999997
3.81031
3.78031
3.78031
3.7753099999999997
3.76031
3.7553099999999997
3.7753099999999997
3.8003099999999996
3.8003099999999996
3.8203099999999997
3.85531
3.89031
3.90531
3.89531
3.9003099999999997
3.90531
3.9003099999999997
3.89531
3.87531
3.8603099999999997
3.84531
3.8353099999999998
3.82531
3.82531
3.8153099999999998
3.8003099999999996
3.7953099999999997
3.7953099999999997
3.79031
3.7753099999999997
3.79031
3.85531
3.87531
3.9453099999999997
4.02031
4.04031
4.03031
4.0153099999999995
4.02531
4.02031
4.00031
3.99031
3.99031
3.98031
3.97531
3.9653099999999997
3.9453099999999997
3.93531
3.97531
3.99031
4.02031
4.01031
3.99531
3.99531
3.99531
3.9853099999999997
3.97531
3.9653099999999997
3.95531
3.93031
3.93031
3.90531
3.9003099999999997
3.89031
3.89031
3.87531
3.87031
3.8603099999999997
3.8603099999999997
3.84531
3.8353099999999998
3.8203099999999997
3.8153099999999998
3.81031
3.8153099999999998
3.8153099999999998
3.8153099999999998
3.82531
3.8203099999999997
3.8153099999999998
3.8003099999999996
3.8003099999999996
3.79031
3.7953099999999997
3.78031
3.78031
3.78031
3.77031
3.76031
3.77031
3.78531
3.80531
3.83031
3.84531
3.89031
3.9403099999999998
3.9653099999999997
3.95531
3.9603099999999998
3.9603099999999998
3.9653099999999997
3.95031
3.95031
3.9403099999999998
3.93531
3.91031
3.9003099999999997
3.89531
3.89031
3.8803099999999997
3.87031
3.8603099999999997
3.85031
3.8403099999999997
3.83031
3.8803099999999997
3.90531
3.9403099999999998
3.9403099999999998
3.9253099999999996
3.91531
3.90531
3.89031
3.8803099999999997
3.8803099999999997
3.87531
3.86531
3.85031
3.84531
3.84531
3.8353099999999998
3.82531
3.8203099999999997
3.81031
3.8003099999999996
3.78531
3.7753099999999997
3.7753099999999997
3.76031
3.7553099999999997
3.74031
3.73031
3.7153099999999997
3.70531
3.6953099999999997
3.6953099999999997
3.6753099999999996
3.68531
3.66031
3.64531
3.6303099999999997
3.62031
3.60031
3.60531
3.59531
3.5903099999999997
3.58031
3.57531
3.5653099999999998
3.55531
3.55531
3.55531
3.5453099999999997
3.54031
3.53031
3.52031
3.51031
3.51531
3.49031
3.50031
3.47531
3.47031
3.4603099999999998
3.45031
3.4453099999999997
3.43531
3.4203099999999997
3.4203099999999997
3.4203099999999997
3.41031
3.4003099999999997
3.40531
3.4403099999999998
3.4653099999999997
3.48031
3.48031
3.5053099999999997
3.5703099999999997
3.5853099999999998
3.62031
3.66031
3.68031
3.6753099999999996
3.66031
3.63531
3.62031
3.60531
3.60531
3.59531
3.5903099999999997
3.60031
3.59531
3.5653099999999998
3.5503099999999996
3.5503099999999996
3.5653099999999998
3.61531
3.6303099999999997
3.6753099999999996
3.72531
3.75031
3.74531
3.73031
3.7553099999999997
3.7753099999999997
3.7953099999999997
3.8403099999999997
3.8353099999999998
3.89031
3.97531
4.05031
4.07031
4.0553099999999995
4.04531
4.05031
4.03031
4.04031
4.1003099999999995
4.12531
4.09531
4.07031
4.08531
4.13031
4.14531
4.10531
4.13031
4.15531
4.13031
4.13031
4.12531
4.12531
4.09531
4.06531
4.04031
4.01031
3.99031
3.9603099999999998
3.93031
3.91031
3.91531
3.93031
3.93031
3.90531
3.87031
3.85031
3.8353099999999998
3.86531
3.88531
3.89031
3.9453099999999997
3.9653099999999997
3.93531
3.91031
3.89031
3.86531
3.8403099999999997
3.82531
3.8353099999999998
3.8603099999999997
3.86531
3.84531
3.83031
3.83031
3.8353099999999998
3.8353099999999998
3.82531
3.80531
3.78531
3.75031
3.73031
3.70031
3.6753099999999996
3.66031
3.64031
3.62031
3.6103099999999997
3.59531
3.5903099999999997
3.5903099999999997
3.60531
3.62531
3.61531
3.64031
3.66531
3.65531
3.63531
3.63531
3.6503099999999997
3.64031
3.64531
3.6303099999999997
3.6103099999999997
3.60531
3.59531
3.58031
3.56031
3.5503099999999996
3.5453099999999997
3.53531
3.5253099999999997
3.51031
3.49031
3.48031
3.4853099999999997
3.54031
3.60531
3.62031
3.70531
3.77031
3.7753099999999997
3.76531
3.7353099999999997
3.74531
3.73031
3.72031
3.7353099999999997
3.77031
3.79031
3.82531
3.87531
3.9003099999999997
3.89031
3.8803099999999997
3.87531
3.86531
3.85031
3.83031
3.8153099999999998
3.80531
3.79031
3.79031
3.78531
3.7753099999999997
3.7753099999999997
3.76031
3.74031
3.72531
3.70531
3.70531
3.70031
3.6753099999999996
3.6903099999999998
3.72031
3.72531
3.75031
3.81031
3.84531
3.85531
3.8403099999999997
3.8353099999999998
3.85031
3.8403099999999997
3.8403099999999997
3.82531
3.8153099999999998
3.8153099999999998
3.80531
3.8003099999999996
3.8003099999999996
3.78531
3.77031
3.76031
3.75031
3.74031
3.73031
3.72531
3.7153099999999997
3.72031
3.70531
3.70531
3.70031
3.70031
3.72031
3.74031
3.7753099999999997
3.78031
3.76531
3.76531
3.76031
3.7553099999999997
3.74531
3.74531
3.75031
3.74531
3.7353099999999997
3.73031
3.7153099999999997
3.70531
3.6903099999999998
3.6903099999999998
3.68531
3.6753099999999996
3.6753099999999996
3.6753099999999996
3.6703099999999997
3.6753099999999996
3.6753099999999996
3.66531
3.65531
3.66031
3.65531
3.6503099999999997
3.64031
3.6303099999999997
3.6303099999999997
3.6303099999999997
3.62531
3.62031
3.62031
3.61531
3.62531
3.64031
3.70531
3.77031
3.7953099999999997
3.8803099999999997
3.90531
3.93531
3.9453099999999997
4.00531
4.02531
4.02031
4.02531
4.03031
4.02031
4.0553099999999995
4.10531
4.09531
4.12531
4.17531
4.19031
4.185309999999999
4.16531
4.15531
4.15031
4.14531
4.1403099999999995
4.12531
4.12031
4.13531
4.14531
4.13031
4.13031
4.16531
4.17531
4.16031
4.15531
4.15031
4.13031
4.12531
4.11031
4.09531
4.07031
4.060309999999999
4.04031
4.02531
4.00531
3.99531
3.98031
3.9853099999999997
3.9653099999999997
3.95031
3.93531
3.9253099999999996
3.91031
3.89531
3.8803099999999997
3.86531
3.85031
3.84531
3.84531
3.85031
3.84531
3.87031
3.9253099999999996
3.9403099999999998
3.9853099999999997
4.05031
4.08031
4.07031
4.04531
4.03031
4.03031
4.05031
4.03531
4.01031
4.03031
4.02031
3.99531
3.98031
3.9653099999999997
3.95031
3.93531
3.9203099999999997
3.9003099999999997
3.8803099999999997
3.86531
3.85031
3.8353099999999998
3.8203099999999997
3.80531
3.79031
3.77031
3.76031
3.76531
3.8003099999999996
3.89531
3.9203099999999997
4.01031
4.06531
4.08531
4.060309999999999
4.0553099999999995
4.05031
4.04031
4.03531
4.03531
4.02031
4.00031
3.98031
3.9603099999999998
3.9403099999999998
3.9203099999999997
3.89531
3.88531
3.8603099999999997
3.85031
3.8403099999999997
3.8353099999999998
3.84531
3.83031
3.8153099999999998
3.8203099999999997
3.8153099999999998
3.80531
3.80531
3.78531
3.77031
3.76031
3.75031
3.7353099999999997
3.7153099999999997
3.6903099999999998
3.68531
3.7153099999999997
3.7553099999999997
3.76031
3.80531
3.85031
3.85031
3.8403099999999997
3.83031
3.82531
3.81031
3.7953099999999997
3.7753099999999997
3.76031
3.7553099999999997
3.73031
3.7103099999999998
3.70031
3.68531
3.66531
3.65531
3.6503099999999997
3.64031
3.62531
3.60531
3.5903099999999997
3.5703099999999997
3.5853099999999998
3.62031
3.66031
3.6503099999999997
3.7153099999999997
3.74531
3.7553099999999997
3.78031
3.7953099999999997
3.78531
3.76531
3.76031
3.75031
3.7353099999999997
3.7103099999999998
3.7153099999999997
3.7103099999999998
3.70531
3.6953099999999997
3.68031
3.68531
3.66031
3.6503099999999997
3.6303099999999997
3.62531
3.61531
3.6103099999999997
3.59531
3.57531
3.5853099999999998
3.59531
3.59531
3.60031
3.58031
3.5653099999999998
3.5453099999999997
3.53031
3.51031
3.49531
3.47531
3.4603099999999998
3.4453099999999997
3.43031
3.41531
3.41531
3.43031
3.43031
3.45031
3.45031
3.47531
3.5053099999999997
3.51031
3.51031
3.5853099999999998
3.6303099999999997
3.65531
3.72031
3.74531
3.74031
3.72031
3.70031
3.70031
3.68531
3.68031
3.6903099999999998
3.7153099999999997
3.72531
3.73031
3.76531
3.76031
3.83031
3.8203099999999997
3.8153099999999998
3.8353099999999998
3.88531
3.93531
3.93531
3.91531
3.9253099999999996
3.93531
3.9253099999999996
3.9203099999999997
3.91531
3.89031
3.86531
3.84531
3.82531
3.81031
3.78031
3.74031
3.73031
3.7153099999999997
3.70031
3.68531
3.68531
3.6753099999999996
3.66531
3.64531
3.64531
3.64531
3.63531
3.6303099999999997
3.64531
3.70031
3.76531
3.7753099999999997
3.8353099999999998
3.91531
3.9653099999999997
3.9853099999999997
3.97031
3.9853099999999997
3.97031
3.9653099999999997
3.9453099999999997
3.9253099999999996
3.90531
3.89531
3.8603099999999997
3.84531
3.8203099999999997
3.80531
3.7953099999999997
3.78031
3.76531
3.74531
3.72531
3.70531
3.70031
3.68531
3.66531
3.6503099999999997
3.6303099999999997
3.6103099999999997
3.60531
3.5853099999999998
3.58031
3.62031
3.64031
3.66531
3.6503099999999997
3.63531
3.62031
3.60531
3.5903099999999997
3.57531
3.5653099999999998
3.5503099999999996
3.54031
3.53031
3.52031
3.5053099999999997
3.49531
3.4853099999999997
3.47031
3.4653099999999997
3.45031
3.4403099999999998
3.43531
3.43031
3.4253099999999996
3.41531
3.41031
3.41531
3.40531
3.39531
3.3803099999999997
3.37531
3.3803099999999997
3.37531
3.36531
3.3603099999999997
3.37031
3.37031
3.3803099999999997
3.38531
3.36531
3.3803099999999997
3.37531
3.36531
3.35531
3.3603099999999997
3.35031
3.35531
3.35031
3.3403099999999997
3.3353099999999998
3.3203099999999997
3.3203099999999997
3.3153099999999998
3.3153099999999998
3.31031
3.30531
3.30531
3.2953099999999997
3.29031
3.28531
3.28031
3.2753099999999997
3.28031
3.26531
3.2553099999999997
3.2553099999999997
3.26031
3.2953099999999997
3.33031
3.35031
3.3403099999999997
3.34531
3.35031
3.34531
3.35531
3.35531
3.3603099999999997
3.34531
3.3403099999999997
3.33031
3.3203099999999997
3.31031
3.3003099999999996
3.29031
3.28031
3.28531
3.3003099999999996
3.2953099999999997
3.3003099999999996
3.3003099999999996
3.29031
3.28531
3.27031
3.27031
3.26531
3.2553099999999997
3.25031
3.24031
3.2353099999999997
3.22531
3.2153099999999997
3.20031
3.1903099999999998
3.18531
3.18031
3.1753099999999996
3.16531
3.15531
3.1503099999999997
3.14531
3.14031
3.13531
3.12531
3.11531
3.12031
3.12031
3.11531
3.12031
3.1103099999999997
3.11531
3.10531
3.09531
3.0853099999999998
3.07531
3.06031
3.0503099999999996
3.05531
3.0453099999999997
3.03031
3.0253099999999997
3.02031
3.0253099999999997
3.0053099999999997
3.01531
3.03031
3.0853099999999998
3.09531
3.0853099999999998
3.0853099999999998
3.07531
3.0653099999999998
3.05531
3.0453099999999997
3.03531
3.0653099999999998
3.12031
3.14531
3.155
3.225
3.26531
3.2553099999999997
3.25031
3.26031
3.26531
3.25031
3.2353099999999997
3.2153099999999997
3.20531
3.1903099999999998
3.18531
3.1953099999999997
3.1953099999999997
3.20531
3.1953099999999997
3.1753099999999996
3.1753099999999996
3.16531
3.14531
3.1303099999999997
3.1103099999999997
3.09531
3.08031
3.10531
3.15531
3.1753099999999996
3.1953099999999997
3.24531
3.28031
3.28031
3.28031
3.35031
3.4453099999999997
3.4603099999999998
3.51031
3.6
3.63531
3.6103099999999997
3.60031
3.5853099999999998
3.56031
3.54031
3.51031
3.5053099999999997
3.5253099999999997
3.5503099999999996
3.53531
3.5653099999999998
3.60031
3.61531
3.5903099999999997
3.60531
3.60531
3.59531
3.5653099999999998
3.54031
3.51031
3.48031
3.4453099999999997
3.41531
3.39031
3.35531
3.33031
3.3003099999999996
3.28031
3.2553099999999997
3.23031
3.2153099999999997
3.1953099999999997
3.18031
3.16531
3.1503099999999997
3.13531
3.11531
3.09531
3.0703099999999997
3.0503099999999996
3.03031
3.01531
2.99531
2.99031
2.97531
2.9853099999999997
2.97531
2.9603099999999998
2.93531
2.93531
2.93031
2.91031
2.89531
2.88531
2.87031
2.84531
2.8353099999999998
2.8203099999999997
2.80531
2.7953099999999997
2.78531
2.78031
2.76531
2.7553099999999997
2.75031
2.7553099999999997
2.74531
2.74531
2.74531
2.74531
2.74031
2.72531
2.72531
2.72531
2.72531
2.72531
2.72031
2.70531
2.6903099999999998
2.70031
2.70031
2.72531
2.75
2.79031
2.8003099999999996
2.7953099999999997
2.8003099999999996
2.8003099999999996
2.80531
2.7953099999999997
2.78031
2.7753099999999997
2.76531
2.76031
2.74531
2.7353099999999997
2.73031
2.74031
2.7753099999999997
2.78031
2.8203099999999997
2.87031
2.90531
2.91531
2.90531
2.9003099999999997
2.89531
2.90531
2.9003099999999997
2.88531
2.8803099999999997
2.87031
2.8603099999999997
2.85031
2.84531
2.82531
2.81031
2.81031
2.81031
2.80531
2.7953099999999997
2.7953099999999997
2.7953099999999997
2.7953099999999997
2.7953099999999997
2.79031
2.78531
2.77031
2.77031
2.80531
2.8603099999999997
2.87031
2.925
2.99031
3.01531
3.0053099999999997
2.99031
2.99031
2.97531
2.97031
2.97031
2.95531
2.9403099999999998
2.93531
2.93031
2.9253099999999996
2.91531
2.90531
2.9403099999999998
2.95531
3.0053099999999997
3.00031
2.99531
3.00031
3.0053099999999997
3.0053099999999997
3.0053099999999997
3.03031
3.10031
3.09531
3.165
3.235
3.2753099999999997
3.26031
3.25031
3.25031
3.26031
3.2553099999999997
3.27031
3.35031
3.37531
3.4203099999999997
3.49531
3.51531
3.51031
3.49531
3.47531
3.48031
3.5053099999999997
3.51531
3.49531
3.47531
3.45531
3.43031
3.41531
3.41531
3.43031
3.4403099999999998
3.45031
3.4453099999999997
3.49531
3.53031
3.52031
3.51031
3.50031
3.47531
3.45531
3.43531
3.41531
3.39031
3.37531
3.3803099999999997
3.3603099999999997
3.3403099999999997
3.33031
3.3203099999999997
3.3153099999999998
3.28531
3.27031
3.2553099999999997
3.25031
3.24031
3.22531
3.22031
3.22531
3.30531
3.32
3.375
3.4403099999999998
3.47531
3.47031
3.47031
3.45531
3.4403099999999998
3.4453099999999997
3.4203099999999997
3.40531
3.39031
3.41031
3.45531
3.47531
3.52031
3.5703099999999997
3.60531
3.60531
3.5903099999999997
3.5853099999999998
3.57531
3.55531
3.54031
3.52031
3.53031
3.5653099999999998
3.57531
3.60031
3.64531
3.66031
3.68031
3.65531
3.64031
3.62531
3.60531
3.58031
3.57531
3.55531
3.54031
3.53031
3.51531
3.50031
3.49031
3.48031
3.47531
3.4653099999999997
3.4453099999999997
3.43531
3.4203099999999997
3.4253099999999996
3.4203099999999997
3.41031
3.40531
3.39031
3.3803099999999997
3.37031
3.36531
3.37
3.37531
3.3803099999999997
3.40531
3.4653099999999997
3.48
3.545
3.59531
3.5903099999999997
3.62531
3.6303099999999997
3.62531
3.6303099999999997
3.64031
3.63531
3.6303099999999997
3.62031
3.61531
3.60031
3.5903099999999997
3.5903099999999997
3.57531
3.58031
3.5853099999999998
3.5853099999999998
3.5903099999999997
3.5853099999999998
3.6103099999999997
3.6303099999999997
3.64531
3.66531
3.7153099999999997
3.7353099999999997
3.73031
3.73031
3.7553099999999997
3.8003099999999996
3.85031
3.83031
3.85531
3.8803099999999997
3.87531
3.85531
3.87031
3.86531
3.85531
3.8353099999999998
3.8153099999999998
3.8003099999999996
3.8003099999999996
3.8203099999999997
3.83031
3.8153099999999998
3.80531
3.78531
3.78031
3.78031
3.7753099999999997
3.7553099999999997
3.76031
3.74531
3.74531
3.7553099999999997
3.7553099999999997
3.74531
3.72531
3.72531
3.7103099999999998
3.70031
3.6903099999999998
3.68031
3.6753099999999996
3.66531
3.65531
3.66031
3.7103099999999998
3.70531
3.72531
3.78531
3.8153099999999998
3.84531
3.9203099999999997
3.97531
4.00531
3.99531
3.99031
4.00031
4.00031
3.99531
3.9853099999999997
3.98031
4.00031
4.03031
4.03531
4.05031
4.09031
4.10531
4.10531
4.1003099999999995
4.07531
4.06531
4.07531
4.0553099999999995
4.03531
4.0153099999999995
4.00531
3.99031
3.97031
3.95031
3.93531
3.9253099999999996
3.91031
3.9003099999999997
3.89031
3.8803099999999997
3.8603099999999997
3.84531
3.83031
3.8153099999999998
3.81031
3.8203099999999997
3.8203099999999997
3.8153099999999998
3.8203099999999997
3.8403099999999997
3.85531
3.85031
3.86531
3.88531
3.9003099999999997
3.9203099999999997
3.91531
3.91531
3.9403099999999998
3.98031
3.98031
4.00531
4.04531
4.06531
4.04531
4.04031
4.060309999999999
4.09531
4.10531
4.1003099999999995
4.1003099999999995
4.08531
4.08031
4.08031
4.06531
4.05031
4.03531
4.02031
4.0153099999999995
4.00031
4.00031
3.9853099999999997
3.9653099999999997
3.95031
3.9453099999999997
3.93031
3.91531
3.93531
3.97531
3.97531
4.0153099999999995
4.05031
4.0553099999999995
4.03531
4.02531
4.0153099999999995
3.99531
3.98031
3.9603099999999998
3.95031
3.9403099999999998
3.93031
3.9203099999999997
3.9203099999999997
3.9003099999999997
3.89031
3.9003099999999997
3.9203099999999997
3.9203099999999997
3.95031
3.98031
3.98031
3.9603099999999998
3.95031
3.95031
3.93531
3.91531
3.90531
3.89031
3.8803099999999997
3.87531
3.8603099999999997
3.85031
3.83031
3.8153099999999998
3.8203099999999997
3.82531
3.83031
3.8403099999999997
3.8353099999999998
3.83031
3.8203099999999997
3.8203099999999997
3.8353099999999998
3.85531
3.89531
3.89531
3.9003099999999997
3.9003099999999997
3.91031
3.91031
3.89531
3.88531
3.87031
3.85031
3.8353099999999998
3.8203099999999997
3.81031
3.80531
3.7953099999999997
3.78531
3.7753099999999997
3.7553099999999997
3.74531
3.7353099999999997
3.72531
3.7103099999999998
3.68531
3.68031
3.6753099999999996
3.66531
3.66031
3.64531
3.64031
3.66031
3.72031
3.74031
3.785
3.85531
3.89531
3.89531
3.8803099999999997
3.8803099999999997
3.8803099999999997
3.87031
3.87031
3.86531
3.84531
3.8353099999999998
3.8203099999999997
3.80531
3.7953099999999997
3.7753099999999997
3.7753099999999997
3.76031
3.75031
3.73031
3.72531
3.72031
3.70031
3.68031
3.66531
3.6503099999999997
3.64031
3.62531
3.6103099999999997
3.59531
3.58031
3.5703099999999997
3.56031
3.59531
3.60531
3.64531
3.65531
3.64031
3.64531
3.64031
3.63531
3.62031
3.60531
3.61531
3.66531
3.6903099999999998
3.73
3.80531
3.8403099999999997
3.8353099999999998
3.82531
3.8203099999999997
3.80531
3.78531
3.7953099999999997
3.78031
3.76531
3.74531
3.7353099999999997
3.73031
3.7153099999999997
3.70531
3.70531
3.6903099999999998
3.6953099999999997
3.7103099999999998
3.7353099999999997
3.73031
3.78031
3.8353099999999998
3.8603099999999997
3.8603099999999997
3.8403099999999997
3.83031
3.84531
3.8603099999999997
3.8353099999999998
3.8203099999999997
3.78531
3.76031
3.74031
3.72531
3.70031
3.68031
3.66531
3.64531
3.62531
3.6103099999999997
3.59531
3.57531
3.55531
3.54031
3.5253099999999997
3.51531
3.5053099999999997
3.51531
3.51031
3.5053099999999997
3.49531
3.48031
3.5053099999999997
3.5253099999999997
3.5503099999999996
3.5503099999999996
3.53031
3.5253099999999997
3.5253099999999997
3.55531
3.6103099999999997
3.62031
3.665
3.72031
3.74531
3.72531
3.70531
3.6903099999999998
3.6753099999999996
3.66031
3.64031
3.62031
3.60531
3.5903099999999997
3.5703099999999997
3.55531
3.54031
3.53031
3.5053099999999997
3.49031
3.4653099999999997
3.45031
3.4403099999999998
3.4453099999999997
3.4603099999999998
3.4853099999999997
3.4853099999999997
3.495
3.55
3.60031
3.6103099999999997
3.59531
3.60531
3.60031
3.5703099999999997
3.5503099999999996
3.55531
3.5453099999999997
3.52031
3.5053099999999997
3.4853099999999997
3.47531
3.45531
3.45031
3.43531
3.41531
3.4003099999999997
3.3803099999999997
3.36531
3.34531
3.3353099999999998
3.33031
3.3153099999999998
3.3003099999999996
3.28531
3.27031
3.25031
3.2353099999999997
3.24531
3.26531
3.2753099999999997
3.3003099999999996
3.3003099999999996
3.28531
3.28031
3.26531
3.26031
3.2553099999999997
3.25031
3.2353099999999997
3.22531
3.2103099999999998
3.20531
3.1953099999999997
3.18531
3.18031
3.1703099999999997
3.15531
3.1503099999999997
3.1503099999999997
3.13531
3.1303099999999997
3.12531
3.11531
3.10531
3.10031
3.10031
3.0903099999999997
3.08031
3.07531
3.06031
3.0503099999999996
3.03531
3.03031
3.02031
3.01031
3.00031
2.99031
2.99031
2.97531
2.97031
2.9653099999999997
2.95031
2.9453099999999997
2.9403099999999998
2.93531
2.93031
2.9253099999999996
2.9203099999999997
2.91031
2.90531
2.91031
2.90531
2.89031
2.89031
2.8803099999999997
2.88531
2.89531
2.9253099999999996
2.94
2.965
3.02
3.0453099999999997
3.03531
3.03531
3.07531
3.18031
3.1953099999999997
3.29
3.34531
3.3353099999999998
3.37531
3.4203099999999997
3.41531
3.43031
3.4653099999999997
3.47031
3.45031
3.4403099999999998
3.4253099999999996
3.41031
3.38531
3.37031
3.35531
3.33031
3.3003099999999996
3.29031
3.2753099999999997
3.2553099999999997
3.25031
3.24531
3.22531
3.2103099999999998
3.1953099999999997
3.18031
3.16031
3.1503099999999997
3.13531
3.12531
3.10531
3.10031
3.09531
3.08031
3.0703099999999997
3.06031
3.04031
3.03531
3.02031
3.00031
2.99031
2.99031
2.99531
2.9853099999999997
2.99031
2.98031
2.9653099999999997
2.9603099999999998
2.9453099999999997
2.93531
2.9203099999999997
2.91031
2.91531
2.91031
2.9003099999999997
2.89531
2.88531
2.895
2.88531
2.87531
2.86531
2.85531
2.84531
2.8403099999999997
2.8803099999999997
2.91531
2.93531
2.93031
2.93031
2.9253099999999996
2.9203099999999997
2.91031
2.89531
2.8803099999999997
2.87031
2.85531
2.84531
2.8353099999999998
2.8403099999999997
2.8353099999999998
2.81031
2.8153099999999998
2.81031
2.79031
2.79031
2.78031
2.78531
2.78031
2.78031
2.76031
2.7553099999999997
2.74031
2.7353099999999997
2.7353099999999997
2.7353099999999997
2.72531
2.7153099999999997
2.7153099999999997
2.7103099999999998
2.6903099999999998
2.68031
2.6703099999999997
2.66531
2.64031
2.64531
2.64031
2.62531
2.62531
2.62531
2.60531
2.60031
2.5903099999999997
2.58031
2.57531
2.5703099999999997
2.5703099999999997
2.5903099999999997
2.5853099999999998
2.57531
2.5653099999999998
2.5653099999999998
2.5853099999999998
2.6303099999999997
2.65
2.665
2.735
2.78031
2.79031
2.78531
2.78531
2.79031
2.82531
2.85
2.86531
2.85031
2.8603099999999997
2.86531
2.87031
2.8603099999999997
2.84531
2.82531
2.8353099999999998
2.85531
2.8603099999999997
2.875
2.9003099999999997
2.9253099999999996
2.95
2.95031
2.93531
2.95531
3.01031
3.0903099999999997
3.1103099999999997
3.165
3.24531
3.2953099999999997
3.28031
3.26531
3.26031
3.25031
3.24531
3.25031
3.24031
3.23031
3.26531
3.3403099999999997
3.325
3.395
3.4603099999999998
3.4853099999999997
3.47031
3.4453099999999997
3.4253099999999996
3.4203099999999997
3.4203099999999997
3.4003099999999997
3.37531
3.34531
3.33031
3.3003099999999996
3.2753099999999997
3.25031
3.22531
3.22031
3.20531
3.18031
3.15531
3.1303099999999997
3.10531
3.11531
3.12031
3.15531
3.18031
3.24
3.29031
3.2953099999999997
3.2953099999999997
3.3153099999999998
3.2953099999999997
3.30531
3.29031
3.3003099999999996
3.3003099999999996
3.2953099999999997
3.2753099999999997
3.26531
3.26031
3.24031
3.22031
3.2103099999999998
3.22031
3.2553099999999997
3.25031
3.27
3.3203099999999997
3.34531
3.32531
3.31031
3.30531
3.28531
3.2753099999999997
3.27031
3.26031
3.24531
3.25031
3.29031
3.33031
3.3353099999999998
3.38531
3.43531
3.45031
3.4453099999999997
3.4253099999999996
3.40531
3.39031
3.37031
3.3603099999999997
3.35531
3.34531
3.3353099999999998
3.32531
3.30531
3.29031
3.26531
3.2553099999999997
3.24531
3.24031
3.22531
3.2153099999999997
3.20531
3.2103099999999998
3.22031
3.2103099999999998
3.2103099999999998
3.1903099999999998
3.1903099999999998
3.18531
3.1753099999999996
3.1703099999999997
3.1503099999999997
3.14031
3.1303099999999997
3.13531
3.15531
3.18031
3.22031
3.23031
3.23031
3.24031
3.25031
3.25031
3.25031
3.2353099999999997
3.24031
3.22531
3.22531
3.24531
3.2953099999999997
3.31031
3.36
3.41531
3.45531
3.4403099999999998
3.4253099999999996
3.4203099999999997
3.41031
3.40531
3.40531
3.41531
3.41031
3.40531
3.4003099999999997
3.40531
3.4003099999999997
3.39031
3.38531
3.3803099999999997
3.37531
3.37031
3.36531
3.3603099999999997
3.35031
3.34531
3.35031
3.35531
3.35531
3.37031
3.37531
3.37031
3.3803099999999997
3.37031
3.37031
3.37031
3.3603099999999997
3.36531
3.35531
3.35031
3.36531
3.3603099999999997
3.3803099999999997
3.37531
3.39031
3.39031
3.38531
3.39031
3.39031
3.38531
3.3803099999999997
3.38531
3.40531
3.50031
3.53031
3.6103099999999997
3.68031
3.6953099999999997
3.68531
3.68531
3.6903099999999998
3.68531
3.68531
3.68031
3.66031
3.6503099999999997
3.63531
3.6303099999999997
3.62531
3.60531
3.60531
3.59531
3.5903099999999997
3.5853099999999998
3.57531
3.5653099999999998
3.56031
3.56031
3.56031
3.5653099999999998
3.56031
3.5853099999999998
3.63531
3.66531
3.6703099999999997
3.72531
3.73031
3.73031
3.73031
3.77031
3.7953099999999997
3.7953099999999997
3.78031
3.7753099999999997
3.7753099999999997
3.77031
3.77031
3.77031
3.76031
3.74531
3.74031
3.74031
3.7353099999999997
3.72531
3.7153099999999997
3.7153099999999997
3.7103099999999998
3.70531
3.6953099999999997
3.6903099999999998
3.66531
3.65531
3.64531
3.63531
3.62531
3.62531
3.62031
3.60531
3.59531
3.5853099999999998
3.62531
3.63531
3.6703099999999997
3.6703099999999997
3.66031
3.66031
3.65531
3.65531
3.64031
3.6303099999999997
3.62031
3.6103099999999997
3.60531
3.60031
3.5853099999999998
3.5703099999999997
3.5503099999999996
3.54031
3.53531
3.53031
3.52031
3.52031
3.51031
3.5053099999999997
3.49031
3.47531
3.47031
3.4603099999999998
3.45031
3.43031
3.41531
3.41031
3.4003099999999997
3.39531
3.39031
3.39531
3.38531
3.37531
3.3603099999999997
3.35031
3.3353099999999998
3.3203099999999997
3.30531
3.2953099999999997
3.28031
3.27031
3.2553099999999997
3.24531
3.24031
3.2353099999999997
3.23031
3.2103099999999998
3.2103099999999998
3.2153099999999997
3.1903099999999998
3.18531
3.18031
3.16531
3.14531
3.14031
3.1303099999999997
3.12031
3.10531
3.09531
3.0853099999999998
3.0853099999999998
3.07531
3.1103099999999997
3.13531
3.18031
3.1703099999999997
3.1703099999999997
3.18031
3.1753099999999996
3.16531
3.16031
3.15531
3.1303099999999997
3.11531
3.09531
3.0903099999999997
3.07531
3.06031
3.0453099999999997
3.03031
3.02031
3.0053099999999997
2.99531
2.98031
2.9653099999999997
2.9603099999999998
2.95531
2.9453099999999997
2.93531
2.9253099999999996
2.91531
2.9003099999999997
2.89031
2.88531
2.8803099999999997
2.89531
2.89531
2.88531
2.87531
2.8603099999999997
2.84531
2.8353099999999998
2.8153099999999998
2.80531
2.7953099999999997
2.78031
2.77031
2.7553099999999997
2.7553099999999997
2.74031
2.73031
2.72531
2.73031
2.7103099999999998
2.6953099999999997
2.6903099999999998
2.6703099999999997
2.66531
2.64531
2.6303099999999997
2.61531
2.6103099999999997
2.595
2.595
2.595
2.5853099999999998
2.5703099999999997
2.56
2.5503099999999996
2.59531
2.615
2.65531
2.65531
2.64531
2.64031
2.6503099999999997
2.62531
2.60531
2.5903099999999997
2.5853099999999998
2.57531
2.5703099999999997
2.56031
2.5503099999999996
2.5453099999999997
2.53031
2.5253099999999997
2.51531
2.5053099999999997
2.49531
2.485
2.475
2.4603099999999998
2.45031
2.43031
2.4203099999999997
2.4253099999999996
2.39531
2.38531
2.37031
2.3603099999999997
2.3603099999999997
2.3353099999999998
2.325
2.33031
2.33031
2.32531
2.315
2.31
2.3003099999999996
2.29
2.2753099999999997
2.26031
2.25031
2.23031
2.23
2.22
2.20531
2.20031
2.1953099999999997
2.1903099999999998
2.185
2.1753099999999996
2.16531
2.15531
2.14031
2.12531
2.12031
2.11
2.1103099999999997
2.09
2.075
2.07
2.07
2.06031
2.06031
2.10031
2.125
2.14531
2.1303099999999997
2.13531
2.12531
2.12531
2.11531
2.11531
2.10531
2.09531
2.0853099999999998
2.075
2.065
2.0503099999999996
2.03531
2.0253099999999997
2.01531
2.01031
2.00031
1.9903099999999998
1.99
1.98
1.97
1.9703099999999998
1.98531
2.07531
2.14531
2.16031
2.25
2.34
2.35531
2.3603099999999997
2.3403099999999997
2.3403099999999997
2.3353099999999998
2.3353099999999998
2.33031
2.33031
2.32531
2.32531
2.35531
2.4003099999999997
2.39531
2.425
2.46
2.4653099999999997
2.4453099999999997
2.43031
2.43031
2.41531
2.39531
2.39031
2.36531
2.3353099999999998
2.33031
2.3203099999999997
2.3003099999999996
2.28531
2.27031
2.26
2.24031
2.22
2.205
2.19
2.165
2.16031
2.175
2.215
2.23031
2.23031
2.22031
2.2103099999999998
2.1953099999999997
2.1753099999999996
2.15531
2.14531
2.1303099999999997
2.12
2.10531
2.095
2.095
2.08
2.0703099999999997
2.06031
2.0453099999999997
2.04031
2.03531
2.02031
2.0053099999999997
2.01031
1.99
