2.81031
2.8003099999999996
2.7953099999999997
2.7953099999999997
2.79031
2.7753099999999997
2.76531
2.7553099999999997
2.7553099999999997
2.75031
2.7353099999999997
2.73031
2.72531
2.73031
2.7103099999999998
2.6953099999999997
2.68531
2.6753099999999996
2.6503099999999997
2.64531
2.63531
2.62531
2.62531
2.63531
2.63531
2.6303099999999997
2.63
2.64031
2.6303099999999997
2.62531
2.6303099999999997
2.70531
2.77031
2.78031
2.80531
2.80531
2.80531
2.83
2.87
2.89031
2.8803099999999997
2.88531
2.9003099999999997
2.9
2.89531
2.89531
2.9403099999999998
2.95531
2.98031
2.98031
2.97531
2.99531
3.00031
2.9853099999999997
2.9853099999999997
2.97531
2.97031
2.95531
2.9403099999999998
2.93031
2.91531
2.90531
2.9003099999999997
2.9003099999999997
2.91031
2.89031
2.88531
2.88531
2.88531
2.88531
2.93531
2.95531
3.0053099999999997
3.03531
3.0503099999999996
3.04031
3.07531
3.1103099999999997
3.12031
3.1503099999999997
3.1703099999999997
3.20031
3.2153099999999997
3.2153099999999997
3.2103099999999998
3.2353099999999997
3.3003099999999996
3.3403099999999997
3.35031
3.39031
3.41531
3.4203099999999997
3.41531
3.40531
3.39031
3.3803099999999997
3.37031
3.36531
3.37031
3.37031
3.36531
3.35031
3.33031
3.3203099999999997
3.31031
3.3003099999999996
3.28531
3.2753099999999997
3.26531
3.2553099999999997
3.24031
3.24531
3.25031
3.2753099999999997
3.31031
3.3203099999999997
3.32531
3.3353099999999998
3.3153099999999998
3.32531
3.3353099999999998
3.33031
3.32531
3.3153099999999998
3.3153099999999998
3.3203099999999997
3.3203099999999997
3.3203099999999997
3.3203099999999997
3.31031
3.31031
3.3153099999999998
3.31031
3.3003099999999996
3.3003099999999996
3.3003099999999996
3.2953099999999997
3.3003099999999996
3.32531
3.31031
3.3003099999999996
3.2953099999999997
3.3003099999999996
3.3603099999999997
3.43031
3.45531
3.53531
3.60531
3.61531
3.61531
3.61531
3.61531
3.61531
3.62031
3.64531
3.6953099999999997
3.73031
3.7353099999999997
3.78031
3.8203099999999997
3.82531
3.8203099999999997
3.8153099999999998
3.8153099999999998
3.80531
3.79031
3.76531
3.8003099999999996
3.81031
3.8153099999999998
3.81031
3.8003099999999996
3.79031
3.78031
3.77031
3.76031
3.76031
3.76031
3.7553099999999997
3.77031
3.7953099999999997
3.83031
3.84531
3.82531
3.8203099999999997
3.82531
3.82531
3.8153099999999998
3.82531
3.87531
3.91031
3.9453099999999997
4.01031
4.03031
4.02031
4.00031
3.99031
3.9853099999999997
3.97031
3.95031
3.93531
3.9203099999999997
3.90531
3.88531
3.87031
3.85531
3.84531
3.83031
3.8203099999999997
3.81031
3.7953099999999997
3.80531
3.83031
3.8603099999999997
3.86531
3.91531
3.9653099999999997
3.9853099999999997
3.98031
3.9653099999999997
3.9653099999999997
3.9603099999999998
3.95531
3.9403099999999998
3.9453099999999997
3.93531
3.9253099999999996
3.91031
3.9003099999999997
3.89031
3.87531
3.85531
3.8403099999999997
3.83031
3.8153099999999998
3.80531
3.8003099999999996
3.79031
3.8003099999999996
3.7953099999999997
3.78531
3.78031
3.7753099999999997
3.76031
3.7553099999999997
3.75031
3.76531
3.78531
3.7953099999999997
3.8203099999999997
3.8153099999999998
3.82531
3.86531
3.86531
3.9003099999999997
3.9453099999999997
3.9603099999999998
3.95531
3.9403099999999998
3.9253099999999996
3.93531
3.93531
3.9203099999999997
3.91531
3.89531
3.8803099999999997
3.86531
3.85531
3.84531
3.85031
3.90531
3.9253099999999996
3.9653099999999997
4.02031
4.05031
4.04031
4.02031
4.01031
4.00031
3.99531
3.9853099999999997
3.97031
3.9603099999999998
3.9453099999999997
3.93031
3.91531
3.9003099999999997
3.9003099999999997
3.8803099999999997
3.8603099999999997
3.86531
3.8603099999999997
3.85531
3.85531
3.8403099999999997
3.83031
3.8153099999999998
3.80531
3.78531
3.7753099999999997
3.76031
3.75031
3.74031
3.74531
3.8153099999999998
3.85031
3.89031
3.95531
3.9853099999999997
3.98031
3.9603099999999998
3.9603099999999998
3.98031
4.00531
4.02031
4.0553099999999995
4.04531
4.03031
4.03531
4.04531
4.03031
4.0153099999999995
4.00531
3.99031
3.97031
3.95031
3.9253099999999996
3.91031
3.90531
3.88531
3.87531
3.8803099999999997
3.87031
3.8603099999999997
3.8353099999999998
3.82531
3.80531
3.78531
3.77031
3.7553099999999997
3.73031
3.7353099999999997
3.72531
3.7153099999999997
3.6953099999999997
3.68531
3.6753099999999996
3.65531
3.65531
3.64531
3.63531
3.6303099999999997
3.66031
3.68531
3.68531
3.7103099999999998
3.73031
3.7753099999999997
3.77031
3.7553099999999997
3.7353099999999997
3.73031
3.72531
3.73031
3.7153099999999997
3.6953099999999997
3.6753099999999996
3.66531
3.6503099999999997
3.64531
3.6303099999999997
3.62031
3.6103099999999997
3.60031
3.59531
3.57531
3.55531
3.53531
3.53531
3.5703099999999997
3.64031
3.66531
3.7553099999999997
3.8153099999999998
3.81031
3.7953099999999997
3.78531
3.76531
3.7553099999999997
3.75031
3.74531
3.72031
3.70031
3.68031
3.6753099999999996
3.6903099999999998
3.7153099999999997
3.70031
3.7353099999999997
3.76531
3.76531
3.76031
3.78531
3.8003099999999996
3.7953099999999997
3.81031
3.84531
3.8403099999999997
3.8203099999999997
3.7953099999999997
3.77031
3.7553099999999997
3.7553099999999997
3.74531
3.72531
3.7153099999999997
3.6903099999999998
3.6753099999999996
3.66031
3.64031
3.6303099999999997
3.6303099999999997
3.6103099999999997
3.60031
3.5853099999999998
3.5653099999999998
3.5503099999999996
3.5253099999999997
3.52031
3.51031
3.49531
3.47531
3.47031
3.49531
3.49031
3.4853099999999997
3.51031
3.51031
3.5653099999999998
3.66031
3.675
3.7553099999999997
3.82531
3.8603099999999997
3.86531
3.87531
3.85531
3.9003099999999997
3.89531
3.87531
3.91031
3.9853099999999997
4.02031
4.02531
4.02531
4.07031
4.12031
4.1803099999999995
4.21531
4.21531
4.185309999999999
4.17031
4.16531
4.19031
4.25031
4.24531
4.26031
4.26031
4.23531
4.20531
4.17531
4.14531
4.11531
4.08531
4.07031
4.06531
4.060309999999999
4.04031
4.0153099999999995
3.99531
3.97031
3.9453099999999997
3.9203099999999997
3.89531
3.87031
3.85531
3.8353099999999998
3.82531
3.8403099999999997
3.85031
3.8403099999999997
3.87531
3.9003099999999997
3.9203099999999997
3.9253099999999996
3.91031
3.89031
3.87531
3.85531
3.8403099999999997
3.83031
3.82531
3.8153099999999998
3.8003099999999996
3.78031
3.7753099999999997
3.77031
3.80531
3.8353099999999998
3.84531
3.8803099999999997
3.91031
3.91531
3.91031
3.9203099999999997
3.9453099999999997
3.95031
3.93531
3.95031
3.97531
3.97031
3.9653099999999997
3.9653099999999997
3.9403099999999998
3.93031
3.9203099999999997
3.91531
3.9403099999999998
3.9653099999999997
3.9603099999999998
3.9653099999999997
3.99031
3.9853099999999997
3.97531
3.95531
3.93531
3.9253099999999996
3.91031
3.89031
3.8803099999999997
3.86531
3.86531
3.8603099999999997
3.87031
3.87031
3.91531
3.97031
4.00031
4.08031
4.14531
4.15531
4.14531
4.15031
4.15531
4.15031
4.14531
4.13031
4.11031
4.11031
4.09531
4.08031
4.07031
4.05031
4.04531
4.02531
4.0153099999999995
4.00031
3.99031
3.97031
3.97031
3.9653099999999997
3.95531
3.9453099999999997
3.9403099999999998
3.9253099999999996
3.9203099999999997
3.91031
3.91031
3.89531
3.88531
3.8803099999999997
3.9203099999999997
3.9403099999999998
3.95031
3.9653099999999997
3.95531
3.9603099999999998
3.97031
3.9653099999999997
3.9453099999999997
3.9403099999999998
3.93031
3.9253099999999996
3.91531
3.91031
3.9003099999999997
3.87031
3.8803099999999997
3.87031
3.86531
3.87031
3.85531
3.8603099999999997
3.87031
3.87531
3.86531
3.87031
3.8603099999999997
3.85531
3.85531
3.85531
3.84531
3.8353099999999998
3.82531
3.8203099999999997
3.81031
3.81031
3.7953099999999997
3.80531
3.7953099999999997
3.81031
3.80531
3.7953099999999997
3.7953099999999997
3.8003099999999996
3.78531
3.78531
3.78031
3.8353099999999998
3.87531
3.9003099999999997
3.95531
3.98031
3.98031
3.98031
3.97531
3.97531
3.99531
3.99031
3.9853099999999997
3.98031
3.9853099999999997
3.99031
3.9853099999999997
3.97031
3.95531
3.9453099999999997
3.9453099999999997
3.97031
4.01031
4.02531
4.0153099999999995
4.0153099999999995
4.0153099999999995
4.02031
4.01031
4.00531
4.03031
4.0553099999999995
4.060309999999999
4.09531
4.13531
4.14531
4.12531
4.12031
4.1003099999999995
4.08531
4.07031
4.060309999999999
4.05031
4.03531
4.0153099999999995
3.99531
3.97031
3.9603099999999998
3.95531
3.9403099999999998
3.9203099999999997
3.91031
3.89531
3.8803099999999997
3.87031
3.85531
3.83031
3.84531
3.8403099999999997
3.82531
3.81031
3.79031
3.7753099999999997
3.76531
3.76531
3.76031
3.77031
3.76031
3.7753099999999997
3.78031
3.7753099999999997
3.79031
3.80531
3.8153099999999998
3.86531
3.88531
3.87531
3.86531
3.87531
3.87531
3.84531
3.82531
3.81031
3.79031
3.78031
3.76031
3.75031
3.75031
3.7753099999999997
3.76531
3.8003099999999996
3.7953099999999997
3.80531
3.80531
3.8203099999999997
3.83031
3.8803099999999997
3.9603099999999998
3.9653099999999997
4.035
4.1403099999999995
4.20531
4.21031
4.19031
4.19531
4.20531
4.21531
4.21031
4.185309999999999
4.16531
4.1403099999999995
4.12031
4.09531
4.06531
4.04031
4.0153099999999995
3.99031
3.9603099999999998
3.9453099999999997
3.95531
3.98031
3.98031
4.02031
4.060309999999999
4.0553099999999995
4.05031
4.0553099999999995
4.04531
4.06531
4.07031
4.0553099999999995
4.02031
3.99531
3.9853099999999997
3.9603099999999998
3.93531
3.9203099999999997
3.9003099999999997
3.8803099999999997
3.85531
3.83031
3.80531
3.78031
3.76031
3.73031
3.70531
3.6903099999999998
3.66531
3.64531
3.61531
3.60531
3.5853099999999998
3.5703099999999997
3.56031
3.57531
3.59531
3.62031
3.63531
3.62031
3.6103099999999997
3.6103099999999997
3.6103099999999997
3.60031
3.5853099999999998
3.5703099999999997
3.5503099999999996
3.53031
3.5253099999999997
3.51031
3.49531
3.48031
3.47031
3.4453099999999997
3.43531
3.41531
3.41531
3.41531
3.41031
3.39031
3.37531
3.3603099999999997
3.35531
3.35031
3.3353099999999998
3.3153099999999998
3.30531
3.31031
3.30531
3.29031
3.2753099999999997
3.27031
3.26031
3.24531
3.2353099999999997
3.22531
3.22031
3.23031
3.23031
3.22531
3.22031
3.20531
3.1903099999999998
3.1903099999999998
3.18531
3.18031
3.1703099999999997
3.16531
3.16531
3.1503099999999997
3.1503099999999997
3.1503099999999997
3.14531
3.13531
3.12531
3.12031
3.11531
3.10531
3.1103099999999997
3.10531
3.09531
3.10531
3.1103099999999997
3.1303099999999997
3.15531
3.1753099999999996
3.16531
3.16531
3.16031
3.15531
3.1503099999999997
3.14531
3.13531
3.1303099999999997
3.11531
3.10531
3.10031
3.09531
3.0853099999999998
3.08031
3.08031
3.07531
3.0903099999999997
3.14531
3.16031
3.20031
3.25031
3.28031
3.29031
3.28031
3.26531
3.2553099999999997
3.24531
3.2353099999999997
3.2153099999999997
3.2103099999999998
3.20531
3.20531
3.1953099999999997
3.1953099999999997
3.1903099999999998
3.18031
3.16031
3.1503099999999997
3.13531
3.12031
3.10531
3.09531
3.0853099999999998
3.08031
3.0903099999999997
3.12031
3.12031
3.14531
3.185
3.2153099999999997
3.2153099999999997
3.20531
3.1903099999999998
3.18531
3.18031
3.1753099999999996
3.18531
3.1753099999999996
3.16531
3.15531
3.1503099999999997
3.16031
3.15531
3.18031
3.1903099999999998
3.2153099999999997
3.2103099999999998
3.20531
3.22031
3.22531
3.2103099999999998
3.20031
3.18031
3.16031
3.14531
3.1303099999999997
3.12031
3.10531
3.10531
3.09531
3.0853099999999998
3.0653099999999998
3.0653099999999998
3.0653099999999998
3.07531
3.0703099999999997
3.0703099999999997
3.06031
3.05531
3.05531
3.10531
3.12531
3.12
3.16531
3.1903099999999998
3.1953099999999997
3.18531
3.22031
3.24031
3.24031
3.27031
3.2953099999999997
3.29031
3.2753099999999997
3.2753099999999997
3.27031
3.25031
3.2353099999999997
3.22531
3.2103099999999998
3.2103099999999998
3.22531
3.24531
3.2553099999999997
3.3
3.35031
3.32531
3.3203099999999997
3.30531
3.3003099999999996
3.35031
3.3603099999999997
3.37531
3.4253099999999996
3.4403099999999998
3.43031
3.41031
3.38531
3.3803099999999997
3.4203099999999997
3.49531
3.515
3.59531
3.63531
3.62031
3.60031
3.62531
3.68531
3.68531
3.72031
3.76531
3.76031
3.74531
3.72031
3.6953099999999997
3.68031
3.66531
3.6503099999999997
3.6303099999999997
3.60531
3.58031
3.5853099999999998
3.64031
3.64031
3.695
3.76031
3.77031
3.74531
3.7153099999999997
3.6953099999999997
3.68031
3.66531
3.6503099999999997
3.62531
3.60031
3.57531
3.5503099999999996
3.5253099999999997
3.50031
3.47531
3.4603099999999998
3.4453099999999997
3.4253099999999996
3.40531
3.39031
3.37031
3.35031
3.3353099999999998
3.3203099999999997
3.3153099999999998
3.29031
3.26531
3.26031
3.24031
3.24531
3.22531
3.2103099999999998
3.20531
3.20031
3.20031
3.20531
3.26031
3.3153099999999998
3.33031
3.39031
3.43531
3.45031
3.4653099999999997
3.47531
3.4853099999999997
3.47531
3.4853099999999997
3.51031
3.49531
3.49531
3.47031
3.4603099999999998
3.45031
3.43531
3.4203099999999997
3.41031
3.4003099999999997
3.39531
3.37531
3.37031
3.36531
3.35031
3.3403099999999997
3.33031
3.3203099999999997
3.3153099999999998
3.31031
3.30531
3.31031
3.3153099999999998
3.3153099999999998
3.30531
3.2953099999999997
3.29031
3.28031
3.28031
3.31031
3.3603099999999997
3.37031
3.40531
3.4253099999999996
3.4253099999999996
3.4203099999999997
3.45531
3.49531
3.51031
3.50031
3.5053099999999997
3.52031
3.5503099999999996
3.61531
3.6303099999999997
3.6703099999999997
3.7103099999999998
3.72531
3.7153099999999997
3.70531
3.6903099999999998
3.6903099999999998
3.70031
3.7103099999999998
3.70531
3.70531
3.6903099999999998
3.68031
3.6753099999999996
3.66031
3.64531
3.64531
3.65531
3.70031
3.72531
3.72031
3.7103099999999998
3.72031
3.72531
3.74531
3.77031
3.7953099999999997
3.8003099999999996
3.8403099999999997
3.87031
3.88531
3.89031
3.87531
3.89031
3.89531
3.89031
3.87531
3.87031
3.86531
3.86531
3.85031
3.84531
3.8403099999999997
3.8203099999999997
3.81031
3.8003099999999996
3.7953099999999997
3.78531
3.78531
3.7753099999999997
3.77031
3.7553099999999997
3.74531
3.7353099999999997
3.73031
3.72031
3.7153099999999997
3.7103099999999998
3.72031
3.72531
3.7103099999999998
3.7153099999999997
3.70031
3.70531
3.6903099999999998
3.6903099999999998
3.6703099999999997
3.6703099999999997
3.6703099999999997
3.66031
3.64531
3.64531
3.6303099999999997
3.62031
3.62031
3.61531
3.60531
3.59531
3.5903099999999997
3.5903099999999997
3.58031
3.5703099999999997
3.57531
3.5703099999999997
3.5853099999999998
3.64531
3.66531
3.65531
3.65531
3.64031
3.64031
3.63531
3.63531
3.62031
3.61531
3.60531
3.59531
3.5853099999999998
3.58031
3.5703099999999997
3.58031
3.5853099999999998
3.5853099999999998
3.57531
3.5653099999999998
3.56031
3.56031
3.5453099999999997
3.53531
3.53531
3.5253099999999997
3.53031
3.51531
3.5053099999999997
3.49031
3.4853099999999997
3.47031
3.4603099999999998
3.4603099999999998
3.45031
3.4403099999999998
3.43031
3.4203099999999997
3.4203099999999997
3.41031
3.41031
3.4003099999999997
3.39531
3.39031
3.4003099999999997
3.37531
3.36531
3.36531
3.34531
3.33031
3.33031
3.3153099999999998
3.30531
3.2953099999999997
3.29031
3.2753099999999997
3.27031
3.2553099999999997
3.24531
3.2353099999999997
3.22531
3.22531
3.22531
3.2153099999999997
3.20531
3.2103099999999998
3.2353099999999997
3.29
3.3203099999999997
3.31031
3.32531
3.32531
3.3353099999999998
3.3803099999999997
3.43031
3.43531
3.43531
3.43531
3.4453099999999997
3.47531
3.535
3.5703099999999997
3.56031
3.55531
3.56031
3.5703099999999997
3.55531
3.55531
3.54031
3.5253099999999997
3.50031
3.4853099999999997
3.4603099999999998
3.4453099999999997
3.43031
3.41031
3.39031
3.36531
3.35031
3.3353099999999998
3.35531
3.40531
3.41031
3.45031
3.50031
3.51031
3.4853099999999997
3.48031
3.53031
3.60031
3.60531
3.665
3.73031
3.75031
3.72531
3.70031
3.6953099999999997
3.68531
3.6703099999999997
3.64031
3.6103099999999997
3.5903099999999997
3.56031
3.53531
3.51531
3.50031
3.48031
3.4453099999999997
3.4253099999999996
3.40531
3.38531
3.35031
3.3603099999999997
3.35531
3.36531
3.36531
3.35531
3.4003099999999997
3.45031
3.44
3.48
3.50031
3.5053099999999997
3.49031
3.4653099999999997
3.4453099999999997
3.43531
3.43531
3.4203099999999997
3.4003099999999997
3.39031
3.37031
3.35031
3.32531
3.3153099999999998
3.28531
3.2753099999999997
3.3003099999999996
3.31031
3.3003099999999996
3.34
3.37531
3.37031
3.3603099999999997
3.3403099999999997
3.3203099999999997
3.30531
3.29031
3.27031
3.2553099999999997
3.2353099999999997
3.22531
3.20531
3.18031
3.16031
3.14031
3.1303099999999997
3.1103099999999997
3.10031
3.10031
3.1103099999999997
3.12531
3.12531
3.17
3.22
3.2353099999999997
3.22031
3.20031
3.1953099999999997
3.18531
3.18031
3.16031
3.1503099999999997
3.12531
3.12531
3.11531
3.09531
3.0853099999999998
3.0703099999999997
3.0853099999999998
3.10531
3.13531
3.14031
3.12531
3.12031
3.12531
3.12531
3.1103099999999997
3.09531
3.09531
3.07531
3.0653099999999998
3.0503099999999996
3.0503099999999996
3.0853099999999998
3.1103099999999997
3.12531
3.16031
3.20531
3.1953099999999997
3.18031
3.18031
3.18031
3.16031
3.16031
3.15531
3.15531
3.14531
3.14031
3.1303099999999997
3.11531
3.10031
3.0853099999999998
3.07531
3.0653099999999998
3.0653099999999998
3.0503099999999996
3.0453099999999997
3.03531
3.02031
3.03031
3.03031
3.01031
3.00031
3.00031
2.99531
2.9853099999999997
2.98031
2.97531
2.9853099999999997
2.99531
2.9853099999999997
2.9853099999999997
2.97531
2.97531
2.9653099999999997
2.95531
2.95031
2.95031
2.9453099999999997
2.95531
2.97031
2.97031
2.97031
2.98031
2.98031
3.05531
3.0903099999999997
3.1303099999999997
3.18531
3.20531
3.2103099999999998
3.1953099999999997
3.1903099999999998
3.1903099999999998
3.18031
3.1703099999999997
3.15531
3.1503099999999997
3.14531
3.15531
3.1953099999999997
3.26031
3.29031
3.2953099999999997
3.3153099999999998
3.31031
3.38531
3.48031
3.53531
3.5503099999999996
3.5453099999999997
3.56031
3.5903099999999997
3.6503099999999997
3.76031
3.8153099999999998
3.8153099999999998
3.89531
3.9853099999999997
4.02031
4.0153099999999995
4.00031
4.00531
3.99031
3.98031
3.95031
3.9253099999999996
3.9253099999999996
3.91031
3.88531
3.87531
3.85031
3.8353099999999998
3.8203099999999997
3.8003099999999996
3.78031
3.7553099999999997
3.74031
3.7153099999999997
3.70531
3.72531
3.78531
3.7953099999999997
3.84531
3.91031
3.9253099999999996
3.9253099999999996
3.90531
3.90531
3.88531
3.8603099999999997
3.85031
3.89031
3.89531
3.9253099999999996
3.9203099999999997
3.9003099999999997
3.89031
3.8803099999999997
3.89031
3.91031
3.9453099999999997
3.9453099999999997
3.97031
4.01031
4.01031
4.00031
3.9853099999999997
3.97531
3.9653099999999997
3.9453099999999997
3.9203099999999997
3.9003099999999997
3.89031
3.87031
3.86531
3.8403099999999997
3.82531
3.8153099999999998
3.7953099999999997
3.7753099999999997
3.76031
3.74031
3.72531
3.7103099999999998
3.6953099999999997
3.68031
3.6703099999999997
3.66031
3.64531
3.64031
3.63531
3.62531
3.62031
3.6103099999999997
3.59531
3.5853099999999998
3.58031
3.57531
3.5653099999999998
3.5653099999999998
3.5703099999999997
3.56031
3.55531
3.5503099999999996
3.5453099999999997
3.5453099999999997
3.53531
3.5253099999999997
3.51531
3.51531
3.49531
3.51031
3.52031
3.51531
3.51531
3.51031
3.51031
3.5053099999999997
3.53531
3.58031
3.62531
3.6303099999999997
3.64031
3.66031
3.66031
3.6503099999999997
3.64531
3.63531
3.6303099999999997
3.62031
3.62031
3.60031
3.6103099999999997
3.60031
3.60031
3.5903099999999997
3.57531
3.57531
3.57531
3.57531
3.5653099999999998
3.55531
3.5503099999999996
3.5453099999999997
3.54031
3.53531
3.53031
3.5253099999999997
3.52031
3.51031
3.5053099999999997
3.49031
3.49531
3.5053099999999997
3.5053099999999997
3.5053099999999997
3.52031
3.5253099999999997
3.5253099999999997
3.52031
3.51531
3.51031
3.51531
3.51031
3.5253099999999997
3.51531
3.5053099999999997
3.49531
3.4853099999999997
3.4853099999999997
3.47531
3.47031
3.45531
3.45531
3.4603099999999998
3.4453099999999997
3.4403099999999998
3.43031
3.4203099999999997
3.4203099999999997
3.41531
3.41531
3.4203099999999997
3.41031
3.40531
3.43031
3.47031
3.50031
3.49031
3.49531
3.51031
3.51531
3.51031
3.50031
3.49031
3.47531
3.4653099999999997
3.4453099999999997
3.45031
3.4603099999999998
3.4603099999999998
3.4603099999999998
3.4453099999999997
3.45031
3.4453099999999997
3.4403099999999998
3.43031
3.43031
3.41531
3.40531
3.39031
3.3803099999999997
3.36531
3.35531
3.34531
3.3353099999999998
3.33031
3.33031
3.32531
3.3153099999999998
3.3153099999999998
3.31031
3.3003099999999996
3.29031
3.2953099999999997
3.29031
3.26531
3.26031
3.24031
3.23031
3.22031
3.20531
3.20031
3.18531
3.1703099999999997
3.16531
3.15531
3.14031
3.12531
3.11531
3.11531
3.1303099999999997
3.1753099999999996
3.175
3.21
3.2553099999999997
3.27031
3.2753099999999997
3.26031
3.2553099999999997
3.24531
3.25031
3.28031
3.30531
3.3203099999999997
3.30531
3.3153099999999998
3.3203099999999997
3.30531
3.29
3.275
3.25031
3.24031
3.22531
3.20531
3.18031
3.16531
3.16531
3.1503099999999997
3.15531
3.14531
3.1753099999999996
3.16531
3.20031
3.23031
3.2353099999999997
3.2153099999999997
3.20031
3.18031
3.16531
3.14531
3.12531
3.0903099999999997
3.08031
3.0503099999999996
3.03531
3.01531
3.00031
2.98031
2.9653099999999997
2.95031
2.93531
2.91531
2.89531
2.8803099999999997
2.86531
2.84531
2.82531
2.81031
2.7953099999999997
2.7753099999999997
2.7553099999999997
2.74531
2.72
2.7103099999999998
2.68031
2.68031
2.66531
2.6503099999999997
2.63531
2.63
2.64531
2.655
2.63531
2.63531
2.63531
2.63531
2.62531
2.62531
2.64
2.6753099999999996
2.68531
2.6703099999999997
2.68031
2.68031
2.6703099999999997
2.66031
2.645
2.6303099999999997
2.60531
2.5853099999999998
2.58031
2.5653099999999998
2.57531
2.60031
2.65531
2.665
2.735
2.79
2.80531
2.79031
2.77031
2.76531
2.76031
2.7353099999999997
2.72531
2.72031
2.71
2.6903099999999998
2.69
2.6753099999999996
2.66031
2.6503099999999997
2.64531
2.63
2.62531
2.6103099999999997
2.59531
2.5853099999999998
2.5653099999999998
2.56031
2.5653099999999998
2.58031
2.575
2.5853099999999998
2.59531
2.60031
2.65531
2.67
2.725
2.8
2.845
2.8603099999999997
2.84531
2.8403099999999997
2.8353099999999998
2.83031
2.8353099999999998
2.8353099999999998
2.8203099999999997
2.7953099999999997
2.7753099999999997
2.76031
2.74531
2.75031
2.7953099999999997
2.82531
2.8603099999999997
2.925
2.95531
2.9453099999999997
2.9203099999999997
2.91031
2.9
2.87531
2.86531
2.85031
2.83031
2.80531
2.79031
2.77031
2.75031
2.7353099999999997
2.7553099999999997
2.79031
2.79031
2.83031
2.87531
2.89031
2.8803099999999997
2.8603099999999997
2.8403099999999997
2.83031
2.83031
2.8203099999999997
2.80531
2.78531
2.76031
2.74531
2.7353099999999997
2.7153099999999997
2.70531
2.6953099999999997
2.68531
2.6703099999999997
2.66031
2.66531
2.68531
2.6953099999999997
2.7103099999999998
2.7103099999999998
2.735
2.78
2.8003099999999996
2.8003099999999996
2.79031
2.7753099999999997
2.76531
2.76031
2.76031
2.76031
2.76531
2.8403099999999997
2.9853099999999997
3.01531
3.09
3.19
3.22531
3.22031
3.20031
3.1953099999999997
3.2153099999999997
3.22531
3.2353099999999997
3.2753099999999997
3.26531
3.28031
3.30531
3.33031
3.3403099999999997
3.34531
3.33031
3.3203099999999997
3.2953099999999997
3.28031
3.26031
3.24031
3.22531
3.2103099999999998
3.20531
3.1953099999999997
3.2153099999999997
3.25031
3.255
3.3003099999999996
3.35031
3.37031
3.35531
3.35531
3.3603099999999997
3.3403099999999997
3.33031
3.3403099999999997
3.3353099999999998
3.3203099999999997
3.32531
3.3153099999999998
3.3003099999999996
3.29031
3.28531
3.3153099999999998
3.3803099999999997
3.39031
3.43031
3.47531
3.49531
3.49531
3.49031
3.47531
3.4653099999999997
3.45031
3.4403099999999998
3.43031
3.41531
3.4003099999999997
3.39031
3.3803099999999997
3.36531
3.36531
3.3603099999999997
3.35031
3.3353099999999998
3.32531
3.32531
3.32531
3.33031
3.3353099999999998
3.3353099999999998
3.33031
3.37531
3.4003099999999997
3.4453099999999997
3.4653099999999997
3.4603099999999998
3.47031
3.49531
3.49031
3.4853099999999997
3.47531
3.47531
3.4653099999999997
3.45531
3.4453099999999997
3.43531
3.43031
3.4253099999999996
3.4203099999999997
3.41031
3.40531
3.39531
3.4003099999999997
3.39031
3.39531
3.40531
3.39031
3.3803099999999997
3.4253099999999996
3.4453099999999997
3.48031
3.54031
3.58031
3.57531
3.5653099999999998
3.5653099999999998
3.5653099999999998
3.5653099999999998
3.57531
3.5853099999999998
3.62531
3.68031
3.6903099999999998
3.73031
3.7753099999999997
3.8153099999999998
3.8153099999999998
3.81031
3.80531
3.8003099999999996
3.7953099999999997
3.79031
3.78531
3.78531
3.79031
3.78531
3.79031
3.80531
3.79031
3.79031
3.79031
3.78531
3.7753099999999997
3.77031
3.77031
3.76031
3.74531
3.75031
3.79031
3.8153099999999998
3.8603099999999997
3.85031
3.85531
3.8603099999999997
3.86531
3.8603099999999997
3.85031
3.84531
3.8403099999999997
3.83031
3.82531
3.8153099999999998
3.81031
3.8003099999999996
3.79031
3.78031
3.78031
3.77031
3.77031
3.7553099999999997
3.76031
3.77031
3.7753099999999997
3.79031
3.7953099999999997
3.79031
3.78531
3.78031
3.76531
3.76031
3.74531
3.74031
3.72531
3.7153099999999997
3.6953099999999997
3.70031
3.6903099999999998
3.68031
3.6753099999999996
3.66531
3.65531
3.65531
3.65531
3.64531
3.6303099999999997
3.62531
3.6103099999999997
3.60531
3.60031
3.59531
3.5853099999999998
3.57531
3.57531
3.57531
3.5703099999999997
3.5703099999999997
3.60031
3.64031
3.65531
3.7
3.75031
3.78031
3.78531
3.77031
3.76531
3.7953099999999997
3.80531
3.8353099999999998
3.81031
3.82531
3.8353099999999998
3.83031
3.8203099999999997
3.80531
3.78531
3.7753099999999997
3.7553099999999997
3.74531
3.73031
3.7153099999999997
3.70531
3.6953099999999997
3.6953099999999997
3.68531
3.70031
3.74531
3.76031
3.7753099999999997
3.8203099999999997
3.85031
3.85531
3.85031
3.83031
3.8153099999999998
3.80531
3.79031
3.77031
3.76531
3.78031
3.85531
3.91031
3.91531
3.97531
4.065
4.12531
4.11531
4.1003099999999995
4.12031
4.16031
4.22031
4.21531
4.23031
4.25531
4.25531
4.23031
4.20531
4.17531
4.15531
4.15531
4.185309999999999
4.19531
4.19031
4.21031
4.22031
4.23031
4.20531
4.1803099999999995
4.17031
4.15531
4.13531
4.11531
4.09531
4.11031
4.11531
4.13031
4.1003099999999995
4.08031
4.0553099999999995
4.05031
4.02531
3.99531
3.97031
3.95031
3.9253099999999996
3.91031
3.90531
3.89031
3.87031
3.84531
3.82531
3.80531
3.78531
3.7553099999999997
3.7553099999999997
3.7353099999999997
3.7103099999999998
3.6903099999999998
3.6703099999999997
3.65531
3.63531
3.6103099999999997
3.59531
3.5903099999999997
3.58031
3.5653099999999998
3.5453099999999997
3.53031
3.51531
3.49531
3.49031
3.47531
3.47031
3.51531
3.52031
3.55531
3.6103099999999997
3.60531
3.59531
3.5903099999999997
3.5853099999999998
3.5653099999999998
3.55531
3.53531
3.5253099999999997
3.51031
3.49531
3.4853099999999997
3.47031
3.4603099999999998
3.45031
3.43531
3.4203099999999997
3.41031
3.39531
3.38531
3.37031
3.36531
3.35531
3.3603099999999997
3.39031
3.41031
3.43031
3.4253099999999996
3.41531
3.4203099999999997
3.41031
3.40531
3.4003099999999997
3.38531
3.3803099999999997
3.37531
3.37031
3.37031
3.3603099999999997
3.35031
3.3353099999999998
3.3203099999999997
3.31031
3.3153099999999998
3.3153099999999998
3.31031
3.30531
3.31031
3.3153099999999998
3.3003099999999996
3.3003099999999996
3.2953099999999997
3.29031
3.28031
3.2753099999999997
3.2753099999999997
3.26031
3.24531
3.24031
3.23031
3.22531
3.2153099999999997
3.2153099999999997
3.2153099999999997
3.2103099999999998
3.20531
3.2103099999999998
3.18531
3.18031
3.1753099999999996
3.16031
3.1503099999999997
3.1753099999999996
3.2103099999999998
3.22531
3.265
3.33031
3.34531
3.3403099999999997
3.3353099999999998
3.3203099999999997
3.3153099999999998
3.31031
3.31031
3.3003099999999996
3.29031
3.28031
3.28531
3.2753099999999997
3.26031
3.28531
3.3003099999999996
3.345
3.36531
3.35531
3.35031
3.35031
3.35031
3.34531
3.335
3.3203099999999997
3.31031
3.2953099999999997
3.28531
3.28031
3.26531
3.25031
3.24031
3.22031
3.20531
3.1903099999999998
3.18531
3.1703099999999997
3.16531
3.14531
3.13531
3.1303099999999997
3.12531
3.10531
3.10031
3.0853099999999998
3.07531
3.07531
3.0653099999999998
3.06031
3.0503099999999996
3.0453099999999997
3.03031
3.03031
3.0253099999999997
3.0253099999999997
3.0053099999999997
3.00031
3.01031
3.0053099999999997
3.01031
2.99031
2.99031
2.97531
2.97531
2.97031
2.9653099999999997
2.95531
2.95
2.93531
2.93031
2.9253099999999996
2.9203099999999997
2.91
2.90531
2.89531
2.89031
2.87531
2.84531
2.86531
2.85531
2.8353099999999998
2.85531
2.88
2.9203099999999997
2.93531
2.9203099999999997
2.9253099999999996
2.93031
2.9253099999999996
2.9203099999999997
2.91031
2.9003099999999997
2.89531
2.88531
2.87031
2.85531
2.85031
2.8353099999999998
2.8403099999999997
2.8203099999999997
2.81031
2.7953099999999997
2.7753099999999997
2.7753099999999997
2.77031
2.77031
2.76531
2.7553099999999997
2.74031
2.73031
2.74531
2.76531
2.79031
2.79
2.8403099999999997
2.87031
2.87531
2.8603099999999997
2.86531
2.87031
2.87031
2.85031
2.85031
2.86531
2.86531
2.8603099999999997
2.85531
2.85031
2.83031
2.81031
2.80531
2.79031
2.7753099999999997
2.76531
2.75031
2.7353099999999997
2.72531
2.7103099999999998
2.6903099999999998
2.6753099999999996
2.66031
2.6503099999999997
2.6503099999999997
2.6303099999999997
2.62531
2.6103099999999997
2.60031
2.5853099999999998
2.60031
2.62031
2.66
2.66531
2.6503099999999997
2.66031
2.66031
2.6503099999999997
2.64
2.6303099999999997
2.62531
2.60531
2.5903099999999997
2.58031
2.5703099999999997
2.5653099999999998
2.5703099999999997
2.53531
2.52031
2.51
2.49531
2.47531
2.4653099999999997
2.45531
2.4453099999999997
2.43031
2.41531
2.41
2.39531
2.385
2.37
2.355
2.35031
2.3353099999999998
2.3203099999999997
2.3153099999999998
2.3003099999999996
2.3
2.28031
2.28031
2.26031
2.25031
2.25031
2.24031
2.23
2.22531
2.2103099999999998
2.20031
2.1903099999999998
2.18031
2.1753099999999996
2.165
2.155
2.145
2.135
2.125
2.12031
2.10531
2.1103099999999997
2.10531
2.10031
2.10031
2.10031
2.0903099999999997
2.09531
2.09531
2.09
2.12031
2.145
2.20531
2.22031
2.22031
2.23031
2.2353099999999997
2.2353099999999997
2.23031
2.2153099999999997
2.21
2.1953099999999997
2.18531
2.185
2.16531
2.1503099999999997
2.14031
2.13531
2.1303099999999997
2.1103099999999997
2.10531
2.0853099999999998
2.075
2.07
2.06
2.0503099999999996
2.0503099999999996
2.055
2.05
2.045
2.04
2.02031
2.015
2.01031
1.99
1.99531
2.005
1.98
1.97
1.97
1.955
1.9403099999999998
1.9503099999999998
1.9403099999999998
1.9353099999999999
1.925
1.9253099999999999
1.9253099999999999
1.935
1.9353099999999999
1.93
1.9303099999999997
1.92
1.9053099999999998
1.9053099999999998
1.895
1.88031
1.875
1.865
1.855
1.86031
1.8553099999999998
1.84
1.835
1.8353099999999998
1.8303099999999999
1.82
1.86031
1.885
1.9303099999999997
1.9353099999999999
1.9253099999999999
1.9303099999999997
1.9403099999999998
1.945
1.945
1.955
1.95
1.945
1.9453099999999999
1.9353099999999999
1.9303099999999997
1.92
1.9053099999999998
1.90031
1.885
1.88031
1.8753099999999998
1.8653099999999998
1.855
1.85031
1.8553099999999998
1.89031
1.9403099999999998
1.94
1.995
2.045
2.075
2.08031
2.07
2.0703099999999997
2.05531
2.0503099999999996
2.06031
2.0653099999999998
2.0703099999999997
2.055
2.04031
2.0253099999999997
2.02031
2.01531
2.0
1.98531
1.98531
1.965
1.955
1.9503099999999998
1.935
1.9403099999999998
2.00031
2.05531
2.0653099999999998
2.11
2.185
2.275
2.2953099999999997
2.28031
2.2753099999999997
2.26531
2.27031
2.27031
2.26031
2.25031
2.24531
2.2753099999999997
2.295
2.325
2.31031
2.31031
2.31031
2.2953099999999997
2.29031
2.27
2.25
2.2353099999999997
2.2153099999999997
2.205
2.195
2.18531
2.16531
2.15531
2.13531
2.14031
2.14531
2.13531
2.1303099999999997
2.1303099999999997
2.115
2.1103099999999997
2.10031
2.0903099999999997
