2.99031
2.9853099999999997
2.99031
3.04031
3.05531
3.0653099999999998
3.0503099999999996
3.0653099999999998
3.0703099999999997
3.0703099999999997
3.05531
3.03531
3.0253099999999997
3.01031
2.99531
2.9853099999999997
2.97031
2.9653099999999997
2.95531
2.97031
2.95531
2.95531
2.9453099999999997
2.9603099999999998
2.98031
2.9853099999999997
2.99031
3.01031
3.0053099999999997
2.99531
2.9853099999999997
3.00031
3.0253099999999997
3.0253099999999997
3.01531
3.04031
3.09531
3.10531
3.125
3.16531
3.16531
3.15531
3.14031
3.12531
3.11531
3.1103099999999997
3.11531
3.12531
3.12031
3.10531
3.0903099999999997
3.08031
3.0653099999999998
3.0453099999999997
3.03531
3.0253099999999997
3.01031
3.0053099999999997
2.99031
2.98031
2.97531
2.95531
2.95031
2.9453099999999997
2.9403099999999998
2.93031
2.91531
2.90531
2.89531
2.9003099999999997
2.9203099999999997
2.9603099999999998
2.98031
2.97531
3.02031
3.06031
3.0653099999999998
3.10031
3.14531
3.1703099999999997
3.16031
3.14531
3.1503099999999997
3.1903099999999998
3.26531
3.37531
3.38531
3.455
3.55531
3.64531
3.64531
3.66031
3.68531
3.68031
3.68531
3.6703099999999997
3.6503099999999997
3.62531
3.62031
3.61531
3.59531
3.5653099999999998
3.5503099999999996
3.5453099999999997
3.53531
3.52031
3.50031
3.50031
3.53031
3.5253099999999997
3.56031
3.5703099999999997
3.56031
3.53531
3.51531
3.5053099999999997
3.48031
3.4603099999999998
3.4453099999999997
3.43531
3.41031
3.38531
3.37031
3.35531
3.34531
3.33031
3.3353099999999998
3.3203099999999997
3.32531
3.3603099999999997
3.36531
3.37031
3.41031
3.4453099999999997
3.45531
3.43031
3.4403099999999998
3.4603099999999998
3.49031
3.49531
3.49031
3.5253099999999997
3.5653099999999998
3.5853099999999998
3.57531
3.5703099999999997
3.57531
3.615
3.6953099999999997
3.7553099999999997
3.76531
3.75031
3.7553099999999997
3.76531
3.7753099999999997
3.8203099999999997
3.85031
3.85031
3.8603099999999997
3.86531
3.85031
3.8353099999999998
3.8153099999999998
3.81031
3.7953099999999997
3.78531
3.7753099999999997
3.7753099999999997
3.7753099999999997
3.76531
3.7753099999999997
3.7953099999999997
3.81031
3.81031
3.8003099999999996
3.8003099999999996
3.78031
3.76031
3.74531
3.74031
3.72531
3.72531
3.72031
3.7103099999999998
3.70031
3.6953099999999997
3.6753099999999996
3.66031
3.64031
3.66031
3.70031
3.7103099999999998
3.75031
3.81031
3.8353099999999998
3.83031
3.81031
3.8003099999999996
3.80531
3.79031
3.7753099999999997
3.75031
3.7553099999999997
3.76531
3.7753099999999997
3.7953099999999997
3.79031
3.8353099999999998
3.89531
3.90531
3.95531
3.9653099999999997
3.99531
4.00531
4.060309999999999
4.1003099999999995
4.11031
4.09531
4.08531
4.09031
4.14531
4.21531
4.24031
4.28031
4.37531
4.4303099999999995
4.4303099999999995
4.40531
4.40531
4.41531
4.44531
4.44031
4.44531
4.4303099999999995
4.42031
4.39531
4.40031
4.435309999999999
4.4753099999999995
4.4753099999999995
4.51031
4.57031
4.61031
4.61031
4.58031
4.57531
4.57031
4.5553099999999995
4.560309999999999
4.53531
4.53031
4.51031
4.49531
4.4753099999999995
4.45531
4.44531
4.435309999999999
4.41531
4.40031
4.3903099999999995
4.36531
4.35531
4.34531
4.32531
4.310309999999999
4.31531
4.3053099999999995
4.31531
4.28531
4.27031
4.3053099999999995
4.32031
4.3503099999999995
4.36031
4.3503099999999995
4.3503099999999995
4.34531
4.33531
4.32031
4.31531
4.31531
4.32531
4.33031
4.33531
4.33031
4.310309999999999
4.310309999999999
4.3053099999999995
4.29531
4.29031
4.28531
4.28031
4.28031
4.28031
4.27031
4.2653099999999995
4.26031
4.25031
4.25031
4.23531
4.23031
4.2253099999999995
4.22031
4.22031
4.21031
4.21531
4.21531
4.21031
4.22031
4.22031
4.23531
4.2653099999999995
4.31531
4.32531
4.37031
4.42031
4.42531
4.42031
4.41531
4.40031
4.40531
4.40531
4.39531
4.38531
4.3903099999999995
4.38531
4.37531
4.37031
4.36031
4.36031
4.34031
4.33031
4.31531
4.32031
4.37031
4.48531
4.52531
4.57031
4.6803099999999995
4.79031
4.82531
4.810309999999999
4.83031
4.89531
4.91031
4.91031
4.92031
4.91531
4.95531
4.96031
4.95531
4.94031
4.92031
4.98031
4.99531
5.00531
5.03531
5.06531
5.11031
5.21031
5.28531
5.30031
5.38531
5.4753099999999995
5.57031
5.59531
5.57031
5.54031
5.52031
5.51031
5.51031
5.50031
5.48031
5.47031
5.44531
5.4303099999999995
5.44031
5.42531
5.42031
5.44531
5.46031
5.42531
5.39531
5.36031
5.33031
5.3053099999999995
5.28031
5.26031
5.2253099999999995
5.19531
5.17031
5.1403099999999995
5.11031
5.07531
5.0553099999999995
5.04031
5.01031
4.99031
4.97031
4.95031
4.92031
4.90031
4.87531
4.8503099999999995
4.88031
4.88031
4.88031
4.87531
4.89531
4.8903099999999995
4.92531
4.94031
4.9303099999999995
4.90531
4.88531
4.87031
4.86031
4.84031
4.8053099999999995
4.8053099999999995
4.79031
4.77531
4.75531
4.74031
4.74031
4.73531
4.7253099999999995
4.70531
4.685309999999999
4.67031
4.66031
4.65531
4.64531
4.63031
4.61031
4.6003099999999995
4.59031
4.58531
4.58031
4.58531
4.58531
4.560309999999999
4.5553099999999995
4.54031
4.5153099999999995
4.51031
4.52031
4.53031
4.54531
4.55031
4.5553099999999995
4.59531
4.61531
4.62531
4.61531
4.6003099999999995
4.58531
4.58531
4.57531
4.57031
4.5553099999999995
4.54031
4.53031
4.52031
4.50531
4.49031
4.48531
4.46531
4.45531
4.44531
4.4303099999999995
4.47031
4.49031
4.5153099999999995
4.50031
4.49531
4.48531
4.48031
4.4753099999999995
4.46531
4.46031
4.45531
4.46531
4.48031
4.49531
4.53531
4.560309999999999
4.560309999999999
4.54531
4.53031
4.52531
4.50531
4.49031
4.48531
4.48531
4.5553099999999995
4.69031
4.7653099999999995
4.78531
4.88031
4.98031
5.05031
5.06531
5.04531
5.04031
5.00531
5.02531
5.01031
5.02031
5.05031
5.03531
5.05031
5.03531
5.08031
5.22031
5.23531
5.30031
5.39531
5.45031
5.44531
5.41531
5.40031
5.38531
5.37031
5.34531
5.34531
5.3503099999999995
5.3503099999999995
5.36531
5.38031
5.37531
5.34531
5.30031
5.2653099999999995
5.2253099999999995
5.20031
5.1803099999999995
5.15531
5.17031
5.17031
5.17031
5.1403099999999995
5.11531
5.09531
5.11531
5.10531
5.11031
5.11531
5.11031
5.09031
5.08531
5.13031
5.13531
5.185309999999999
5.23031
5.23031
5.20031
5.16531
5.14531
5.13031
5.11531
5.10531
5.09031
5.10531
5.15531
5.16031
5.17531
5.21531
5.25531
5.23531
5.2253099999999995
5.26031
5.32531
5.33031
5.36031
5.4303099999999995
5.46531
5.46531
5.435309999999999
5.42531
5.41531
5.40031
5.38031
5.37031
5.34531
5.310309999999999
5.27531
5.24031
5.23031
5.23531
5.27031
5.27531
5.28031
5.34031
5.41031
5.44031
5.44031
5.41531
5.39531
5.3903099999999995
5.40531
5.44531
5.45531
5.45531
5.47031
5.45031
5.48531
5.48531
5.45531
5.45531
5.44031
5.42531
5.40531
5.38031
5.35531
5.33031
5.32031
5.29531
5.27531
5.27531
5.29031
5.27531
5.28031
5.30031
5.34531
5.36031
5.34031
5.31531
5.29531
5.29031
5.27531
5.29031
5.33531
5.33531
5.36531
5.40031
5.41031
5.39531
5.41531
5.4753099999999995
5.46531
5.48031
5.52531
5.56531
5.5553099999999995
5.53531
5.51031
5.49531
5.5153099999999995
5.55031
5.56531
5.57031
5.59031
5.63031
5.6403099999999995
5.62031
5.62031
5.60531
5.59531
5.58031
5.5553099999999995
5.53031
5.51031
5.49031
5.49031
5.50031
5.5153099999999995
5.51031
5.51031
5.62531
5.685309999999999
5.70531
5.79031
5.89531
5.98031
5.9753099999999995
6.00531
6.0553099999999995
6.05031
6.060309999999999
6.05031
6.03031
6.00531
5.99031
5.98031
5.97031
5.94031
5.91031
5.8903099999999995
5.87531
5.85531
5.84031
5.81531
5.810309999999999
5.79531
5.77531
5.76031
5.75031
5.7253099999999995
5.70531
5.69531
5.67531
5.66031
5.66031
5.66031
5.65531
5.70031
5.77531
5.78531
5.86031
5.92531
5.94531
5.9303099999999995
5.935309999999999
5.935309999999999
5.92531
5.91531
5.91031
5.91531
5.90531
5.88031
5.86031
5.84031
5.83531
5.84031
5.83031
5.82031
5.8053099999999995
5.78531
5.7653099999999995
5.77031
5.8053099999999995
5.83531
5.83031
5.87031
5.90531
5.92531
5.92031
5.96531
6.03531
6.03031
6.04531
6.0553099999999995
6.04031
6.02531
6.01031
5.99531
5.98031
5.96031
5.94531
5.94531
5.935309999999999
5.92531
5.92531
5.90531
5.89531
5.87531
5.85531
5.83531
5.82031
5.81531
5.810309999999999
5.81531
5.82531
5.83531
5.86531
5.85531
5.87531
5.86031
5.88031
5.90031
5.92531
5.90531
5.935309999999999
5.98531
5.98531
6.03031
6.060309999999999
6.06531
6.04031
6.02531
6.00531
6.02031
6.07031
6.1003099999999995
6.09531
6.12031
6.12531
6.14531
6.15031
6.11031
6.12031
6.16531
6.22031
6.21531
6.25031
6.29531
6.310309999999999
6.28531
6.29531
6.30031
6.28031
6.28031
6.29531
6.30031
6.30031
6.29031
6.27531
6.28531
6.34031
6.34531
6.34531
6.37531
6.38031
6.35531
6.32031
6.310309999999999
6.28531
6.26031
6.2253099999999995
6.19531
6.16531
6.13531
6.11531
6.09031
6.08031
6.0553099999999995
6.02531
6.00031
5.98031
5.96031
5.92531
5.91531
5.90031
5.88031
5.85531
5.83531
5.810309999999999
5.79031
5.7653099999999995
5.75531
5.74031
5.73031
5.74531
5.77031
5.7653099999999995
5.77531
5.78531
5.79031
5.77031
5.74531
5.74031
5.74031
5.74031
5.70531
5.6803099999999995
5.66531
5.6403099999999995
5.63031
5.59531
5.57531
5.55031
5.53031
5.51031
5.48531
5.47031
5.49531
5.50531
5.51031
5.55031
5.57031
5.56531
5.58531
5.58531
5.59031
5.57031
5.57531
5.560309999999999
5.560309999999999
5.55031
5.53031
5.52031
5.55031
5.57531
5.58031
5.62031
5.65531
5.67031
5.65031
5.62531
5.61031
5.59031
5.58531
5.57531
5.5553099999999995
5.54531
5.52031
5.50031
5.50031
5.53031
5.54031
5.52531
5.55031
5.54531
5.59031
5.685309999999999
5.72031
5.69031
5.70031
5.73031
5.7253099999999995
5.71031
5.71531
5.69031
5.66031
5.62531
5.59531
5.58531
5.57531
5.59531
5.62031
5.61031
5.62531
5.6403099999999995
5.62031
5.65531
5.6803099999999995
5.70031
5.77031
5.82031
5.83531
5.8053099999999995
5.78031
5.75531
5.74531
5.74031
5.75531
5.78531
5.7653099999999995
5.73531
5.7653099999999995
5.79531
5.77031
5.73031
5.69531
5.67531
5.65031
5.63531
5.6003099999999995
5.57031
5.54031
5.5153099999999995
5.49031
5.49531
5.53031
5.5153099999999995
5.54031
5.57531
5.59031
5.57531
5.53531
5.50031
5.47031
5.47031
5.45031
5.42031
5.42031
5.42531
5.41531
5.42031
5.41031
5.39531
5.38531
5.40031
5.435309999999999
5.46531
5.44031
5.435309999999999
5.45531
5.48031
5.46031
5.47031
5.48031
5.47031
5.45031
5.44531
5.51031
5.62531
5.6403099999999995
5.69531
5.77531
5.82531
5.84031
5.810309999999999
5.79031
5.79031
5.76031
5.7253099999999995
5.685309999999999
5.65031
5.63531
5.6003099999999995
5.58031
5.54031
5.52031
5.49531
5.5153099999999995
5.52531
5.52031
5.50031
5.47031
5.45531
5.47031
5.49531
5.4753099999999995
5.50531
5.53531
5.54031
5.5153099999999995
5.49031
5.45531
5.44031
5.41531
5.39531
5.36531
5.34031
5.33531
5.32531
5.310309999999999
5.28531
5.2653099999999995
5.24531
5.23531
5.20531
5.1803099999999995
5.16031
5.1403099999999995
5.12531
5.11531
5.10531
5.09031
5.07531
5.07031
5.0553099999999995
5.04531
5.02531
5.0153099999999995
5.01031
5.0153099999999995
4.99031
4.99531
4.96031
4.94531
4.94531
4.92531
4.91031
4.90031
4.88531
4.87031
4.86531
4.85531
4.84531
4.84031
4.8503099999999995
4.84031
4.83031
4.810309999999999
4.8053099999999995
4.80031
4.78531
4.77031
4.78031
4.77531
4.79031
4.8053099999999995
4.81531
4.82531
4.84531
4.88531
4.89531
4.88031
4.87531
4.86531
4.85531
4.84031
4.83031
4.82031
4.8053099999999995
4.79531
4.78531
4.78531
4.79531
4.78031
4.78531
4.77531
4.77031
4.76031
4.74531
4.73031
4.72031
4.71531
4.71031
4.70031
4.69031
4.69031
4.69031
4.69031
4.67531
4.67031
4.65531
4.64531
4.63031
4.62031
4.61031
4.61031
4.58531
4.57531
4.58531
4.62031
4.69531
4.70031
4.69531
4.73031
4.77531
4.82531
4.87531
4.89531
4.88531
4.90531
4.95531
4.95531
4.935309999999999
4.94031
4.92031
4.90531
4.8903099999999995
4.87031
4.87531
4.91531
4.92531
4.9303099999999995
4.935309999999999
4.92031
5.00031
5.16531
5.2253099999999995
5.27031
5.36031
5.435309999999999
5.45031
5.42031
5.39531
5.3903099999999995
5.38031
5.36031
5.34031
5.32031
5.28031
5.25031
5.23031
5.20031
5.16531
5.13031
5.10531
5.07531
5.04031
5.01031
4.98031
4.96031
4.94031
4.91031
4.87531
4.84531
4.81531
4.79031
4.77031
4.75531
4.77531
4.77031
4.80031
4.82031
4.810309999999999
4.78531
4.7653099999999995
4.74031
4.71531
4.69031
4.66531
4.64531
4.62531
4.6003099999999995
4.58531
4.5553099999999995
4.52531
4.50031
4.50031
4.57031
4.6403099999999995
4.65031
4.7253099999999995
4.79531
4.83531
4.8503099999999995
4.84031
4.82531
4.81531
4.84031
4.84531
4.85531
4.84531
4.81531
4.79531
4.79031
4.77531
4.75531
4.7253099999999995
4.69531
4.67031
4.64531
4.62531
4.65531
4.685309999999999
4.71031
4.7653099999999995
4.8053099999999995
4.77031
4.74031
4.71531
4.685309999999999
4.65531
4.6403099999999995
4.61031
4.59031
4.5553099999999995
4.53531
4.50031
4.4753099999999995
4.45531
4.4303099999999995
4.41031
4.38531
4.36531
4.34031
4.32531
4.30031
4.28031
4.26031
4.24031
4.21531
4.20031
4.185309999999999
4.17031
4.15531
4.14531
4.12531
4.11031
4.1003099999999995
4.08531
4.07031
4.0553099999999995
4.04531
4.03531
4.03031
4.02531
4.02531
4.01031
3.99531
3.9853099999999997
3.98031
3.9603099999999998
3.95031
3.93531
3.9253099999999996
3.93531
3.95531
3.95531
3.99031
4.00531
4.03531
4.09031
4.1003099999999995
4.1003099999999995
4.11531
4.12031
4.1003099999999995
4.12531
4.13031
4.13031
4.11531
4.1003099999999995
4.09031
4.09531
4.1403099999999995
4.20531
4.20531
4.24531
4.28531
4.29531
4.27531
4.27531
4.28531
4.30031
4.29031
4.27531
4.27031
4.27531
4.27031
4.25031
4.23531
4.22031
4.21531
4.23531
4.25531
4.24531
4.2653099999999995
4.30031
4.3053099999999995
4.3053099999999995
4.28031
4.27031
4.25031
4.24031
4.24531
4.28531
4.31531
4.32031
4.37031
4.40031
4.40031
4.38031
4.35531
4.34531
4.33031
4.31531
4.29031
4.27031
4.25031
4.2253099999999995
4.21031
4.19031
4.21031
4.21531
4.24531
4.2253099999999995
4.22031
4.21531
4.19031
4.17031
4.15031
4.12531
4.11031
4.09031
4.07031
4.0553099999999995
4.04031
4.02531
4.01031
4.00531
4.00531
3.99531
3.98031
3.9653099999999997
3.9653099999999997
3.95031
3.9403099999999998
3.9253099999999996
3.9003099999999997
3.88531
3.87531
3.87531
3.8603099999999997
3.85031
3.84531
3.8353099999999998
3.85031
3.84531
3.83031
3.8153099999999998
3.8003099999999996
3.79031
3.8003099999999996
3.83031
3.86531
3.8603099999999997
3.9203099999999997
3.99531
4.0153099999999995
3.99531
3.99531
3.9853099999999997
3.9853099999999997
3.98031
3.97531
3.95531
3.9403099999999998
3.9253099999999996
3.9203099999999997
3.90531
3.89031
3.95531
4.00031
3.99531
4.0553099999999995
4.10531
4.12531
4.11031
4.09031
4.13031
4.13031
4.13031
4.11531
4.1003099999999995
4.09531
4.1003099999999995
4.15531
4.1803099999999995
4.1803099999999995
4.2253099999999995
4.25531
4.25031
4.24531
4.23031
4.22031
4.23531
4.29531
4.310309999999999
4.3503099999999995
4.37531
4.37031
4.37031
4.4303099999999995
4.46531
4.44531
4.44531
4.44531
4.41531
4.39531
4.38531
4.36031
4.33031
4.3053099999999995
4.28031
4.2653099999999995
4.25031
4.24031
4.23031
4.20531
4.19031
4.17031
4.14531
4.12531
4.1003099999999995
4.09031
4.06531
4.04531
4.03031
4.03031
4.05031
4.0553099999999995
4.07031
4.1003099999999995
4.13031
4.14531
4.13531
4.12031
4.10531
4.09531
4.11531
4.19531
4.28531
4.30031
4.36531
4.44531
4.49031
4.49031
4.50031
4.49531
4.48531
4.49031
4.48031
4.48031
4.4753099999999995
4.46531
4.44031
4.42031
4.37531
4.37531
4.3503099999999995
4.32531
4.30031
4.27031
4.26031
4.23531
4.21531
4.20031
4.1803099999999995
4.16031
4.14531
4.13031
4.12531
4.11031
4.09531
4.08031
4.060309999999999
4.04531
4.03031
4.00031
3.99531
3.99031
3.99031
4.00531
3.99031
3.9853099999999997
3.99531
3.98031
3.9653099999999997
3.95031
3.9403099999999998
3.93031
3.9203099999999997
3.90531
3.9003099999999997
3.89031
3.88531
3.87531
3.86531
3.85031
3.8403099999999997
3.84531
3.8353099999999998
3.8203099999999997
3.81031
3.80531
3.79031
3.77031
3.76531
3.76031
3.76031
3.75031
3.74531
3.7553099999999997
3.7953099999999997
3.8203099999999997
3.84531
3.8403099999999997
3.8403099999999997
3.8353099999999998
3.8353099999999998
3.82531
3.81031
3.8003099999999996
3.7953099999999997
3.78031
3.78031
3.77031
3.76531
3.75031
3.74531
3.73031
3.72531
3.7153099999999997
3.70531
3.70031
3.6953099999999997
3.68531
3.68531
3.7153099999999997
3.7753099999999997
3.78531
3.83031
3.89531
3.9203099999999997
3.9003099999999997
3.90531
3.90531
3.89031
3.89031
3.8803099999999997
3.88531
3.87031
3.87531
3.87031
3.87531
3.9003099999999997
3.9203099999999997
3.9203099999999997
3.95531
3.9853099999999997
3.99031
3.98031
3.97031
3.95531
3.95031
3.93531
3.9253099999999996
3.90531
3.9003099999999997
3.87531
3.8603099999999997
3.85531
3.84531
3.82531
3.80531
3.7953099999999997
3.78031
3.77031
3.7553099999999997
3.74531
3.7753099999999997
3.8003099999999996
3.8203099999999997
3.80531
3.7953099999999997
3.79031
3.7753099999999997
3.76031
3.77031
3.75031
3.7353099999999997
3.76031
3.79031
3.78531
3.78031
3.835
3.91531
3.95531
3.95531
3.9403099999999998
3.93531
3.93531
3.9453099999999997
3.9653099999999997
3.97031
3.9853099999999997
3.99031
3.99531
4.0153099999999995
4.02531
4.00531
3.9853099999999997
3.97031
3.95031
3.95531
3.99031
4.01031
4.02031
4.08531
4.12031
4.12031
4.1003099999999995
4.13031
4.19531
4.20031
4.24031
4.26031
4.23531
4.21031
4.19531
4.1803099999999995
4.15031
4.13531
4.10531
4.08031
4.05031
4.02531
4.00031
3.97531
3.95031
3.9253099999999996
3.93531
3.9653099999999997
3.95531
3.99531
4.02531
4.04031
4.11531
4.1403099999999995
4.20531
4.2253099999999995
4.20031
4.17031
4.1403099999999995
4.12531
4.11531
4.10531
4.09531
4.09031
4.09031
4.06531
4.07031
4.11031
4.1003099999999995
4.11031
4.09531
4.07031
4.07031
4.10531
4.12531
4.13531
4.11531
4.10531
4.12031
4.12531
4.11531
4.08031
4.0553099999999995
4.03031
4.00531
3.9853099999999997
3.97031
3.9453099999999997
3.9253099999999996
3.9003099999999997
3.91031
3.90531
3.90531
3.89031
3.90531
3.9403099999999998
3.9453099999999997
3.93031
3.9003099999999997
3.9003099999999997
3.89531
3.88531
3.87031
3.85031
3.83031
3.81031
3.80531
3.79031
3.77031
3.7753099999999997
3.81031
3.83031
3.84531
3.87031
3.87031
3.88531
3.90531
3.9003099999999997
3.90531
3.93031
3.9453099999999997
3.93031
3.9253099999999996
3.93531
3.9403099999999998
3.9403099999999998
3.91031
3.89531
3.87531
3.87031
3.85031
3.8353099999999998
3.8353099999999998
3.8353099999999998
3.8403099999999997
3.83031
3.8153099999999998
3.8003099999999996
3.78531
3.78031
3.7753099999999997
3.78031
3.76531
3.76031
3.75031
3.74531
3.7353099999999997
3.76531
3.77031
3.7753099999999997
3.8003099999999996
3.82531
3.8153099999999998
3.81031
3.8003099999999996
3.7953099999999997
3.79031
3.78031
3.7753099999999997
3.76531
3.77031
3.76031
3.7553099999999997
3.74531
3.73031
3.72531
3.72031
3.7153099999999997
3.70531
3.70031
3.6953099999999997
3.6903099999999998
3.6703099999999997
3.6703099999999997
3.66531
3.65531
3.64531
3.64031
3.6303099999999997
3.62031
3.6103099999999997
3.6103099999999997
3.62031
3.62031
3.61531
3.63531
3.66031
3.70531
3.70031
3.70531
3.70531
3.70531
3.7103099999999998
3.70531
3.6953099999999997
3.68531
3.6753099999999996
3.68031
3.6753099999999996
3.68031
3.68531
3.6753099999999996
3.6703099999999997
3.66531
3.65531
3.6703099999999997
3.66031
3.64031
3.6503099999999997
3.63531
3.61531
3.61531
3.6103099999999997
3.60531
3.59531
3.5903099999999997
3.5853099999999998
3.5903099999999997
3.5853099999999998
3.58031
3.57531
3.57531
3.57531
3.5703099999999997
3.5653099999999998
3.56031
3.5453099999999997
3.54031
3.53031
3.52031
3.52031
3.50031
3.50031
3.50031
3.5053099999999997
3.54031
3.62031
3.6753099999999996
3.715
3.815
3.90531
3.95531
3.9603099999999998
3.9453099999999997
3.9653099999999997
4.02031
4.07031
4.06531
4.09531
4.10531
4.10531
4.09531
4.13031
4.1403099999999995
4.16031
4.1403099999999995
4.14531
4.15031
4.16031
4.16031
4.1403099999999995
4.11531
4.09531
4.08031
4.0553099999999995
4.03531
4.01031
3.9853099999999997
3.97031
3.95531
3.93531
3.91031
3.88531
3.86531
3.85031
3.83031
3.8153099999999998
3.7953099999999997
3.7753099999999997
3.76031
3.74531
3.73031
3.7153099999999997
3.70031
3.68531
3.6703099999999997
3.65531
3.6303099999999997
3.6303099999999997
3.61531
3.6103099999999997
3.62531
3.64531
3.64031
3.66531
3.6903099999999998
3.68031
3.66531
3.66531
3.6903099999999998
3.72531
3.7353099999999997
3.7553099999999997
3.78531
3.8003099999999996
3.78531
3.79031
3.83031
3.8803099999999997
3.8803099999999997
3.91531
3.95031
3.9603099999999998
3.9403099999999998
3.91531
3.88531
3.86531
3.85031
3.8403099999999997
3.8803099999999997
3.9003099999999997
3.90531
3.89031
3.87031
3.8603099999999997
3.8603099999999997
3.85031
3.8353099999999998
3.8153099999999998
3.78531
3.76531
3.74031
3.72531
3.70531
3.6903099999999998
3.66031
3.64531
3.62531
3.60031
3.5853099999999998
3.56031
3.5453099999999997
3.5253099999999997
3.5053099999999997
3.4853099999999997
3.47031
3.45531
3.43531
3.4203099999999997
3.40531
3.4003099999999997
3.39531
3.3803099999999997
3.37031
3.3603099999999997
3.34531
3.34531
3.33031
3.3153099999999998
3.3003099999999996
3.28531
3.2753099999999997
3.26031
3.25031
3.24031
3.2353099999999997
3.22531
3.2153099999999997
3.2153099999999997
3.20031
3.20031
3.1953099999999997
3.18031
3.1703099999999997
3.15531
3.14531
3.14531
3.14531
3.13531
3.12531
3.11531
3.10531
3.09531
3.09531
3.08031
3.08031
3.12031
3.14031
3.15531
3.1753099999999996
3.20531
3.20031
3.22031
3.2353099999999997
3.24031
3.24031
3.23031
3.23031
3.23031
3.22031
3.2103099999999998
3.1953099999999997
3.18531
3.18031
3.1703099999999997
3.14031
3.14031
3.14531
3.1303099999999997
3.12531
3.11531
3.09531
3.0853099999999998
3.07531
3.06031
3.0503099999999996
3.03531
3.0253099999999997
3.01531
3.01031
2.99531
2.99031
2.99
2.98031
2.97531
2.9653099999999997
2.9603099999999998
2.97031
2.97531
2.9653099999999997
2.97531
2.9853099999999997
2.99031
2.9853099999999997
2.97531
2.9603099999999998
2.95531
2.9403099999999998
2.9253099999999996
2.91531
2.90531
2.9003099999999997
2.88531
2.87531
2.86531
2.85531
2.84531
2.83031
2.8153099999999998
2.8153099999999998
2.81031
2.8203099999999997
2.80531
2.84531
2.86531
2.9003099999999997
2.89031
2.89031
2.89031
2.88531
2.8803099999999997
2.87031
2.8603099999999997
2.84531
2.83031
2.8203099999999997
2.81031
2.80531
2.7953099999999997
2.79031
2.7753099999999997
2.77031
2.77031
2.78531
2.8153099999999998
2.8203099999999997
2.87031
2.89031
2.91031
2.9003099999999997
2.9003099999999997
2.9003099999999997
2.89031
2.89031
2.8803099999999997
2.87531
2.87031
2.86531
2.85531
2.85031
2.8403099999999997
2.8203099999999997
2.8153099999999998
2.79031
2.79031
2.76531
2.75031
2.74531
2.72531
2.70531
2.6953099999999997
2.6903099999999998
2.68031
2.6703099999999997
2.6703099999999997
2.66531
2.65531
2.64031
2.62531
2.61531
2.60531
2.5903099999999997
2.5853099999999998
2.58031
2.5853099999999998
2.5853099999999998
2.57531
2.56031
2.56031
2.55531
2.58031
2.6103099999999997
2.61531
2.6503099999999997
2.70531
2.7103099999999998
2.74531
2.78531
2.80531
2.7953099999999997
2.78031
2.76531
2.7753099999999997
2.7953099999999997
2.82531
2.85531
2.84531
2.885
2.9603099999999998
2.9653099999999997
2.97531
2.9653099999999997
2.9853099999999997
2.99031
2.9653099999999997
2.95531
2.9453099999999997
2.93531
2.9203099999999997
2.91531
2.91031
2.89531
2.89031
2.86531
2.85031
2.83031
2.81031
2.79031
2.78031
2.74531
2.73031
2.7103099999999998
2.6903099999999998
2.68531
