2.1303099999999997
2.1303099999999997
2.15531
2.15531
2.1753099999999996
2.20531
2.2153099999999997
2.20031
2.1953099999999997
2.22031
2.2553099999999997
2.2553099999999997
2.2553099999999997
2.2553099999999997
2.2753099999999997
2.3353099999999998
2.35031
2.3403099999999997
2.34531
2.34531
2.36531
2.39531
2.45531
2.49031
2.47531
2.47531
2.52
2.58031
2.6103099999999997
2.59531
2.58031
2.56031
2.55531
2.55531
2.5503099999999996
2.53031
2.51531
2.50031
2.4853099999999997
2.47531
2.45031
2.43031
2.41531
2.39531
2.38531
2.36531
2.34531
2.32531
2.30531
2.2953099999999997
2.28031
2.2753099999999997
2.2553099999999997
2.24531
2.24031
2.22031
2.22031
2.22531
2.25031
2.2553099999999997
2.2753099999999997
2.3203099999999997
2.35531
2.35531
2.35031
2.3353099999999998
2.39531
2.41531
2.4403099999999998
2.43531
2.4403099999999998
2.45031
2.45031
2.4453099999999997
2.4403099999999998
2.4253099999999996
2.41531
2.39031
2.4003099999999997
2.38531
2.37031
2.36531
2.34531
2.3403099999999997
2.3353099999999998
2.33031
2.32531
2.3203099999999997
2.3153099999999998
2.31031
2.30531
2.31031
2.3003099999999996
2.2953099999999997
2.29031
2.28031
2.28031
2.28031
2.27031
2.29031
2.3203099999999997
2.36531
2.3803099999999997
2.43
2.4853099999999997
2.50031
2.4853099999999997
2.49031
2.51031
2.52031
2.53531
2.58031
2.6303099999999997
2.655
2.725
2.7753099999999997
2.79031
2.7753099999999997
2.76531
2.77031
2.77031
2.7753099999999997
2.77031
2.76531
2.80531
2.8603099999999997
2.85031
2.85031
2.8403099999999997
2.82531
2.83031
2.83031
2.91
2.95
3.02031
3.0653099999999998
3.06031
3.07531
3.1103099999999997
3.12531
3.1303099999999997
3.1303099999999997
3.12031
3.10531
3.0903099999999997
3.07531
3.06031
3.0503099999999996
3.03531
3.03031
3.0053099999999997
2.99031
2.98031
2.97031
2.9603099999999998
2.9453099999999997
2.9403099999999998
2.93531
2.9253099999999996
2.91031
2.9003099999999997
2.89031
2.87531
2.8803099999999997
2.8603099999999997
2.87031
2.86531
2.87031
2.87031
2.88531
2.89031
2.9253099999999996
2.97531
2.99531
2.99531
2.99031
2.99531
2.99031
2.9853099999999997
2.98031
2.99031
2.9853099999999997
2.9853099999999997
2.9853099999999997
2.99031
2.99031
3.00031
2.99531
3.0053099999999997
3.0053099999999997
2.99031
2.99031
3.00031
2.99031
2.99031
2.98031
2.97531
2.97531
2.9653099999999997
2.9653099999999997
3.01031
3.04031
3.08031
3.08031
3.0853099999999998
3.0903099999999997
3.0853099999999998
3.0853099999999998
3.0703099999999997
3.07531
3.0653099999999998
3.0703099999999997
3.06031
3.0703099999999997
3.06031
3.05531
3.0503099999999996
3.04031
3.03531
3.03031
3.0253099999999997
3.04031
3.05531
3.0653099999999998
3.05531
3.0503099999999996
3.0453099999999997
3.05531
3.0503099999999996
3.0503099999999996
3.0453099999999997
3.04031
3.04031
3.03531
3.03031
3.03031
3.03031
3.0253099999999997
3.0253099999999997
3.0253099999999997
3.03531
3.0253099999999997
3.0253099999999997
3.0253099999999997
3.0253099999999997
3.02031
3.01531
3.01531
3.02031
3.02031
3.02031
3.00031
3.01031
3.0053099999999997
3.00031
2.99531
3.00031
3.0053099999999997
3.03531
3.0853099999999998
3.10531
3.1303099999999997
3.18531
3.24531
3.26031
3.26031
3.2753099999999997
3.33031
3.3403099999999997
3.3403099999999997
3.32531
3.3153099999999998
3.31031
3.3003099999999996
3.29031
3.28531
3.2753099999999997
3.2753099999999997
3.27031
3.27031
3.25031
3.24531
3.24531
3.2353099999999997
3.22031
3.2103099999999998
3.20531
3.20531
3.1953099999999997
3.18531
3.1703099999999997
3.16031
3.14531
3.14031
3.1303099999999997
3.12031
3.1103099999999997
3.09531
3.0903099999999997
3.0853099999999998
3.0703099999999997
3.0703099999999997
3.07531
3.10531
3.14031
3.15531
3.20531
3.25031
3.2553099999999997
3.24031
3.23031
3.23031
3.24031
3.24031
3.24031
3.23031
3.23031
3.27031
3.31031
3.3003099999999996
3.30531
3.30531
3.30531
3.3603099999999997
3.4203099999999997
3.45031
3.4453099999999997
3.4253099999999996
3.4253099999999996
3.43031
3.45531
3.4853099999999997
3.51031
3.49031
3.49531
3.56031
3.5853099999999998
3.57531
3.5703099999999997
3.5703099999999997
3.5703099999999997
3.5653099999999998
3.5853099999999998
3.6103099999999997
3.6303099999999997
3.63531
3.6753099999999996
3.70031
3.6903099999999998
3.66531
3.6903099999999998
3.72531
3.72031
3.76031
3.7753099999999997
3.76031
3.74531
3.72531
3.7153099999999997
3.70031
3.66531
3.64031
3.63531
3.6103099999999997
3.60031
3.63531
3.64031
3.64031
3.6753099999999996
3.68531
3.6703099999999997
3.64531
3.62531
3.6103099999999997
3.59531
3.5853099999999998
3.57531
3.5503099999999996
3.5253099999999997
3.51531
3.50031
3.48031
3.47031
3.45031
3.4253099999999996
3.4003099999999997
3.38531
3.36531
3.35531
3.3403099999999997
3.33031
3.32531
3.30531
3.3003099999999996
3.3353099999999998
3.35031
3.37531
3.41031
3.41531
3.4203099999999997
3.50031
3.54031
3.60531
3.66531
3.68531
3.6703099999999997
3.65531
3.66031
3.66531
3.6503099999999997
3.62531
3.60531
3.58031
3.55531
3.53531
3.53531
3.52031
3.50031
3.48031
3.47031
3.4603099999999998
3.4403099999999998
3.4203099999999997
3.41531
3.39031
3.3603099999999997
3.3603099999999997
3.34531
3.3403099999999997
3.33031
3.32531
3.31031
3.2953099999999997
3.29031
3.28531
3.28031
3.28031
3.27031
3.26531
3.26031
3.26031
3.26531
3.29031
3.3153099999999998
3.3203099999999997
3.3603099999999997
3.39031
3.38531
3.3803099999999997
3.36531
3.35031
3.3353099999999998
3.33031
3.3203099999999997
3.30531
3.31031
3.3603099999999997
3.4403099999999998
3.45531
3.53031
3.5903099999999997
3.59531
3.5853099999999998
3.58031
3.5653099999999998
3.5703099999999997
3.57531
3.62031
3.63531
3.6703099999999997
3.6753099999999996
3.6703099999999997
3.6703099999999997
3.6703099999999997
3.6703099999999997
3.6753099999999996
3.6703099999999997
3.66031
3.64531
3.6303099999999997
3.62031
3.6103099999999997
3.60031
3.5853099999999998
3.5853099999999998
3.57531
3.56031
3.5503099999999996
3.5453099999999997
3.54031
3.53031
3.5253099999999997
3.51531
3.5053099999999997
3.5053099999999997
3.5053099999999997
3.49531
3.48031
3.47531
3.47531
3.49531
3.4853099999999997
3.4853099999999997
3.49031
3.4853099999999997
3.4853099999999997
3.4853099999999997
3.49031
3.4853099999999997
3.4853099999999997
3.48031
3.47531
3.49031
3.53031
3.5453099999999997
3.5703099999999997
3.62031
3.66531
3.66031
3.65531
3.64531
3.64031
3.63531
3.63531
3.64031
3.65531
3.68031
3.7103099999999998
3.7153099999999997
3.76531
3.81031
3.8353099999999998
3.83031
3.8603099999999997
3.9453099999999997
3.99531
4.04031
4.10531
4.12031
4.10531
4.14531
4.21531
4.2253099999999995
4.25031
4.29031
4.30031
4.27531
4.25531
4.23031
4.22031
4.23531
4.29031
4.31531
4.29531
4.3053099999999995
4.30031
4.36031
4.4303099999999995
4.48531
4.49531
4.46531
4.44531
4.45031
4.49031
4.48031
4.50531
4.50531
4.48531
4.46531
4.46031
4.48531
4.50031
4.50031
4.52031
4.52031
4.50031
4.49031
4.48031
4.45531
4.4303099999999995
4.42531
4.41031
4.41031
4.39531
4.36031
4.34031
4.32531
4.30031
4.28031
4.25031
4.25531
4.23531
4.21031
4.19531
4.1803099999999995
4.16031
4.16031
4.16531
4.15031
4.13531
4.13531
4.15031
4.16531
4.1803099999999995
4.16531
4.14531
4.13031
4.12031
4.11031
4.1003099999999995
4.08531
4.07031
4.060309999999999
4.07531
4.1003099999999995
4.12531
4.12031
4.16531
4.21031
4.21031
4.185309999999999
4.20031
4.19031
4.19031
4.1803099999999995
4.19531
4.23531
4.25531
4.3053099999999995
4.36531
4.38531
4.38531
4.36531
4.35531
4.34031
4.34531
4.34031
4.33031
4.32531
4.310309999999999
4.30031
4.3053099999999995
4.30031
4.30031
4.27531
4.2653099999999995
4.24531
4.25031
4.24531
4.25031
4.25031
4.24531
4.2653099999999995
4.3053099999999995
4.310309999999999
4.310309999999999
4.3053099999999995
4.31531
4.34031
4.41031
4.45531
4.44531
4.47031
4.48031
4.49531
4.50531
4.49031
4.4753099999999995
4.49031
4.50531
4.52031
4.51031
4.53531
4.54031
4.52031
4.50531
4.49031
4.4753099999999995
4.45531
4.4303099999999995
4.42031
4.40531
4.39531
4.38531
4.39531
4.4303099999999995
4.44531
4.45531
4.49031
4.53531
4.53031
4.560309999999999
4.58531
4.58031
4.57031
4.62031
4.65031
4.69031
4.78031
4.8503099999999995
4.86531
4.8503099999999995
4.82531
4.810309999999999
4.78531
4.78531
4.79031
4.78031
4.76031
4.77531
4.74531
4.72031
4.71531
4.70531
4.6803099999999995
4.6803099999999995
4.66031
4.6403099999999995
4.62031
4.6003099999999995
4.59031
4.58031
4.5553099999999995
4.53531
4.52031
4.49031
4.48531
4.4753099999999995
4.49531
4.51031
4.52031
4.560309999999999
4.58531
4.59531
4.58531
4.63531
4.63531
4.63031
4.69031
4.71031
4.7653099999999995
4.8053099999999995
4.79031
4.77031
4.74531
4.74531
4.74031
4.74031
4.7653099999999995
4.810309999999999
4.8053099999999995
4.82031
4.84531
4.8503099999999995
4.83031
4.810309999999999
4.79531
4.77031
4.75531
4.74531
4.7253099999999995
4.70531
4.685309999999999
4.66531
4.64531
4.63031
4.61031
4.59031
4.56531
4.54531
4.53031
4.5153099999999995
4.49531
4.48531
4.46531
4.44531
4.4303099999999995
4.41531
4.41531
4.40031
4.38531
4.36531
4.36031
4.33531
4.32531
4.32031
4.31531
4.3053099999999995
4.29531
4.28531
4.27031
4.26031
4.25531
4.25031
4.25031
4.23531
4.21031
4.2253099999999995
4.22031
4.21031
4.20531
4.20031
4.23031
4.27031
4.29531
4.29531
4.3053099999999995
4.3053099999999995
4.29531
4.28031
4.28031
4.29031
4.32531
4.32531
4.3503099999999995
4.3903099999999995
4.38531
4.37031
4.36531
4.36031
4.3503099999999995
4.36531
4.36031
4.34531
4.32531
4.310309999999999
4.3053099999999995
4.29031
4.28531
4.27031
4.25531
4.25531
4.25031
4.24531
4.24031
4.22031
4.21531
4.21031
4.19531
4.1803099999999995
4.17531
4.17031
4.17031
4.16031
4.17031
4.20031
4.24531
4.24531
4.28031
4.310309999999999
4.33031
4.32031
4.30031
4.28031
4.26031
4.24531
4.23531
4.2253099999999995
4.20031
4.19031
4.17031
4.16031
4.14531
4.13031
4.12531
4.11531
4.1003099999999995
4.09031
4.11031
4.19531
4.21031
4.27031
4.310309999999999
4.32031
4.29031
4.28531
4.33031
4.40531
4.40031
4.46531
4.51031
4.49031
4.50031
4.52531
4.49031
4.46531
4.46531
4.44031
4.435309999999999
4.48031
4.48531
4.46531
4.45531
4.44531
4.435309999999999
4.41531
4.3903099999999995
4.37031
4.3503099999999995
4.3503099999999995
4.3903099999999995
4.38531
4.41531
4.45031
4.45531
4.46531
4.46031
4.44531
4.49031
4.54531
4.53031
4.560309999999999
4.60531
4.6003099999999995
4.58531
4.560309999999999
4.53031
4.50531
4.48531
4.48031
4.47031
4.4753099999999995
4.44531
4.435309999999999
4.40031
4.37531
4.36531
4.37531
4.40531
4.42531
4.40531
4.45031
4.52031
4.56531
4.54531
4.56531
4.60531
4.58531
4.59531
4.59531
4.57031
4.55031
4.53031
4.51031
4.50031
4.50031
4.4753099999999995
4.46031
4.44031
4.41031
4.38031
4.35531
4.33531
4.29531
4.27531
4.27031
4.2653099999999995
4.28531
4.28531
4.27031
4.25031
4.24031
4.2253099999999995
4.20031
4.185309999999999
4.16531
4.14531
4.12031
4.10531
4.1003099999999995
4.10531
4.07031
4.0553099999999995
4.04531
4.02531
3.99531
3.99031
3.97031
3.9653099999999997
3.9453099999999997
3.9253099999999996
3.91531
3.9003099999999997
3.88531
3.87031
3.85531
3.84531
3.8353099999999998
3.8203099999999997
3.8153099999999998
3.81031
3.83031
3.9203099999999997
3.93531
4.00531
4.09031
4.12531
4.13031
4.11531
4.12031
4.11531
4.1003099999999995
4.12531
4.14531
4.15531
4.16531
4.15031
4.13031
4.13531
4.11531
4.1003099999999995
4.09031
4.08031
4.08531
4.12031
4.16531
4.16531
4.20531
4.26031
4.29031
4.28531
4.2653099999999995
4.2653099999999995
4.26031
4.26031
4.24031
4.22031
4.19531
4.1803099999999995
4.16031
4.15031
4.13531
4.12031
4.11031
4.12031
4.09531
4.07531
4.06531
4.0553099999999995
4.04531
4.04031
4.03531
4.02031
4.01031
3.99531
3.99531
4.00031
3.99531
3.9853099999999997
3.9853099999999997
3.9853099999999997
3.99531
3.99031
3.9853099999999997
4.00531
4.04031
4.04031
4.07531
4.1403099999999995
4.14531
4.13531
4.13031
4.11031
4.12031
4.10531
4.09531
4.09031
4.08531
4.07031
4.11031
4.13031
4.15531
4.15031
4.19531
4.24531
4.24531
4.24531
4.23031
4.25031
4.30031
4.33031
4.32531
4.310309999999999
4.310309999999999
4.31531
4.310309999999999
4.3053099999999995
4.30031
4.28031
4.27031
4.25031
4.23031
4.21031
4.19531
4.17531
4.15531
4.1403099999999995
4.12531
4.10531
4.1003099999999995
4.08531
4.07531
4.060309999999999
4.04531
4.03531
4.02031
4.01031
3.99531
3.9853099999999997
3.98031
3.97031
3.9653099999999997
3.95531
3.9453099999999997
3.93531
3.9203099999999997
3.91031
3.9003099999999997
3.89531
3.88531
3.88531
3.87031
3.86531
3.86531
3.8603099999999997
3.8603099999999997
3.85531
3.85531
3.8603099999999997
3.91531
4.03531
4.1003099999999995
4.1403099999999995
4.25031
4.33531
4.34531
4.41031
4.4303099999999995
4.46531
4.48531
4.46531
4.44031
4.42531
4.42531
4.40531
4.45031
4.48531
4.48031
4.50531
4.52531
4.5153099999999995
4.50531
4.50031
4.48031
4.46031
4.435309999999999
4.42031
4.41031
4.38531
4.37531
4.36031
4.38031
4.39531
4.38531
4.40531
4.39531
4.40531
4.45531
4.48531
4.48031
4.44031
4.42031
4.39531
4.37031
4.35531
4.35531
4.37531
4.41031
4.40531
4.42031
4.44531
4.42531
4.46031
4.48531
4.45531
4.41531
4.435309999999999
4.48531
4.51031
4.52531
4.50031
4.4753099999999995
4.45031
4.435309999999999
4.4303099999999995
4.42031
4.39531
4.38531
4.36031
4.34531
4.34031
4.32031
4.3053099999999995
4.36531
4.37031
4.38531
4.41531
4.435309999999999
4.42531
4.40031
4.38531
4.38031
4.36031
4.34031
4.31531
4.30031
4.29531
4.27531
4.2653099999999995
4.26031
4.24031
4.23031
4.25531
4.25031
4.27531
4.29031
4.29031
4.27531
4.2653099999999995
4.23531
4.23031
4.25031
4.32031
4.34031
4.37531
4.44531
4.47031
4.46531
4.44031
4.4303099999999995
4.41031
4.41031
4.42031
4.40031
4.38531
4.36531
4.3503099999999995
4.33031
4.3053099999999995
4.29031
4.2653099999999995
4.24531
4.21031
4.20531
4.17531
4.1803099999999995
4.17031
4.15031
4.14531
4.13531
4.11031
4.1003099999999995
4.08031
4.06531
4.0553099999999995
4.05031
4.04531
4.03031
4.060309999999999
4.1003099999999995
4.12031
4.17531
4.24531
4.29031
4.29031
4.2653099999999995
4.29031
4.30031
4.30031
4.28031
4.27531
4.2653099999999995
4.24531
4.23531
4.2253099999999995
4.21531
4.21031
4.19031
4.17531
4.16531
4.15031
4.13531
4.13031
4.11031
4.11031
4.10531
4.09531
4.08031
4.07031
4.0553099999999995
4.04531
4.03031
4.01031
4.00031
3.99031
3.9853099999999997
3.97031
3.9603099999999998
3.95531
3.95031
3.9453099999999997
3.9453099999999997
3.9403099999999998
3.9403099999999998
3.9403099999999998
3.93531
3.93031
3.9253099999999996
3.89531
3.91031
3.91031
3.89531
3.89031
3.87531
3.87031
3.86531
3.85531
3.85531
3.85031
3.84531
3.85031
3.85031
3.85031
3.8403099999999997
3.8353099999999998
3.83031
3.83031
3.87031
3.89531
3.9253099999999996
3.91531
3.9203099999999997
3.9253099999999996
3.93031
3.9203099999999997
3.91531
3.90531
3.89531
3.88531
3.87531
3.86531
3.85031
3.8403099999999997
3.82531
3.81031
3.81031
3.80531
3.8003099999999996
3.79031
3.78031
3.78531
3.78031
3.77031
3.7553099999999997
3.74031
3.74031
3.73031
3.73031
3.73031
3.72031
3.74531
3.8203099999999997
3.91531
3.93031
4.01031
4.09031
4.12531
4.15031
4.16531
4.16031
4.16031
4.20531
4.27031
4.29531
4.29031
4.310309999999999
4.310309999999999
4.30031
4.27031
4.25031
4.23031
4.21531
4.20031
4.1803099999999995
4.16531
4.13531
4.11031
4.08531
4.07531
4.0553099999999995
4.05031
4.05031
4.03531
4.03531
4.06531
4.060309999999999
4.08531
4.09031
4.06531
4.0553099999999995
4.03531
4.03031
4.01031
3.98031
3.9653099999999997
3.95031
3.97531
4.02031
4.04531
4.02531
4.060309999999999
4.13531
4.19531
4.24031
4.21531
4.22031
4.23031
4.22031
4.20031
4.19031
4.17031
4.13031
4.11531
4.09531
4.0553099999999995
4.03531
4.01031
3.9853099999999997
3.97531
3.9653099999999997
3.9453099999999997
3.9203099999999997
3.9003099999999997
3.88531
3.87031
3.8603099999999997
3.8603099999999997
3.85031
3.8353099999999998
3.8203099999999997
3.7953099999999997
3.7753099999999997
3.76531
3.76531
3.7953099999999997
3.8003099999999996
3.8603099999999997
3.9203099999999997
3.93531
3.91531
3.9003099999999997
3.89531
3.8803099999999997
3.85531
3.8353099999999998
3.8203099999999997
3.8153099999999998
3.79031
3.77031
3.75031
3.7553099999999997
3.7753099999999997
3.8003099999999996
3.80531
3.79031
3.79031
3.7753099999999997
3.77031
3.76031
3.74531
3.74031
3.72531
3.7153099999999997
3.6903099999999998
3.6753099999999996
3.65531
3.64031
3.62531
3.6103099999999997
3.59531
3.5853099999999998
3.5853099999999998
3.5503099999999996
3.5503099999999996
3.5453099999999997
3.5253099999999997
3.52031
3.50031
3.4853099999999997
3.47531
3.4603099999999998
3.45031
3.4453099999999997
3.43031
3.41031
3.40531
3.39031
3.38531
3.37531
3.36531
3.3603099999999997
3.34531
3.33031
3.32531
3.3203099999999997
3.3003099999999996
3.2953099999999997
3.29031
3.29031
3.29031
3.30531
3.34531
3.36531
3.39
3.4453099999999997
3.47031
3.47031
3.4603099999999998
3.4453099999999997
3.4403099999999998
3.45031
3.45031
3.4603099999999998
3.45031
3.45531
3.45031
3.49031
3.53031
3.55531
3.62531
3.6703099999999997
3.6753099999999996
3.70531
3.79031
3.79031
3.8603099999999997
3.9253099999999996
3.95531
3.9603099999999998
4.02531
4.06531
4.06531
4.09531
4.1003099999999995
4.08031
4.07031
4.04531
4.02531
4.00531
3.99031
3.98031
3.97031
3.95531
3.9603099999999998
3.99531
4.00031
4.0153099999999995
4.060309999999999
4.09031
4.08531
4.07031
4.04531
4.02531
4.01031
3.99031
3.9603099999999998
3.9403099999999998
3.93031
3.90531
3.8603099999999997
3.85531
3.84531
3.8353099999999998
3.8203099999999997
3.83031
3.8403099999999997
3.8403099999999997
3.87031
3.91031
3.93531
3.93531
3.91531
3.9003099999999997
3.89031
3.88531
3.8803099999999997
3.87531
3.86531
3.85031
3.82531
3.8203099999999997
3.8003099999999996
3.8003099999999996
3.78031
3.79031
3.8003099999999996
3.8353099999999998
3.8353099999999998
3.8153099999999998
3.8203099999999997
3.8203099999999997
3.8603099999999997
3.91031
3.91031
3.965
4.0153099999999995
4.02531
4.00031
3.98031
3.9603099999999998
3.9453099999999997
3.93031
3.91031
3.9003099999999997
3.89031
3.89031
3.8803099999999997
3.87031
3.86531
3.85531
3.8803099999999997
3.90531
3.89531
3.91031
3.9003099999999997
3.89531
3.87531
3.90531
3.97531
4.01031
4.02031
3.99531
3.99031
3.99031
4.00031
4.0153099999999995
4.00531
4.00031
3.99031
3.98031
3.98031
3.99531
4.03031
4.03531
4.07031
4.12531
4.14531
4.14531
4.12531
4.11531
4.11031
4.10531
4.1003099999999995
4.08531
4.07531
4.06531
4.05031
4.02531
4.01031
4.00031
3.9853099999999997
4.01031
4.02531
4.04531
4.0553099999999995
4.04531
4.04031
4.04031
4.03531
4.03031
4.02531
4.0153099999999995
4.01031
3.99531
3.99031
3.97031
3.95531
3.95031
3.93031
3.9203099999999997
3.91531
3.91031
3.90531
3.89531
3.89031
3.89531
3.9003099999999997
3.88531
3.88531
3.87531
3.87031
3.8603099999999997
3.8603099999999997
3.8603099999999997
3.85031
3.85031
3.85031
3.84531
3.8403099999999997
3.82531
3.82531
3.81031
3.80531
3.8003099999999996
3.7953099999999997
3.79031
3.78031
3.7753099999999997
3.77031
3.76031
3.75031
3.74031
3.7353099999999997
3.72531
3.72031
3.7353099999999997
3.79031
3.81031
3.86531
3.90531
3.91531
3.90531
3.9003099999999997
3.89531
3.88531
3.87531
3.8803099999999997
3.87031
3.90531
3.9253099999999996
3.97031
3.9603099999999998
3.95531
3.95531
3.9653099999999997
3.9603099999999998
3.9453099999999997
3.9453099999999997
3.9603099999999998
3.95531
3.9453099999999997
3.9403099999999998
3.93031
3.9203099999999997
3.91031
3.89531
3.88531
3.87031
3.87531
3.88531
3.87531
3.87531
3.89031
3.88531
3.87031
3.8603099999999997
3.85031
3.8353099999999998
3.83031
3.8203099999999997
3.81031
3.8003099999999996
3.79031
3.7753099999999997
3.76031
3.75031
3.73031
3.72531
3.7103099999999998
3.70531
3.6953099999999997
3.68531
3.6703099999999997
3.66531
3.65531
3.64531
3.6503099999999997
3.6503099999999997
3.64531
3.63531
3.6303099999999997
3.62031
3.61531
3.63531
3.6903099999999998
3.70031
3.72531
3.78031
3.79031
3.7753099999999997
3.7553099999999997
3.74531
3.7353099999999997
3.72031
3.7103099999999998
3.74031
3.7553099999999997
3.77031
3.76531
3.76031
3.76031
3.7553099999999997
3.74031
3.73031
3.7153099999999997
3.70531
3.68531
3.6753099999999996
3.66031
3.64531
3.6303099999999997
3.61531
3.59531
3.58031
3.5703099999999997
3.55531
3.54031
3.52031
3.5053099999999997
3.49031
3.4653099999999997
3.45531
3.4403099999999998
3.43031
3.41031
3.4003099999999997
3.39031
3.3803099999999997
3.37531
3.35031
3.3353099999999998
3.32531
3.31031
3.30531
3.29031
3.28031
3.26531
3.25031
3.26031
3.3003099999999996
3.34531
3.35531
3.40531
3.45531
3.47531
3.45531
3.4403099999999998
3.4253099999999996
3.41031
3.39531
3.37531
3.36531
3.3403099999999997
3.35031
3.3403099999999997
3.32531
3.31031
3.29031
3.27031
3.26031
3.25031
3.2553099999999997
3.26531
3.31031
3.3403099999999997
3.3353099999999998
3.33031
3.3153099999999998
3.3003099999999996
3.28031
3.2753099999999997
3.2553099999999997
3.24031
3.2153099999999997
3.18531
3.18531
3.1753099999999996
3.1503099999999997
3.14031
3.1303099999999997
3.1103099999999997
3.0853099999999998
3.08031
3.06031
3.0503099999999996
3.04031
3.03031
3.01531
3.00031
2.9853099999999997
2.97031
2.95031
2.93531
2.9203099999999997
2.91531
2.9003099999999997
2.89031
2.8803099999999997
2.87531
2.87031
2.87031
2.86531
2.86531
2.85531
2.8403099999999997
2.8403099999999997
2.8403099999999997
2.83031
2.82531
2.8153099999999998
2.80531
2.7953099999999997
2.78031
2.78531
2.77031
2.77031
2.76031
2.7553099999999997
2.7353099999999997
2.72031
2.7103099999999998
2.70031
2.70031
2.6753099999999996
2.66531
2.64531
2.64031
2.62531
2.64031
2.70531
2.6953099999999997
2.72531
2.77
2.7953099999999997
2.78531
2.80531
2.8403099999999997
2.87031
2.87
2.88531
2.89531
2.86531
2.88531
2.89031
2.88531
2.87031
2.8603099999999997
2.85531
2.85031
2.8353099999999998
2.82531
2.81031
2.7953099999999997
2.78031
2.76031
2.74031
2.72531
2.7153099999999997
2.76531
2.8203099999999997
2.84
2.91
2.9653099999999997
2.98031
2.95531
2.98031
3.0253099999999997
3.01531
3.0253099999999997
3.03531
3.04031
3.03031
3.01031
3.0053099999999997
3.01031
3.03531
3.03031
3.01531
3.02031
3.03531
3.04031
3.0253099999999997
3.00031
2.97531
2.95531
2.9453099999999997
2.93031
2.91531
2.89031
2.87031
2.8603099999999997
2.85031
2.8403099999999997
2.8203099999999997
2.80531
2.8153099999999998
2.83031
2.8603099999999997
2.87031
2.85531
2.8353099999999998
2.8203099999999997
2.8003099999999996
2.78531
2.79031
2.77031
2.7553099999999997
2.74531
2.72531
2.72531
2.70031
2.68531
2.6703099999999997
2.66031
2.6503099999999997
2.63531
2.62031
2.62031
2.60031
2.5903099999999997
2.58031
2.5703099999999997
2.56031
2.5503099999999996
2.54031
2.53031
2.52031
2.5253099999999997
2.50031
2.49031
2.49031
2.48031
2.4653099999999997
