4.05031
4.0553099999999995
4.07031
4.08531
4.07031
4.06531
4.06531
4.06531
4.08031
4.12531
4.1803099999999995
4.19031
4.25031
4.310309999999999
4.31531
4.28031
4.25531
4.23031
4.21031
4.19
4.17531
4.15531
4.15531
4.185309999999999
4.2253099999999995
4.21031
4.21031
4.185309999999999
4.17531
4.23031
4.28031
4.27031
4.310309999999999
4.40031
4.41531
4.44531
4.51031
4.55031
4.54031
4.51031
4.50531
4.48031
4.46531
4.46531
4.45031
4.42531
4.40031
4.38531
4.3503099999999995
4.33031
4.31531
4.32031
4.36031
4.36531
4.40031
4.45031
4.46531
4.44531
4.44531
4.41531
4.3903099999999995
4.37031
4.34531
4.32531
4.3053099999999995
4.28531
4.27031
4.26031
4.25031
4.23531
4.22031
4.21031
4.19531
4.19031
4.21031
4.25531
4.26
4.310309999999999
4.3503099999999995
4.34531
4.33031
4.33031
4.33531
4.36531
4.39531
4.41031
4.42
4.46531
4.50031
4.5153099999999995
4.50031
4.49031
4.4753099999999995
4.46531
4.46031
4.50531
4.50531
4.49531
4.50531
4.49531
4.53
4.53031
4.54031
4.59531
4.605
4.65031
4.685309999999999
4.7253099999999995
4.72031
4.71531
4.71031
4.69531
4.685309999999999
4.66531
4.65031
4.6403099999999995
4.63031
4.60531
4.59031
4.57531
4.5553099999999995
4.54531
4.53031
4.52531
4.52031
4.50031
4.48531
4.47031
4.46531
4.45031
4.44531
4.44031
4.42531
4.4303099999999995
4.42531
4.40531
4.39531
4.3903099999999995
4.38031
4.37531
4.37031
4.36031
4.35531
4.3503099999999995
4.38531
4.48031
4.53531
4.560309999999999
4.65531
4.74031
4.77531
4.80031
4.78531
4.78531
4.78531
4.79031
4.79531
4.78531
4.78031
4.77031
4.76031
4.76031
4.79031
4.810309999999999
4.82531
4.81531
4.810309999999999
4.79531
4.79031
4.810309999999999
4.86531
4.85531
4.8903099999999995
4.94
4.95531
4.94531
4.98031
5.0553099999999995
5.07031
5.12531
5.185309999999999
5.20531
5.19031
5.16531
5.16031
5.16031
5.15531
5.14531
5.13531
5.11531
5.10531
5.08531
5.060309999999999
5.03531
5.06531
5.10531
5.12031
5.11031
5.10531
5.16531
5.23031
5.2653099999999995
5.26031
5.24031
5.24031
5.24531
5.24531
5.23531
5.22031
5.21031
5.21531
5.19531
5.1803099999999995
5.21031
5.22031
5.23031
5.27531
5.29031
5.29031
5.27031
5.25031
5.26031
5.25531
5.28031
5.29531
5.28031
5.310309999999999
5.36531
5.40531
5.42031
5.48531
5.53531
5.52531
5.54531
5.58031
5.57031
5.55031
5.58031
5.61031
5.62031
5.62531
5.6003099999999995
5.58031
5.560309999999999
5.54531
5.5553099999999995
5.57031
5.58031
5.57031
5.60531
5.62531
5.60531
5.58531
5.55031
5.52531
5.51031
5.52531
5.55031
5.5553099999999995
5.58031
5.62031
5.65031
5.65531
5.64531
5.61531
5.6003099999999995
5.57531
5.57031
5.55031
5.52531
5.51031
5.49531
5.46531
5.44031
5.42031
5.40531
5.3903099999999995
5.37031
5.36531
5.3503099999999995
5.32531
5.29531
5.27531
5.25531
5.25031
5.28031
5.27031
5.310309999999999
5.33531
5.33531
5.31531
5.30031
5.3053099999999995
5.29531
5.3053099999999995
5.38031
5.41531
5.46531
5.53031
5.5553099999999995
5.53531
5.53031
5.50031
5.49531
5.46031
5.45031
5.4303099999999995
5.40531
5.3903099999999995
5.36531
5.3503099999999995
5.34031
5.31531
5.29531
5.28531
5.310309999999999
5.37031
5.41031
5.41031
5.41031
5.4303099999999995
5.52031
5.61531
5.66031
5.6403099999999995
5.6403099999999995
5.65031
5.6803099999999995
5.73531
5.76031
5.74031
5.78531
5.81531
5.8053099999999995
5.78531
5.78531
5.79031
5.7653099999999995
5.74531
5.7253099999999995
5.74531
5.810309999999999
5.83031
5.81531
5.85531
5.90031
5.88531
5.86031
5.86531
5.88031
5.87031
5.83531
5.810309999999999
5.78531
5.76031
5.74531
5.74531
5.77531
5.79031
5.78031
5.79031
5.82531
5.82531
5.82531
5.8503099999999995
5.83031
5.83031
5.87531
5.92031
5.92531
5.935309999999999
5.97031
5.97031
5.97031
5.95531
5.92031
5.89531
5.88031
5.86531
5.83031
5.810309999999999
5.810309999999999
5.83031
5.8503099999999995
5.82031
5.80031
5.78031
5.81531
5.84531
5.84531
5.88531
5.935309999999999
5.94031
6.02031
6.09031
6.09531
6.06531
6.07531
6.09031
6.11531
6.15531
6.14531
6.13531
6.1403099999999995
6.15031
6.12031
6.10531
6.1003099999999995
6.10531
6.1403099999999995
6.185309999999999
6.20531
6.185309999999999
6.2253099999999995
6.3053099999999995
6.37031
6.37531
6.34531
6.31531
6.32531
6.36031
6.36531
6.34031
6.3053099999999995
6.28531
6.27031
6.24531
6.2653099999999995
6.29031
6.29031
6.27031
6.24531
6.2253099999999995
6.23531
6.21531
6.20031
6.21531
6.20031
6.185309999999999
6.16531
6.14531
6.12531
6.1003099999999995
6.09531
6.11031
6.10531
6.10531
6.09031
6.09031
6.11031
6.11531
6.1003099999999995
6.12531
6.16031
6.16031
6.15531
6.20531
6.25531
6.28031
6.28031
6.25031
6.24031
6.25031
6.3053099999999995
6.34531
6.35531
6.34031
6.37031
6.45531
6.49031
6.48531
6.46031
6.45531
6.45531
6.46031
6.45031
6.41531
6.40031
6.36531
6.34531
6.33531
6.32031
6.34531
6.37531
6.37531
6.41531
6.44031
6.4753099999999995
6.46531
6.44031
6.46031
6.52531
6.53031
6.54031
6.580310000000001
6.590310000000001
6.580310000000001
6.570310000000001
6.56031
6.55031
6.55031
6.55031
6.53031
6.50531
6.48531
6.45531
6.42531
6.41531
6.44031
6.45531
6.44031
6.42531
6.41031
6.4303099999999995
6.47031
6.50031
6.49031
6.46531
6.46031
6.45531
6.44531
6.44031
6.41531
6.39531
6.37531
6.35531
6.3503099999999995
6.33531
6.310309999999999
6.29031
6.27531
6.26031
6.24531
6.24031
6.2253099999999995
6.20031
6.19031
6.1803099999999995
6.16031
6.14531
6.12531
6.13031
6.10531
6.09031
6.08031
6.07031
6.06531
6.04531
6.02531
6.0153099999999995
6.05031
6.12531
6.19531
6.20531
6.25531
6.310309999999999
6.37531
6.40531
6.41031
6.42031
6.40531
6.41031
6.46531
6.56531
6.575310000000001
6.590310000000001
6.580310000000001
6.580310000000001
6.610310000000001
6.60531
6.580310000000001
6.585310000000001
6.580310000000001
6.5953100000000004
6.630310000000001
6.655310000000001
6.64531
6.64031
6.6353100000000005
6.6353100000000005
6.660310000000001
6.72531
6.7603100000000005
6.750310000000001
6.73031
6.740310000000001
6.745310000000001
6.830310000000001
6.915310000000001
6.915310000000001
6.995310000000001
7.075310000000001
7.130310000000001
7.130310000000001
7.10031
7.115310000000001
7.200310000000001
7.26531
7.250310000000001
7.26531
7.295310000000001
7.3453100000000004
7.370310000000001
7.340310000000001
7.31031
7.27031
7.22531
7.210310000000001
7.200310000000001
7.170310000000001
7.130310000000001
7.0953100000000004
7.05531
7.02531
6.985310000000001
6.945310000000001
6.915310000000001
6.875310000000001
6.85031
6.830310000000001
6.80531
6.780310000000001
6.755310000000001
6.72531
6.695310000000001
6.665310000000001
6.6353100000000005
6.60531
6.590310000000001
6.56531
6.580310000000001
6.590310000000001
6.60031
6.585310000000001
6.56031
6.54031
6.54031
6.5153099999999995
6.49531
6.47031
6.44531
6.41031
6.39531
6.38531
6.38531
6.36031
6.34031
6.32031
6.30031
6.310309999999999
6.32531
6.34531
6.32031
6.34031
6.35531
6.34031
6.3503099999999995
6.3503099999999995
6.37031
6.3903099999999995
6.37531
6.35531
6.34031
6.32031
6.30031
6.27531
6.25531
6.25031
6.23031
6.21031
6.20531
6.185309999999999
6.16031
6.15031
6.1403099999999995
6.11531
6.09531
6.07531
6.060309999999999
6.04531
6.02531
6.00531
5.98531
5.96531
5.96531
5.98531
5.98531
6.00031
6.0553099999999995
6.06531
6.08031
6.09031
6.08031
6.07031
6.1003099999999995
6.1803099999999995
6.19531
6.19531
6.20031
6.19031
6.2253099999999995
6.28531
6.28031
6.29031
6.3053099999999995
6.29531
6.2653099999999995
6.24531
6.24531
6.28031
6.310309999999999
6.30031
6.31531
6.33031
6.33531
6.32031
6.30031
6.31531
6.32031
6.30031
6.310309999999999
6.310309999999999
6.3053099999999995
6.27531
6.26031
6.24531
6.22031
6.19031
6.16531
6.13531
6.10531
6.08531
6.0553099999999995
6.02531
6.01031
5.98531
5.95031
5.95031
5.98031
5.99531
6.00031
6.02031
6.03031
6.00031
5.99531
5.9753099999999995
6.02531
6.0553099999999995
6.09031
6.185309999999999
6.27031
6.29531
6.27531
6.25031
6.24031
6.2653099999999995
6.30031
6.2653099999999995
6.23531
6.2253099999999995
6.185309999999999
6.15531
6.17031
6.22031
6.28031
6.30031
6.36531
6.41531
6.40531
6.38531
6.38531
6.38031
6.3503099999999995
6.33531
6.34031
6.33531
6.3053099999999995
6.27031
6.26031
6.29031
6.2653099999999995
6.26031
6.25031
6.21531
6.185309999999999
6.17531
6.17531
6.14531
6.11531
6.08531
6.05031
6.0153099999999995
5.98531
5.95031
5.92031
5.91531
5.92031
5.90031
5.91031
5.92531
5.91531
5.90031
5.88531
5.84031
5.82031
5.8053099999999995
5.78531
5.75531
5.7253099999999995
5.69531
5.66531
5.66031
5.6803099999999995
5.71531
5.71031
5.75031
5.77531
5.78531
5.76031
5.74531
5.72031
5.69031
5.66531
5.66031
5.72031
5.82031
5.86531
5.92531
5.9753099999999995
5.99031
5.98031
5.96531
6.00531
6.04031
6.02031
6.0153099999999995
6.0153099999999995
6.01031
6.0153099999999995
6.03031
6.07531
6.12031
6.11531
6.12531
6.17531
6.23031
6.23531
6.19031
6.15531
6.11031
6.08531
6.07031
6.04531
6.0153099999999995
5.99531
5.96031
5.97031
6.04531
6.060309999999999
6.0553099999999995
6.11031
6.185309999999999
6.2253099999999995
6.2253099999999995
6.19031
6.15031
6.11031
6.08531
6.07531
6.06531
6.06531
6.04531
6.02531
5.99031
5.96531
5.94031
5.90531
5.87531
5.84531
5.83531
5.810309999999999
5.78031
5.74531
5.72031
5.70031
5.67531
5.65031
5.63531
5.61031
5.58531
5.57531
5.5553099999999995
5.54031
5.52531
5.50031
5.48031
5.47031
5.53031
5.57031
5.59031
5.66031
5.6803099999999995
5.67531
5.685309999999999
5.67531
5.71031
5.73531
5.7253099999999995
5.70531
5.70531
5.78531
5.91531
5.94031
5.99031
6.08531
6.15031
6.16531
6.13031
6.13531
6.1403099999999995
6.16031
6.19531
6.2253099999999995
6.19531
6.17531
6.21531
6.23031
6.23031
6.26031
6.29531
6.32531
6.33031
6.31531
6.32031
6.31531
6.29031
6.26031
6.26031
6.23531
6.23031
6.2253099999999995
6.21531
6.19531
6.17531
6.14531
6.11531
6.09531
6.07031
6.05031
6.03031
6.00531
5.9753099999999995
5.95031
5.9303099999999995
5.91031
5.92031
5.98031
5.97031
6.00531
6.04031
6.02531
6.00031
6.00031
6.03531
6.04031
6.03031
6.04031
6.02531
6.01031
6.0153099999999995
6.02031
6.0153099999999995
6.00031
5.9753099999999995
5.95531
5.94531
5.92031
5.90531
5.88531
5.86531
5.8503099999999995
5.84031
5.82031
5.8053099999999995
5.77531
5.7653099999999995
5.75031
5.73031
5.72031
5.71531
5.69031
5.67031
5.66031
5.64531
5.6403099999999995
5.63031
5.61531
5.6003099999999995
5.59031
5.58531
5.58531
5.59031
5.57531
5.56531
5.54031
5.53531
5.52031
5.5153099999999995
5.53031
5.56531
5.59031
5.59531
5.65531
5.70031
5.70531
5.685309999999999
5.67031
5.66031
5.65031
5.6403099999999995
5.6403099999999995
5.62031
5.62531
5.62031
5.62031
5.63531
5.70531
5.77031
5.77031
5.82531
5.92031
5.9303099999999995
5.95531
5.96031
5.94531
5.92531
5.92531
5.9303099999999995
5.935309999999999
5.935309999999999
5.92031
5.91031
5.88031
5.86531
5.84531
5.81531
5.78531
5.7653099999999995
5.74531
5.7253099999999995
5.70031
5.6803099999999995
5.66031
5.64531
5.61531
5.59031
5.57031
5.54531
5.52531
5.50531
5.48531
5.46531
5.44531
5.4303099999999995
5.42531
5.41531
5.40531
5.39531
5.38031
5.37031
5.36031
5.36531
5.435309999999999
5.5153099999999995
5.50531
5.54531
5.63031
5.70031
5.7253099999999995
5.70531
5.73531
5.7653099999999995
5.74531
5.75031
5.74531
5.70531
5.66031
5.65531
5.65531
5.66531
5.67531
5.66531
5.65531
5.6403099999999995
5.69031
5.74031
5.75031
5.7253099999999995
5.76031
5.75031
5.73531
5.70531
5.71531
5.74531
5.80031
5.79031
5.75031
5.71531
5.74031
5.80031
5.86031
5.86531
5.84031
5.810309999999999
5.79031
5.77031
5.74531
5.71031
5.6803099999999995
5.65031
5.62031
5.59031
5.560309999999999
5.52531
5.51031
5.48031
5.44031
5.40531
5.3903099999999995
5.36531
5.33531
5.31531
5.29031
5.310309999999999
5.33531
5.31531
5.32531
5.35531
5.37031
5.36531
5.34531
5.310309999999999
5.28531
5.25031
5.23031
5.21031
5.1803099999999995
5.15531
5.13031
5.11531
5.09031
5.07031
5.0553099999999995
5.0553099999999995
5.07531
5.07
5.10531
5.15531
5.17031
5.14531
5.13031
5.13031
5.16031
5.20531
5.2253099999999995
5.23531
5.285
5.36031
5.37031
5.3503099999999995
5.32031
5.30031
5.28531
5.2653099999999995
5.27031
5.24031
5.21031
5.1803099999999995
5.1403099999999995
5.12031
5.11531
5.12531
5.1003099999999995
5.08531
5.06531
5.04031
5.02531
5.03031
5.060309999999999
5.04031
5.05031
5.08531
5.07531
5.11531
5.1403099999999995
5.12531
5.12531
5.15531
5.21531
5.23531
5.2253099999999995
5.2253099999999995
5.21031
5.19531
5.19031
5.1803099999999995
5.17031
5.16031
5.13531
5.11031
5.08531
5.060309999999999
5.04531
5.04031
5.02031
5.00531
4.99031
4.98531
4.95031
4.92531
4.91031
4.90531
4.89531
4.88531
4.8903099999999995
4.91531
4.95031
4.94031
4.97031
5.01031
4.99031
4.99031
5.060309999999999
5.07031
5.13031
5.15031
5.13031
5.11531
5.1003099999999995
5.09531
5.08031
5.0553099999999995
5.03531
5.01031
4.9753099999999995
4.96031
4.935309999999999
4.91031
4.8903099999999995
4.87031
4.88031
4.89531
4.8903099999999995
4.92031
4.95531
4.97031
4.96031
4.94531
4.92031
4.90531
4.88031
4.87031
4.8503099999999995
4.83031
4.82031
4.79031
4.77531
4.75531
4.74031
4.71531
4.69531
4.67531
4.65531
4.63031
4.61531
4.6003099999999995
4.59031
4.57531
4.57531
4.560309999999999
4.54531
4.54531
4.5153099999999995
4.49031
4.48531
4.47031
4.45531
4.44531
4.44
4.42531
4.45531
4.49031
4.49531
4.53531
4.57031
4.57531
4.57531
4.61531
4.63531
4.64531
4.7253099999999995
4.77531
4.77031
4.7653099999999995
4.78031
4.77531
4.77531
4.79531
4.84031
4.86531
4.87031
4.91031
4.9303099999999995
4.9303099999999995
4.90031
4.8903099999999995
4.87531
4.85531
4.84031
4.83531
4.82031
4.80031
4.77531
4.75531
4.7253099999999995
4.71531
4.70031
4.67531
4.67031
4.65031
4.66531
4.69031
4.69
4.715
4.76031
4.77531
4.7653099999999995
4.74531
4.7253099999999995
4.71531
4.72031
4.72031
4.71031
4.69031
4.67031
4.66531
4.65531
4.65531
4.7253099999999995
4.79531
4.80031
4.86031
4.96031
5.03
5.04531
5.03031
5.00531
4.99031
4.98531
4.98531
4.97031
4.94531
4.92031
4.90531
4.87531
4.87531
4.8903099999999995
4.91031
4.91531
4.88531
4.88031
4.85531
4.83531
4.810309999999999
4.78531
4.7653099999999995
4.73031
4.70531
4.685309999999999
4.66531
4.65531
4.63531
4.61531
4.6003099999999995
4.59031
4.58031
4.57031
4.55031
4.53031
4.53031
4.52031
4.52031
4.50531
4.49031
4.4753099999999995
4.46031
4.44031
4.4303099999999995
4.42031
4.4303099999999995
4.45531
4.46031
4.49031
4.5153099999999995
4.52531
4.53031
4.5153099999999995
4.50531
4.53031
4.59531
4.63031
4.63031
4.66531
4.71531
4.74531
4.73531
4.71531
4.76031
4.86531
4.94531
4.95031
5.03531
5.12031
5.15531
5.13031
5.12031
5.11531
5.12031
5.11031
5.09031
5.08031
5.07031
5.0553099999999995
5.060309999999999
5.09531
5.07031
5.06531
5.0553099999999995
5.04031
5.00531
4.98031
4.95031
4.92031
4.89531
4.87031
4.84031
4.8053099999999995
4.79531
4.7653099999999995
4.74531
4.71531
4.69031
4.67531
4.64531
4.63531
4.61031
4.60531
4.58031
4.57031
4.55031
4.56531
4.6003099999999995
4.60531
4.625
4.62531
4.61531
4.61031
4.61031
4.61031
4.61031
4.62531
4.62031
4.60531
4.59031
4.62031
4.685309999999999
4.71531
4.71531
4.7653099999999995
4.78531
4.78531
4.7653099999999995
4.76031
4.75531
4.75031
4.73031
4.70531
4.6803099999999995
4.67031
4.67531
4.69531
4.69031
4.71031
4.74
4.73031
4.73531
4.75031
4.74531
4.73531
4.74031
4.75531
4.810309999999999
4.81531
4.79531
4.80031
4.79531
4.79531
4.78531
4.8053099999999995
4.84531
4.83531
4.87031
4.90531
4.91531
4.91531
4.98531
4.98531
5.03031
5.06531
5.07531
5.05031
5.02531
5.0153099999999995
5.00031
4.98531
4.97031
4.94531
4.91531
4.8903099999999995
4.86531
4.84031
4.82031
4.8053099999999995
4.82531
4.88031
4.88531
4.95031
5.01031
5.03031
5.0153099999999995
4.99031
5.0153099999999995
5.09031
5.09531
5.12031
5.15531
5.16031
5.14531
5.12031
5.09531
5.08531
5.08031
5.06531
5.04031
5.01031
4.98531
4.96031
4.94031
4.91031
4.8903099999999995
4.88031
4.85531
4.84031
4.83031
4.810309999999999
4.78531
4.83531
4.84531
4.87031
4.86531
4.90531
4.94031
4.95031
4.995
5.01031
4.99031
4.96531
4.94531
4.95531
5.03031
5.08531
5.11531
5.19031
5.25031
5.27031
5.25531
5.25031
5.25531
5.25531
5.25531
5.26031
5.25531
5.27031
5.25031
5.24031
5.22031
5.19031
5.16531
5.1403099999999995
5.12531
5.1003099999999995
5.08031
5.05031
5.04031
5.02531
5.02031
5.0553099999999995
5.08031
5.075
5.12031
5.15531
5.17531
5.15531
5.14531
5.15031
5.1803099999999995
5.1803099999999995
5.185309999999999
5.22031
5.23031
5.21031
5.185309999999999
5.17531
5.15531
5.13531
5.11531
5.09531
5.08031
5.07031
5.05031
5.03531
5.00531
5.00531
5.03531
5.04531
5.08031
5.07031
5.06531
5.08531
5.13031
5.17531
5.17531
5.23031
5.28531
5.310309999999999
5.30031
5.27531
5.25031
5.23031
5.22031
5.21031
5.20031
5.19031
5.16531
5.16031
5.16031
5.1403099999999995
5.13531
5.11031
5.09531
5.08531
5.06531
5.04531
5.03031
5.01031
4.99031
4.9753099999999995
4.97031
5.00531
5.03531
5.03531
5.09531
5.13031
5.13531
5.11531
5.1003099999999995
5.09031
5.08031
5.07531
5.05031
5.03031
5.02031
5.00531
4.98531
4.98031
4.96031
4.94531
4.935309999999999
4.91531
4.91031
4.91031
4.90031
4.88531
4.88531
4.88531
4.87031
4.87031
4.85531
4.8503099999999995
4.86531
4.9753099999999995
4.98531
5.03031
5.08031
5.11531
5.12531
5.11531
5.08531
5.06531
5.08031
5.12531
5.1803099999999995
5.17531
5.20531
5.23531
5.24031
5.20531
5.20531
5.19031
5.15531
5.1403099999999995
5.12531
5.1003099999999995
5.08031
5.06531
5.05031
5.02531
5.00531
4.99031
4.97031
4.95531
4.935309999999999
4.91531
4.90531
4.89531
4.88031
4.86531
4.85531
4.84531
4.83031
4.82031
4.810309999999999
4.79531
4.78031
4.7653099999999995
4.75531
4.73031
4.71531
4.70031
4.69031
4.6803099999999995
4.6803099999999995
4.66531
4.66031
4.65031
4.64531
4.6403099999999995
4.63031
4.61531
4.58531
4.58031
4.57031
4.560309999999999
4.55031
4.54031
4.52531
4.52031
4.56531
4.56531
4.55031
4.54031
4.560309999999999
4.57531
4.58031
4.56531
4.55031
4.58031
4.63031
4.6403099999999995
4.67031
4.735
4.7653099999999995
4.75531
4.73531
4.72031
4.71031
4.69531
4.69031
4.66031
4.6403099999999995
4.63031
4.62531
4.62031
4.64531
4.66531
4.66
4.70031
4.74031
4.74031
4.71531
4.70031
4.73031
4.7653099999999995
4.75531
4.80031
4.810309999999999
4.77531
4.75031
4.73031
4.71531
4.72031
4.78531
4.83531
4.82531
4.87031
4.90531
4.91531
4.88531
4.86531
4.8503099999999995
4.85531
4.88031
4.92031
4.91031
4.94531
4.95531
4.92031
4.90031
4.89531
4.9303099999999995
4.94031
4.90531
4.87531
4.86031
4.8903099999999995
4.87531
4.8503099999999995
4.82031
4.810309999999999
4.82531
4.82031
4.82531
4.84031
4.82031
4.85531
4.91531
4.92531
4.90531
4.95031
5.02531
5.07031
5.06531
5.13531
5.21531
5.25531
5.23531
5.2253099999999995
5.185309999999999
5.17031
5.13531
5.11031
5.11031
5.12531
5.1403099999999995
5.17031
5.17031
5.13031
5.13031
5.17531
5.22031
5.19531
5.16031
5.13531
5.10531
5.08531
5.05031
5.02031
4.99031
4.96531
4.9303099999999995
4.8903099999999995
4.85531
4.82531
4.79531
4.7653099999999995
4.73031
4.70031
4.67031
4.6403099999999995
4.61531
4.59531
4.59031
4.56531
4.560309999999999
4.53031
4.50031
4.48031
4.45031
4.44031
4.42031
4.42031
4.44031
4.46531
4.47031
4.45531
4.45031
4.42531
4.40031
4.40531
4.47031
4.50031
4.53031
4.57531
4.57031
4.560309999999999
4.57031
4.58531
4.59031
4.58031
4.560309999999999
4.54531
4.54531
4.53031
4.51031
4.50531
4.50031
4.49031
4.48031
4.46031
4.44531
4.435309999999999
4.42531
4.41531
4.42031
4.42531
4.41531
4.44031
4.4753099999999995
4.49031
4.48531
4.46031
4.45031
4.44031
4.435309999999999
4.42531
4.41531
4.41031
4.3903099999999995
4.38031
4.38031
4.37031
4.35531
4.35531
4.34531
4.34031
4.32531
4.310309999999999
4.310309999999999
4.31531
4.31531
4.32031
4.32
4.310309999999999
4.310309999999999
4.3053099999999995
4.29531
4.28531
4.3053099999999995
4.32531
4.37531
4.38031
4.38031
4.3903099999999995
4.39531
4.38531
4.37531
4.37531
4.37031
4.3503099999999995
4.3503099999999995
4.325
4.31531
4.3053099999999995
4.29531
4.27531
4.27531
4.27031
4.27031
4.26
4.2653099999999995
4.28031
4.32531
4.36531
4.37031
4.41531
4.46531
4.48031
4.46531
4.46531
4.45531
4.45031
4.435309999999999
4.435309999999999
4.41531
4.40531
4.39531
4.37531
4.36531
4.37031
4.35531
4.34531
4.34031
4.33031
4.32031
4.310309999999999
4.310309999999999
4.30031
4.29031
4.27531
4.2653099999999995
4.24531
4.24531
4.23031
4.23531
4.21531
4.205
4.19531
4.19031
4.19531
4.20531
4.20531
4.21031
4.23031
4.24531
4.27531
4.3053099999999995
4.29531
4.34531
4.40031
4.40031
4.3903099999999995
4.3903099999999995
4.39531
4.38531
4.38031
4.36531
4.35531
4.33531
4.32031
4.30031
4.28031
4.26
4.25531
4.23531
4.22031
4.20031
4.19031
4.17031
4.15531
4.14531
4.16031
4.19531
4.21031
4.23
4.28531
4.32031
4.33531
4.3053099999999995
4.28031
4.265
4.24031
4.21031
4.20531
4.185309999999999
4.17531
4.16531
4.15531
4.1403099999999995
4.11531
4.10531
4.08031
4.06531
4.05031
4.03031
4.01031
3.99031
3.97531
3.9403099999999998
3.93531
3.91531
3.905
3.89031
3.89031
3.87531
3.85531
3.8353099999999998
3.8203099999999997
3.81031
3.8003099999999996
3.78031
3.76531
