0.49771689826730836
0.5352136624331321
0.7690025574612045
0.619740262413518
0.5457713874632462
0.870639676453522
0.4701010352436439
0.7466738832835542
0.5670027664187969
0.5690718238901529
0.4397703185084807
0.674322031493005
0.8152888655447761
0.5610548996550788
0.7801836522042196
0.8179461063952502
0.6935900744228567
0.7686198489386582
0.7056278118113131
0.6721534753257989
0.7592745979900268
0.5355649630176409
0.6834355217480139
0.6635304792225436
0.6256400982455668
0.5815131402571785
0.5855500772708755
0.6511727378465233
0.5274430195354329
0.8849606576263782
0.4798572778418517
0.7603137360053289
0.5521315721605407
0.6807338603179218
0.7475473168073619
0.41910213977004895
0.8122977396684654
0.8506717939360395
0.5865813840939209
0.6224943115756534
0.628756011091042
0.871537605560885
0.5409855858854449
0.5847959781202499
0.5915113488486179
0.639536316282558
0.6318738074005319
0.6425571713955116
0.5588927430066635
0.7268878440899906
0.7164318480829952
0.7238814460250811
0.5877141794306289
0.45304594722484626
0.6715958192163827
0.6112989054056641
0.6809675537490973
0.5510771585008112
0.6982202935912487
0.5465144229538201
0.42942279833103014
0.5996452427450365
0.5660513211572995
0.5497285095190263
0.5425567695309585
0.5791265605757059
0.5223921961772608
0.6461250657907702
0.47220420009946706
0.5766345105173851
0.48461556716163456
0.4986462724666392
0.5186075982954708
0.7037235518193024
0.5650428967747911
0.43294335188074995
0.4490367409835321
0.6092728326069026
0.6462082351383094
0.7167839074003586
0.5181760914523914
0.5741038256640332
0.44415866013893734
0.651078511971183
0.5756411855831125
0.5758058027752595
0.7140110615139368
0.786499529621103
0.5579016530381387
0.5093498026407357
0.5317115226810631
0.6353645317619221
0.6362461280600971
0.8145076516558298
0.7899204984288517
0.877911613120304
0.9864715656653762
0.6255885406543289
0.6449857384684712
0.6270244357396706
