0.5189503693070356
0.4908576854423653
0.7044097528215773
0.5765098506479933
0.5278052121995626
0.7288377665487664
0.4910946452586306
0.7228188237992903
0.5492432947235091
0.5726283978246421
0.46868792060900166
0.6593862369827762
0.7286752065180392
0.575072612710914
0.6041000784691991
0.6512525877580214
0.7067714632735435
0.6513403091637152
0.6888203781130311
0.6182754759738195
0.6431934861866151
0.5859816709576111
0.6291606545837026
0.6190433269799339
0.5980129549094625
0.5740115825638546
0.5722114579930032
0.6364171530376096
0.5247781730453223
0.7781604582776683
0.5226376942973072
0.7305277205017053
0.567716027950964
0.6224443803438728
0.6889667365086048
0.43856873391946927
0.6372234193521227
0.7257819255977794
0.5952031491483174
0.595196648680406
0.5977164727676063
0.7396592083714533
0.5652804506008059
0.5177080230088072
0.5587676007279332
0.6234245862112282
0.6035885091241362
0.6132582975102268
0.5541184564068049
0.6360921557887731
0.662132992904098
0.6395435771256343
0.5628749040733468
0.46929416668253693
0.6304676590399332
0.5539908971240253
0.6305562308985148
0.5439240295835712
0.6300079974467677
0.536014199250391
0.45212545301911033
0.5777113388832685
0.5542085416119393
0.5317878260876198
0.5216969050828805
0.5843030832455034
0.5281963716020223
0.614042937629537
0.4865852838427314
0.5220271021726609
0.49016661411898654
0.5172318994194839
0.5260544387638569
0.6166287483189362
0.5623294077490845
0.4659667872551691
0.45325831521540644
0.5962936653140536
0.590532344335531
0.7005923685388104
0.527255036438295
0.5908112048223201
0.4996847861353164
0.6288665619873175
0.5739586060444857
0.5284720955788325
0.66348571219994
0.7049120432429159
0.5483877047721263
0.5559404284168271
0.4968593766839865
0.5683479529471196
0.6846773337824739
0.7290924430207081
0.7083539873306235
0.6183063642248411
0.8265210040180705
0.6617007617303184
0.6542493276496381
0.5935959543859836
