0.730312
0.740312
0.745313
0.765312
0.775312
0.790312
0.800312
0.8153130000000001
0.820313
0.8153130000000001
0.835312
0.8753129999999999
0.9253120000000001
0.9253120000000001
0.935312
0.940313
0.940313
0.9703120000000001
0.9953120000000001
0.9953120000000001
1.01531
1.01031
1.00031
1.01031
1.00531
0.9953120000000001
1.04031
1.08531
1.09531
1.14
1.19531
1.21031
1.2353100000000001
1.28031
1.28031
1.28031
1.26531
1.25531
1.26531
1.26531
1.30031
1.32031
1.30531
1.28031
1.29031
1.29031
1.28531
1.28031
1.29531
1.3503100000000001
1.39031
1.38531
1.40531
1.41531
1.41031
1.40531
1.40031
1.41531
1.45031
1.44031
1.4753100000000001
1.4853100000000001
1.51031
1.54531
1.54031
1.55031
1.55031
1.57531
1.57031
1.58031
1.61531
1.6453099999999998
1.65031
1.65031
1.6653099999999998
1.7053099999999999
1.71531
1.7103099999999998
1.7053099999999999
1.7053099999999999
1.7103099999999998
1.7203099999999998
1.7103099999999998
1.7103099999999998
1.7053099999999999
1.7053099999999999
1.6903099999999998
1.6953099999999999
1.7103099999999998
1.7003099999999998
1.6953099999999999
1.7003099999999998
1.7053099999999999
1.6853099999999999
1.6803099999999997
1.6853099999999999
1.7403099999999998
1.7703099999999998
1.7703099999999998
1.7803099999999998
1.7903099999999998
1.8103099999999999
1.8453099999999998
1.8153099999999998
1.8003099999999999
1.79531
1.7903099999999998
1.78531
1.7803099999999998
1.77531
1.76531
1.7603099999999998
1.7703099999999998
1.78531
1.78531
1.78531
1.77531
1.7703099999999998
1.7903099999999998
1.8003099999999999
1.79531
1.8453099999999998
1.9153099999999998
1.9303099999999997
1.99531
2.0253099999999997
2.06031
2.06031
2.0503099999999996
2.0503099999999996
2.05531
2.07531
2.0853099999999998
2.0853099999999998
2.09531
2.11531
2.12531
2.15531
2.1753099999999996
2.18531
2.2103099999999998
2.24531
2.26531
2.2753099999999997
2.2753099999999997
2.3153099999999998
2.35531
2.3603099999999997
2.39031
2.41531
2.4253099999999996
2.43531
2.43031
2.4403099999999998
2.47031
2.49031
2.4853099999999997
2.49531
2.5253099999999997
2.5453099999999997
2.5453099999999997
2.54031
2.54031
2.5453099999999997
2.55531
2.5503099999999996
2.55531
2.5653099999999998
2.5653099999999998
2.56031
2.55531
2.56031
2.5703099999999997
2.5653099999999998
2.5703099999999997
2.57531
2.5853099999999998
2.59531
2.59531
2.60031
2.60531
2.60531
2.60031
2.60031
2.60031
2.60531
2.62031
2.62031
2.62531
2.6303099999999997
2.6303099999999997
2.64031
2.64031
2.66031
2.68531
2.68031
2.6903099999999998
2.7103099999999998
2.75031
2.78031
2.78031
2.79031
2.80531
2.8353099999999998
2.85031
2.85031
2.8603099999999997
2.8603099999999997
2.86531
2.87531
2.87531
2.87531
2.8603099999999997
2.87531
2.87531
2.89031
2.88531
2.87531
2.88531
2.89031
2.9003099999999997
2.91031
2.91031
2.91031
2.91031
2.9203099999999997
2.9253099999999996
2.93531
2.93531
2.95531
2.97031
2.98031
2.9853099999999997
3.03031
3.0503099999999996
3.0853099999999998
3.0853099999999998
3.11531
3.16031
3.20531
3.2153099999999997
3.2153099999999997
3.22031
3.23031
3.25031
3.29031
3.3153099999999998
3.31031
3.30531
3.30531
3.3203099999999997
3.33031
3.39531
3.41031
3.45031
3.5253099999999997
3.5853099999999998
3.60531
3.5853099999999998
3.59531
3.61531
3.6303099999999997
3.62531
3.61531
3.61531
3.60531
3.59531
3.59531
3.5903099999999997
3.5853099999999998
3.57531
3.5703099999999997
3.56031
3.5503099999999996
3.55531
3.5453099999999997
3.53531
3.53531
3.54031
3.54031
3.5253099999999997
3.5253099999999997
3.53031
3.54031
3.5503099999999996
3.55531
3.5503099999999996
3.5503099999999996
3.5653099999999998
3.5653099999999998
3.5503099999999996
3.5453099999999997
3.55531
3.56031
3.5503099999999996
3.5453099999999997
3.54031
3.53531
3.54031
3.55531
3.5703099999999997
3.60531
3.60531
3.63531
3.65531
3.66531
3.65531
3.64531
3.6303099999999997
3.62531
3.62031
3.60531
3.60031
3.5853099999999998
3.57531
3.5653099999999998
3.5653099999999998
3.5653099999999998
3.57531
3.5653099999999998
3.5703099999999997
3.5853099999999998
3.5703099999999997
3.5703099999999997
3.5853099999999998
3.5653099999999998
3.56031
3.5503099999999996
3.5453099999999997
3.5503099999999996
3.5453099999999997
3.5653099999999998
3.56031
3.5703099999999997
3.57531
3.57531
3.5853099999999998
3.59531
3.62531
3.6303099999999997
3.6753099999999996
3.7153099999999997
3.7153099999999997
3.7103099999999998
3.68531
3.6703099999999997
3.65531
3.63531
3.63531
3.64031
3.6503099999999997
3.64031
3.63531
3.6303099999999997
3.64031
3.65531
3.65531
3.68031
3.6903099999999998
3.68531
3.72031
3.7553099999999997
3.7553099999999997
3.76531
3.76531
3.75031
3.76031
3.78031
3.78031
3.76031
3.7553099999999997
3.81031
3.8603099999999997
3.86531
3.90531
3.91531
3.91031
3.91531
3.90531
3.89031
3.89031
3.89031
3.91031
3.89531
3.87531
3.87031
3.85031
3.85031
3.8603099999999997
3.8603099999999997
3.85531
3.8403099999999997
3.8603099999999997
3.84531
3.82531
3.80531
3.79031
3.77031
3.76031
3.77031
3.76531
3.77031
3.78531
3.7953099999999997
3.79031
3.7753099999999997
3.76531
3.7553099999999997
3.72531
3.6953099999999997
3.6953099999999997
3.6903099999999998
3.6753099999999996
3.65531
3.6503099999999997
3.64031
3.64531
3.66531
3.66031
3.6503099999999997
3.64531
3.6303099999999997
3.62031
3.6103099999999997
3.5853099999999998
3.57531
3.57531
3.5903099999999997
3.59531
3.61531
3.63531
3.62031
3.62031
3.6303099999999997
3.62031
3.6103099999999997
3.60031
3.58031
3.57531
3.60531
3.64531
3.64031
3.62531
3.63531
3.6503099999999997
3.64531
3.63531
3.63531
3.6503099999999997
3.65531
3.63531
3.64031
3.64531
3.64031
3.6303099999999997
3.6103099999999997
3.59531
3.58031
3.56031
3.5453099999999997
3.53031
3.51531
3.52031
3.5453099999999997
3.56031
3.56031
3.56031
3.5453099999999997
3.5503099999999996
3.57531
3.5853099999999998
3.58031
3.58031
3.5653099999999998
3.5503099999999996
3.5453099999999997
3.54031
3.5653099999999998
3.5853099999999998
3.58031
3.5653099999999998
3.5453099999999997
3.54031
3.53031
3.52031
3.51531
3.53031
3.5453099999999997
3.5503099999999996
3.54031
3.5453099999999997
3.53031
3.53031
3.5253099999999997
3.5253099999999997
3.5053099999999997
3.51031
3.5253099999999997
3.52031
3.5053099999999997
3.5053099999999997
3.50031
3.49531
3.5253099999999997
3.53031
3.5253099999999997
3.53031
3.5453099999999997
3.54031
3.53531
3.55531
3.5853099999999998
3.58031
3.57531
3.57531
3.59531
3.5853099999999998
3.5903099999999997
3.5903099999999997
3.57531
3.58031
3.60031
3.61531
3.60031
3.6103099999999997
3.63531
3.62531
3.63531
3.62031
3.62531
3.61531
3.61531
3.60531
3.60031
3.5853099999999998
3.5653099999999998
3.58031
3.60031
3.5853099999999998
3.60531
3.64031
3.65531
3.6503099999999997
3.66531
3.6703099999999997
3.66531
3.66031
3.64531
3.65531
3.6503099999999997
3.6503099999999997
3.62531
3.6103099999999997
3.60531
3.59531
3.5853099999999998
3.57531
3.56031
3.5503099999999996
3.5453099999999997
3.51531
3.5253099999999997
3.53031
3.51031
3.49531
3.4853099999999997
3.49031
3.50031
3.49031
3.49031
3.51531
3.51531
3.53031
3.5653099999999998
3.57531
3.5653099999999998
3.5503099999999996
3.5503099999999996
3.54031
3.53031
3.53531
3.56031
3.5453099999999997
3.53031
3.5453099999999997
3.5503099999999996
3.53031
3.53531
3.5253099999999997
3.51031
3.51531
3.49531
3.4853099999999997
3.48031
3.49031
3.5053099999999997
3.5053099999999997
3.50031
3.5053099999999997
3.52031
3.51031
3.49531
3.48031
3.47031
3.4403099999999998
3.4653099999999997
3.47531
3.48031
3.4853099999999997
3.48031
3.4603099999999998
3.4653099999999997
3.49031
3.52031
3.51031
3.53031
3.54031
3.53531
3.5253099999999997
3.52031
3.51531
3.5053099999999997
3.49531
3.47531
3.4653099999999997
3.47531
3.47031
3.45031
3.4403099999999998
3.4253099999999996
3.4203099999999997
3.4203099999999997
3.41531
3.39531
3.3803099999999997
3.37031
3.35531
3.34531
3.34531
3.3353099999999998
3.3353099999999998
3.32531
3.33031
3.33031
3.3403099999999997
3.3603099999999997
3.35531
3.37031
3.3803099999999997
3.38531
3.39031
3.41031
3.43031
3.43031
3.4253099999999996
3.4453099999999997
3.45031
3.4653099999999997
3.45031
3.45031
3.45031
3.4603099999999998
3.45531
3.4403099999999998
3.43031
3.4203099999999997
3.40531
3.40531
3.4253099999999996
3.43531
3.45031
3.4203099999999997
3.41531
3.40531
3.41531
3.41531
3.4003099999999997
3.39531
3.38531
3.4003099999999997
3.40531
3.39531
3.37531
3.37531
3.36531
3.35031
3.3353099999999998
3.32531
3.3153099999999998
3.3353099999999998
3.3603099999999997
3.39031
3.39031
3.4253099999999996
3.4603099999999998
3.47031
3.4603099999999998
3.45531
3.45531
3.4403099999999998
3.43031
3.43031
3.43031
3.43031
3.41031
3.4253099999999996
3.4403099999999998
3.4453099999999997
3.43031
3.40531
3.4003099999999997
3.3803099999999997
3.3803099999999997
3.38531
3.37531
3.36531
3.36531
3.35531
3.3403099999999997
3.32531
3.3153099999999998
3.2953099999999997
3.28031
3.26531
3.26031
3.2553099999999997
3.2553099999999997
3.26531
3.2553099999999997
3.24031
3.22531
3.22031
3.20531
3.20031
3.20031
3.1703099999999997
3.15531
3.14531
3.1303099999999997
3.1303099999999997
3.1503099999999997
3.16031
3.15531
3.1753099999999996
3.2103099999999998
3.22031
3.2103099999999998
3.1953099999999997
3.20531
3.20031
3.18531
3.18031
3.18031
3.1753099999999996
3.16531
3.1503099999999997
3.14031
3.14531
3.14531
3.1303099999999997
3.12031
3.13531
3.16031
3.14531
3.15531
3.1503099999999997
3.14531
3.15531
3.14531
3.1303099999999997
3.12031
3.11531
3.10531
3.09531
3.08031
3.0653099999999998
3.0703099999999997
3.0703099999999997
3.0703099999999997
3.0653099999999998
3.0653099999999998
3.0503099999999996
3.0453099999999997
3.0453099999999997
3.04031
3.05531
3.0703099999999997
3.0703099999999997
3.0653099999999998
3.07531
3.0703099999999997
3.06031
3.0703099999999997
3.0703099999999997
3.06031
3.05531
3.04031
3.03031
3.0253099999999997
3.00031
2.99031
2.97531
2.9603099999999998
2.97031
2.9653099999999997
2.95531
2.95031
2.9453099999999997
2.9403099999999998
2.93031
2.9203099999999997
2.91031
2.91031
2.95531
2.99531
3.01031
3.0703099999999997
3.0903099999999997
3.09531
3.10531
3.10031
3.0903099999999997
3.09531
3.08031
3.0653099999999998
3.05531
3.04031
3.03531
3.05531
3.0453099999999997
3.05531
3.0703099999999997
3.06031
3.04031
3.0253099999999997
3.01531
3.01531
3.00031
2.9853099999999997
2.99531
2.98031
2.9853099999999997
2.9653099999999997
2.97031
2.95531
2.9603099999999998
2.9453099999999997
2.93031
2.9253099999999996
2.93531
2.93031
2.9253099999999996
2.9203099999999997
2.9203099999999997
2.91031
2.89531
2.90531
2.9203099999999997
2.91531
2.89531
2.89031
2.89031
2.9003099999999997
2.89531
2.88531
2.86531
2.88531
2.88531
2.87031
2.85531
2.85031
2.84531
2.85531
2.85031
2.86531
2.87531
2.8803099999999997
2.86531
2.85531
2.84531
2.84531
2.8353099999999998
2.83031
2.8203099999999997
2.80531
2.81031
2.8003099999999996
2.7953099999999997
2.78531
2.78531
2.79031
2.79031
2.7753099999999997
2.76531
2.77031
2.7753099999999997
2.77031
2.7553099999999997
2.7553099999999997
2.77031
2.76531
2.7553099999999997
2.7353099999999997
2.72531
2.7103099999999998
2.70031
2.6903099999999998
2.6903099999999998
2.68031
2.70531
2.70031
2.6953099999999997
2.68531
2.70031
2.70031
2.6903099999999998
2.6903099999999998
2.6903099999999998
2.68531
2.68031
2.6753099999999996
2.6703099999999997
2.66531
2.65531
2.64531
2.64531
2.65531
2.64531
2.63531
2.63531
2.61531
2.6303099999999997
2.60031
2.60031
2.6103099999999997
2.60031
2.60531
2.62531
2.62531
2.62031
2.62531
2.62031
2.62531
2.6103099999999997
2.60531
2.60031
2.6103099999999997
2.6103099999999997
2.6103099999999997
2.6303099999999997
2.64031
2.63531
2.64531
2.6903099999999998
2.72031
2.7153099999999997
2.72031
2.75031
2.7553099999999997
2.74531
2.7353099999999997
2.74531
2.74031
2.77031
2.8003099999999996
2.79031
2.7753099999999997
2.76031
2.74531
2.73031
2.7103099999999998
2.70531
2.72031
2.72531
2.70031
2.6953099999999997
2.68531
2.6703099999999997
2.66531
2.66031
2.65531
2.64531
2.62531
2.61531
2.61531
2.61531
2.64531
2.64031
2.66031
2.6753099999999996
2.66531
2.66031
2.6703099999999997
2.66031
2.6503099999999997
2.65531
2.62531
2.61531
2.6103099999999997
2.59531
2.5903099999999997
2.58031
2.58031
2.5653099999999998
2.56031
2.5503099999999996
2.5453099999999997
2.5453099999999997
2.53531
2.53531
2.52031
2.5053099999999997
2.49531
2.49531
2.49531
2.49031
2.49531
2.50031
2.52031
2.4853099999999997
2.4853099999999997
2.48031
2.47531
2.47031
2.47031
2.45031
2.45031
2.4453099999999997
2.4403099999999998
2.43531
2.4253099999999996
2.41531
2.40531
2.39531
2.38531
2.37531
2.37031
2.35531
2.34531
2.3353099999999998
2.3353099999999998
2.33031
2.3203099999999997
2.31031
2.3003099999999996
2.29031
2.28031
2.27031
2.26531
2.2553099999999997
2.25031
2.24531
2.2353099999999997
2.23031
2.22531
2.24031
2.25031
2.24031
2.2553099999999997
2.2753099999999997
2.27031
2.26531
2.26031
2.27031
2.28531
2.29031
2.3003099999999996
2.3153099999999998
2.31031
2.3003099999999996
2.2953099999999997
2.29031
2.28531
2.28031
2.28031
2.29031
2.29031
2.28031
2.2753099999999997
2.28031
2.2753099999999997
2.28031
2.28531
2.27031
2.26031
2.2553099999999997
2.2553099999999997
2.26031
2.26031
2.2553099999999997
2.25031
2.24531
2.2353099999999997
2.22531
2.24531
2.2753099999999997
2.28531
2.30531
2.32531
2.33031
2.3353099999999998
2.3353099999999998
2.33031
2.3153099999999998
2.3203099999999997
2.3353099999999998
2.3203099999999997
2.31031
2.30531
2.2953099999999997
2.28531
2.30531
2.31031
2.30531
2.31031
2.31031
2.3003099999999996
2.3003099999999996
2.30531
2.30531
2.2953099999999997
2.3003099999999996
2.2953099999999997
2.29031
2.29031
2.2753099999999997
2.27031
2.26031
2.26531
2.2553099999999997
2.25031
2.26531
2.25031
2.2353099999999997
2.2353099999999997
2.2353099999999997
2.23031
2.22031
2.22031
2.2153099999999997
2.2103099999999998
2.2103099999999998
2.22031
2.2153099999999997
2.20531
2.20031
2.1953099999999997
2.18531
2.1953099999999997
2.2103099999999998
2.20531
2.2103099999999998
2.2103099999999998
2.20531
2.18031
2.18531
2.1953099999999997
2.1953099999999997
2.18031
2.18031
2.16531
2.16531
2.18531
2.20031
2.1953099999999997
2.18531
2.1753099999999996
2.1703099999999997
2.15531
2.16031
2.15531
2.15531
2.16031
2.16031
2.16531
2.16031
2.1503099999999997
2.14031
2.14031
2.13531
2.12531
2.12031
2.1103099999999997
2.10031
2.10531
2.09531
2.0903099999999997
2.0853099999999998
2.08031
2.07531
2.05531
2.08031
2.10531
2.09531
2.08031
2.0903099999999997
2.0903099999999997
2.08031
2.10031
2.09531
2.09531
2.0853099999999998
2.08031
2.0903099999999997
2.0903099999999997
2.0853099999999998
2.10031
2.1103099999999997
2.1103099999999997
2.10531
2.0853099999999998
2.09531
2.1103099999999997
2.09531
2.13531
2.16031
2.1503099999999997
2.14531
2.1303099999999997
2.12531
2.12531
2.12531
2.1103099999999997
2.10031
2.11531
2.14531
2.1753099999999996
2.1703099999999997
2.18531
2.22531
2.27031
2.28531
2.27031
2.26531
2.24031
2.24031
2.24531
2.24031
2.23031
2.23031
2.22031
2.22531
2.2153099999999997
2.2103099999999998
2.20031
2.1903099999999998
2.1753099999999996
2.16031
2.15531
2.14031
2.14531
2.1503099999999997
2.14031
2.14031
2.1303099999999997
2.1303099999999997
2.1303099999999997
2.12031
2.10531
2.1103099999999997
2.10531
2.10531
2.10031
2.10031
2.09531
2.09531
2.08031
2.0703099999999997
2.06031
2.06031
2.06031
2.0503099999999996
2.04031
2.0453099999999997
2.04031
2.0453099999999997
2.0453099999999997
2.0503099999999996
2.0703099999999997
2.08031
2.08031
2.0903099999999997
2.09531
2.0903099999999997
2.08031
2.08031
2.0703099999999997
2.0653099999999998
2.0653099999999998
2.0703099999999997
2.07531
2.08031
2.0853099999999998
2.09531
2.0853099999999998
2.08031
2.0853099999999998
2.0903099999999997
2.08031
2.0703099999999997
2.07531
2.0703099999999997
2.08031
2.09531
2.10031
2.12031
2.13531
2.14031
2.14031
2.14031
2.1503099999999997
2.14531
2.14031
2.1303099999999997
2.13531
2.12531
2.11531
2.1103099999999997
2.10531
2.12031
2.12531
2.11531
2.1103099999999997
2.12031
2.12531
2.12531
2.1303099999999997
2.13531
2.16531
2.1703099999999997
2.16031
2.15531
2.15531
2.15531
2.1503099999999997
2.14531
2.13531
2.1303099999999997
2.14031
2.14531
2.14531
2.14031
2.14531
2.14031
2.14031
2.13531
2.13531
2.14031
2.14031
2.12531
2.12531
2.12531
2.11531
2.10531
2.10031
2.09531
2.0903099999999997
2.10031
2.10031
2.0853099999999998
2.08031
2.08031
2.08031
2.09531
2.10031
2.09531
2.1103099999999997
2.10031
2.10031
2.10531
2.10531
2.0903099999999997
2.12031
2.13531
2.14031
2.1303099999999997
2.12531
2.12531
2.12031
2.12531
2.13531
2.12531
2.12531
2.12031
2.11531
2.1103099999999997
2.10531
2.10031
2.09531
2.0903099999999997
2.0853099999999998
2.0853099999999998
2.09531
2.07531
2.07531
2.0853099999999998
2.08031
2.0703099999999997
2.0653099999999998
2.0653099999999998
2.0653099999999998
2.0653099999999998
2.06031
2.06031
2.06031
2.05531
2.05531
2.0503099999999996
2.0703099999999997
2.0653099999999998
2.08031
2.0653099999999998
2.06031
2.0653099999999998
2.0653099999999998
2.05531
2.05531
2.06031
2.0703099999999997
2.08031
2.08031
2.11531
2.14531
2.15531
2.1503099999999997
2.1503099999999997
2.16531
2.18531
2.20031
2.2103099999999998
2.22031
2.23031
2.2353099999999997
2.2353099999999997
2.22531
2.22031
2.20531
2.20031
2.1953099999999997
2.1953099999999997
2.2153099999999997
2.2103099999999998
2.20531
2.2103099999999998
2.20531
2.1953099999999997
2.1903099999999998
2.1903099999999998
2.18031
2.18531
2.18531
2.18031
2.1753099999999996
2.18531
2.1903099999999998
2.18531
2.18531
2.1703099999999997
2.15531
2.18031
2.1903099999999998
2.1953099999999997
2.1903099999999998
2.18031
2.1703099999999997
2.16531
2.16031
2.16031
2.1503099999999997
2.13531
2.1303099999999997
2.1303099999999997
2.1303099999999997
2.1303099999999997
2.1303099999999997
2.12031
2.12531
2.15531
2.15531
2.14531
2.14531
2.14031
2.14031
2.13531
2.13531
2.12031
2.11531
2.1103099999999997
2.10031
2.10531
2.09531
2.0853099999999998
2.0853099999999998
2.10031
2.10531
2.10031
2.11531
2.12031
2.1103099999999997
2.10031
2.10031
2.09531
2.0903099999999997
2.08031
2.08031
2.08031
2.0853099999999998
2.10531
2.10031
2.09531
2.08031
2.0853099999999998
2.08031
2.0853099999999998
2.0853099999999998
2.0903099999999997
2.09531
2.09531
2.0903099999999997
2.10031
2.10531
2.10031
2.0903099999999997
2.0853099999999998
2.08031
2.07531
2.0703099999999997
2.0653099999999998
2.0653099999999998
2.05531
2.0503099999999996
2.04031
2.0453099999999997
2.04031
2.03531
2.0253099999999997
2.01531
2.01031
2.01031
2.0053099999999997
2.01031
2.0053099999999997
2.0053099999999997
2.01031
2.01031
1.99531
2.0053099999999997
2.00031
1.9903099999999998
1.98531
1.97531
1.96531
1.9603099999999998
1.9553099999999999
1.9503099999999998
1.9453099999999999
1.9353099999999999
1.9303099999999997
1.9253099999999999
1.9153099999999998
1.91031
1.8953099999999998
1.89031
1.89031
1.89031
1.8953099999999998
1.89031
1.90031
1.90031
1.8953099999999998
1.8853099999999998
1.8753099999999998
1.87031
1.8653099999999998
1.86031
1.85031
1.8453099999999998
1.8453099999999998
1.8353099999999998
1.8353099999999998
1.8253099999999998
1.8103099999999999
1.8103099999999999
1.8053099999999997
1.79531
1.7903099999999998
1.78531
1.77531
1.7703099999999998
1.77531
1.7603099999999998
1.7503099999999998
1.74531
1.7403099999999998
1.7503099999999998
1.7303099999999998
1.7303099999999998
1.7203099999999998
1.71531
1.7203099999999998
1.71531
1.7053099999999999
1.7053099999999999
1.7053099999999999
1.7103099999999998
1.7003099999999998
1.7003099999999998
1.6953099999999999
1.6953099999999999
1.7053099999999999
1.71531
1.71531
1.71531
1.7103099999999998
1.7103099999999998
1.7053099999999999
1.7003099999999998
1.7053099999999999
1.6953099999999999
1.6953099999999999
1.6953099999999999
1.6853099999999999
1.6753099999999999
1.6753099999999999
1.6653099999999998
1.6653099999999998
1.65031
1.65031
1.64031
1.63031
1.63531
1.63031
1.6203100000000001
1.63031
1.63031
1.64031
1.64031
1.6453099999999998
1.64031
1.6453099999999998
1.6453099999999998
1.64031
1.64031
1.63531
1.64031
1.63031
1.62531
1.6203100000000001
1.62531
1.6103100000000001
1.61531
1.6203100000000001
1.6203100000000001
1.6103100000000001
1.6103100000000001
1.6103100000000001
1.59531
1.59531
1.5903100000000001
1.58531
1.58031
1.57531
1.57031
1.56031
1.56031
1.55531
1.54531
1.54031
1.54531
1.54031
1.53531
1.53031
1.54531
1.54031
1.53031
1.54031
1.54531
1.54531
1.55031
1.54531
1.54031
1.53531
1.53031
1.52531
1.52531
1.52031
1.52031
1.52031
1.51531
1.51031
1.4953100000000001
1.4853100000000001
1.4853100000000001
1.47031
1.46031
1.45531
1.44531
1.43531
1.43031
1.42031
1.41531
1.41031
1.41031
1.40031
1.40031
1.39531
1.39531
1.38531
1.37531
1.3703100000000001
1.3703100000000001
1.37531
1.38531
1.3703100000000001
1.365
1.37531
1.3703100000000001
1.36531
1.3603100000000001
1.34531
1.3403100000000001
1.33531
1.33031
1.32031
1.31531
1.30531
1.30531
1.29531
1.28531
1.28531
1.27531
1.27031
1.26531
1.25531
1.25031
1.2453100000000001
1.2353100000000001
1.24
1.2253100000000001
1.2153100000000001
1.21031
1.20031
1.20031
1.20531
1.2253100000000001
1.2253100000000001
1.22031
1.2253100000000001
1.23031
1.2253100000000001
1.2153100000000001
1.22031
1.21031
1.20031
1.19531
1.18031
1.17531
1.17531
1.17031
1.15531
1.15031
1.14531
1.14031
1.13531
1.13031
1.12531
1.12531
1.12531
1.1203100000000001
1.11531
1.1103100000000001
1.1003100000000001
1.1003100000000001
1.09531
1.08531
1.08031
1.06531
1.06531
1.05531
1.06031
1.06031
1.05031
1.04531
1.03531
1.03031
1.03031
1.02031
1.01531
1.01031
1.01531
1.00531
1.00031
0.9953120000000001
1.00031
1.00531
1.00531
1.01031
1.01031
1.01031
1.00531
1.00031
0.995
0.9903120000000001
0.9903120000000001
0.9853120000000001
0.975
0.9753120000000001
0.9703120000000001
0.9703120000000001
0.9853120000000001
0.995
1.015
1.02531
1.03031
1.01531
1.02531
1.02031
1.01531
1.00531
1.01
0.9953120000000001
0.9953120000000001
0.9853120000000001
0.9903120000000001
0.975
0.975
0.9703120000000001
0.960312
0.960312
0.9653120000000001
0.945313
0.955312
0.940313
0.940313
0.94
0.940313
0.930312
0.9253120000000001
0.9153120000000001
0.9103120000000001
0.9103120000000001
0.9003120000000001
0.885
0.8903120000000001
0.8953120000000001
0.8853120000000001
0.8753129999999999
0.87
0.8653120000000001
0.8653120000000001
0.86
0.8553120000000001
0.855
0.8453120000000001
0.8403120000000001
0.8453120000000001
0.835312
0.835
0.830312
0.830312
0.825312
0.82
0.8153130000000001
0.8103130000000001
0.805312
0.8103130000000001
0.8103130000000001
0.8153130000000001
0.81
0.8103130000000001
0.81
0.8153130000000001
0.81
0.8153130000000001
0.81
0.8103130000000001
0.820313
0.825312
0.8453120000000001
0.8503120000000001
0.8503120000000001
0.8503120000000001
0.8603120000000001
0.8653120000000001
0.8653120000000001
0.86
0.8553120000000001
0.8553120000000001
0.835312
0.855
0.8603120000000001
0.8653120000000001
0.8653120000000001
0.865
0.8603120000000001
0.8553120000000001
0.8553120000000001
0.8553120000000001
0.85
0.8453120000000001
0.845
0.8403120000000001
0.8403120000000001
0.835312
0.83
0.830312
0.825312
0.82
0.820313
0.8103130000000001
0.81
0.8
0.805312
0.8103130000000001
0.8
0.81
0.815
0.805312
0.8153130000000001
0.815
0.8103130000000001
0.805312
0.800312
0.795312
0.79
0.790312
0.785312
0.780312
0.775312
0.775
0.770312
0.765312
0.765312
0.765312
0.77
0.77
0.770312
0.77
0.76
0.760312
0.750313
0.750313
0.75
0.760312
0.775
0.78
0.785
0.785
0.785312
0.790312
0.790312
0.785312
0.785312
0.780312
0.785312
0.78
0.775312
0.77
0.765312
0.765312
0.76
0.755313
0.750313
0.745313
0.74
