0.56969266641767
0.8182352053640434
0.5891207473543005
0.3551629260245055
0.5199126686141082
0.9271281258800033
0.658205358999959
0.5010873287486646
0.870480002133496
0.39530084084893025
0.6511739352520125
0.7136311296015072
0.4768445108721695
0.5882106709564183
0.5475238458870368
0.842723900636416
0.7009609017127059
0.6568286939758996
0.4763536978358309
0.6267936755518237
0.9828217940581654
0.7745558960582262
0.6719046340469612
0.7619480163173962
0.6919607436079767
0.6841650968655211
0.8084794583362784
0.3650357881616939
0.8186714416206697
0.7719855662240014
0.4024978929312433
0.6911087454177114
0.4633512956053678
0.9212648280730231
0.5477363757634011
0.5158693889610619
0.6477745215219359
0.6929443006305025
0.7013054388292532
