0.49385107535158584
0.7447753057858599
0.5616084902609562
0.41954141661211836
0.513888582169581
0.8161958487817949
0.5954216323316134
0.4892650760450081
0.7192550584044274
0.4006737468667607
0.5562333210595682
0.580681188594979
0.48190773867032144
0.5618827124982374
0.5168705141962459
0.794437865213153
0.6319668079218739
0.6123250711783222
0.4922792507197144
0.6365675709081154
0.7249987974226204
0.6307436765453118
0.5555897097975713
0.6756916296636613
0.5868895285918774
0.6043959115648365
0.6645211069614574
0.37930701749508555
0.7834841098608404
0.6405512154835074
0.44681876119519676
0.6224317282509294
0.46575572623833816
0.782051550453599
0.521343055894488
0.43261821096781916
0.6505407583176701
0.6052803092625452
0.6647591338245185
