1.40031
1.41031
1.42531
1.41031
1.41031
1.41531
1.42031
1.42531
1.42031
1.42031
1.41031
1.40531
1.41031
1.43531
1.46031
1.46031
1.48
1.4953100000000001
1.50531
1.50531
1.51031
1.52531
1.55531
1.56531
1.57531
1.5903100000000001
1.57031
1.59531
1.60531
1.62531
1.63031
1.61531
1.6103100000000001
1.6203100000000001
1.63031
1.63031
1.6203100000000001
1.62531
1.63031
1.63531
1.63531
1.63031
1.62
1.63031
1.62531
1.62531
1.61531
1.61531
1.61531
1.60531
1.60531
1.61531
1.6203100000000001
1.64031
1.6453099999999998
1.65031
1.6753099999999999
1.6853099999999999
1.6803099999999997
1.6853099999999999
1.685
1.6753099999999999
1.67031
1.6803099999999997
1.6853099999999999
1.6803099999999997
1.67031
1.6753099999999999
1.6803099999999997
1.67031
1.66031
1.66031
1.6753099999999999
1.6753099999999999
1.6803099999999997
1.6853099999999999
1.6903099999999998
1.6803099999999997
1.6803099999999997
1.6853099999999999
1.6803099999999997
1.6653099999999998
1.67031
1.66031
1.67031
1.7053099999999999
1.7203099999999998
1.71531
1.735
1.7703099999999998
1.7803099999999998
1.8003099999999999
1.8103099999999999
1.8103099999999999
1.84031
1.86031
1.86031
1.8653099999999998
1.8953099999999998
1.89031
1.90031
1.9153099999999998
1.91031
1.91031
1.92031
1.9303099999999997
1.9353099999999999
1.9303099999999997
1.9253099999999999
1.9153099999999998
1.9053099999999998
1.9053099999999998
1.90031
1.8853099999999998
1.9053099999999998
1.8753099999999998
1.88031
1.88031
1.88031
1.87031
1.8653099999999998
1.8553099999999998
1.8553099999999998
1.8553099999999998
1.85031
1.86031
1.8853099999999998
1.8853099999999998
1.8853099999999998
1.8853099999999998
1.8753099999999998
1.8753099999999998
1.88031
1.8853099999999998
1.8853099999999998
1.8753099999999998
1.8853099999999998
1.9253099999999999
1.9453099999999999
1.9503099999999998
1.9603099999999998
1.9553099999999999
1.9503099999999998
1.96531
1.97531
1.9703099999999998
1.99531
2.03531
2.03531
2.04031
2.0453099999999997
2.07531
2.09531
2.10531
2.10531
2.10531
2.10531
2.10531
2.10531
2.10031
2.0903099999999997
2.0853099999999998
2.07531
2.0653099999999998
2.05531
2.0503099999999996
2.05531
2.0703099999999997
2.0703099999999997
2.07531
2.0853099999999998
2.0853099999999998
2.09531
2.09531
2.0853099999999998
2.07531
2.0703099999999997
2.0653099999999998
2.0703099999999997
2.06031
2.0503099999999996
2.0503099999999996
2.0653099999999998
2.0703099999999997
2.0703099999999997
2.08031
2.0853099999999998
2.0853099999999998
2.0853099999999998
2.09531
2.12031
2.1503099999999997
2.1503099999999997
2.14531
2.13531
2.13531
2.14531
2.14531
2.14531
2.13531
2.14531
2.1503099999999997
2.14031
2.1303099999999997
2.13531
2.12531
2.11531
2.12031
2.11531
2.11531
2.10531
2.10031
2.09531
2.09531
2.0903099999999997
2.0903099999999997
2.08031
2.0703099999999997
2.0653099999999998
2.07531
2.0703099999999997
2.0653099999999998
2.06031
2.07531
2.08031
2.07531
2.08031
2.09531
2.0903099999999997
2.0853099999999998
2.08031
2.08031
2.08031
2.08031
2.07531
2.0903099999999997
2.11531
2.14531
2.16031
2.18531
2.23
2.2553099999999997
2.25031
2.25031
2.24531
2.24531
2.24031
2.24531
2.2753099999999997
2.28031
2.28031
2.28531
2.28531
2.28531
2.29031
2.2953099999999997
2.29031
2.28531
2.28031
2.28031
2.28031
2.28531
2.28031
2.28031
2.28531
2.3003099999999996
2.2953099999999997
2.29031
2.28031
2.2753099999999997
2.27031
2.2553099999999997
2.25031
2.24031
2.24531
2.2353099999999997
2.23031
2.22531
2.23031
2.22531
2.23031
2.23031
2.22531
2.2153099999999997
2.2153099999999997
2.2153099999999997
2.22531
2.22531
2.24
2.24
2.24531
2.2553099999999997
2.26031
2.26531
2.28031
2.29031
2.2953099999999997
2.28531
2.2753099999999997
2.2753099999999997
2.28031
2.27031
2.26031
2.25031
2.24531
2.26531
2.26
2.26031
2.26531
2.26531
2.27031
2.27031
2.26531
2.26031
2.26531
2.28531
2.31031
2.3403099999999997
2.3353099999999998
2.35
2.37531
2.38531
2.39531
2.38531
2.38531
2.4253099999999996
2.4453099999999997
2.4403099999999998
2.4403099999999998
2.455
2.45031
2.45031
2.4453099999999997
2.43531
2.4253099999999996
2.43031
2.4253099999999996
2.4253099999999996
2.4203099999999997
2.41031
2.40531
2.4003099999999997
2.39531
2.38531
2.38531
2.37531
2.37031
2.37531
2.38531
2.3803099999999997
2.38531
2.38531
2.3803099999999997
2.37031
2.36531
2.36531
2.37531
2.4003099999999997
2.41031
2.4003099999999997
2.39531
2.39531
2.40531
2.4003099999999997
2.39531
2.38531
2.3803099999999997
2.3803099999999997
2.37031
2.35531
2.3603099999999997
2.34531
2.35031
2.34531
2.34531
2.32531
2.36531
2.37531
2.36531
2.35531
2.3353099999999998
2.35531
2.3803099999999997
2.38531
2.37531
2.37031
2.37031
2.37531
2.38531
2.3803099999999997
2.37031
2.35031
2.36531
2.36531
2.35531
2.3403099999999997
2.3353099999999998
2.34531
2.35031
2.3403099999999997
2.3403099999999997
2.3353099999999998
2.3153099999999998
2.32531
2.35031
2.3403099999999997
2.34531
2.37031
2.3803099999999997
2.37031
2.36531
2.36531
2.3803099999999997
2.39531
2.39031
2.43031
2.4603099999999998
2.4653099999999997
2.45531
2.45031
2.4453099999999997
2.47031
2.4853099999999997
2.48031
2.51531
2.5253099999999997
2.51531
2.51031
2.51031
2.51031
2.49031
2.47531
2.4653099999999997
2.47531
2.47531
2.4603099999999998
2.45031
2.45031
2.4453099999999997
2.45531
2.45531
2.45531
2.485
2.51531
2.51531
2.5053099999999997
2.51531
2.53031
2.57531
2.59531
2.60031
2.61531
2.6303099999999997
2.64031
2.6503099999999997
2.63531
2.63531
2.6703099999999997
2.6753099999999996
2.6703099999999997
2.68031
2.6703099999999997
2.68031
2.66031
2.6753099999999996
2.68031
2.6753099999999996
2.68031
2.70531
2.70031
2.70031
2.70531
2.7103099999999998
2.6953099999999997
2.70531
2.6953099999999997
2.6953099999999997
2.6953099999999997
2.7103099999999998
2.6953099999999997
2.68531
2.68531
2.68531
2.68031
2.70031
2.70531
2.70031
2.72031
2.7353099999999997
2.72531
2.72031
2.72531
2.74531
2.7553099999999997
2.75031
2.76031
2.76531
2.75031
2.74031
2.74531
2.75031
2.74031
2.74531
2.75031
2.73031
2.73031
2.73031
2.72531
2.7153099999999997
2.70531
2.6903099999999998
2.68031
2.6703099999999997
2.66531
2.66031
2.66531
2.66531
2.6703099999999997
2.66531
2.6703099999999997
2.66531
2.66531
2.66531
2.66031
2.6703099999999997
2.70531
2.7153099999999997
2.6903099999999998
2.6903099999999998
2.6903099999999998
2.68531
2.6903099999999998
2.68531
2.68531
2.7103099999999998
2.72031
2.7353099999999997
2.77031
2.7753099999999997
2.81031
2.84531
2.85031
2.85031
2.86531
2.85531
2.8603099999999997
2.85531
2.86531
2.95031
2.9853099999999997
2.98031
3.0053099999999997
3.0503099999999996
3.0853099999999998
3.10531
3.12031
3.11531
3.11531
3.09531
3.08031
3.06031
3.0503099999999996
3.0453099999999997
3.03531
3.0253099999999997
3.02031
3.0053099999999997
3.0053099999999997
2.99531
2.98031
2.98031
2.98031
2.99031
2.99031
3.02031
3.04031
3.03531
3.0253099999999997
3.0253099999999997
3.01031
3.0053099999999997
2.99031
2.99031
3.01031
3.0053099999999997
3.0053099999999997
3.0053099999999997
2.99031
2.9853099999999997
2.97531
2.9603099999999998
2.95031
2.95031
2.9653099999999997
2.97031
2.97531
2.99531
3.00031
2.99531
3.01031
3.02031
3.01031
3.01031
3.02031
3.01031
3.00031
2.99531
2.99531
2.99031
3.0053099999999997
3.01031
3.01031
3.01031
3.0253099999999997
3.03031
3.02031
3.01031
3.01531
3.01031
2.99531
3.0053099999999997
3.02031
3.02031
3.01531
3.0053099999999997
3.0053099999999997
3.0253099999999997
3.0253099999999997
3.02031
3.03031
3.0253099999999997
3.02031
3.01531
3.01531
3.0053099999999997
2.99531
3.00031
3.00031
3.0053099999999997
3.00031
3.00031
3.0053099999999997
3.01031
3.0253099999999997
3.03031
3.03031
3.03031
3.03031
3.03031
3.03031
3.04031
3.04031
3.03531
3.02031
3.01531
3.02031
3.01531
3.0053099999999997
3.01031
3.0053099999999997
2.99531
2.9853099999999997
2.97031
2.97031
2.95531
2.9453099999999997
2.93531
2.93531
2.93531
2.93531
2.93531
2.93531
2.9253099999999996
2.9253099999999996
2.93031
2.93031
2.93031
2.9253099999999996
2.9453099999999997
2.9453099999999997
2.93531
2.93531
2.9453099999999997
2.95531
2.9603099999999998
2.9603099999999998
2.95531
2.9403099999999998
2.9453099999999997
2.9453099999999997
2.9453099999999997
2.9453099999999997
2.9403099999999998
2.9603099999999998
2.9603099999999998
2.9603099999999998
2.9603099999999998
2.9653099999999997
2.9853099999999997
3.01031
3.0253099999999997
3.01031
3.0053099999999997
3.01531
3.0653099999999998
3.09531
3.09531
3.09531
3.13531
3.16531
3.1903099999999998
3.18031
3.18531
3.22031
3.2103099999999998
3.20031
3.1903099999999998
3.18031
3.1703099999999997
3.1753099999999996
3.16531
3.1503099999999997
3.13531
3.1103099999999997
3.10531
3.09531
3.0853099999999998
3.0703099999999997
3.0503099999999996
3.05531
3.04031
3.04031
3.03031
3.01531
3.00031
2.99531
2.99031
2.97531
2.97531
2.98031
2.9653099999999997
2.9453099999999997
2.93531
2.93031
2.93031
2.9253099999999996
2.91031
2.9253099999999996
2.9253099999999996
2.90531
2.91531
2.91531
2.90531
2.9003099999999997
2.89031
2.87531
2.8803099999999997
2.8803099999999997
2.87531
2.87031
2.87031
2.85531
2.84531
2.8403099999999997
2.86531
2.86531
2.8803099999999997
2.9203099999999997
2.9203099999999997
2.91531
2.90531
2.89531
2.8803099999999997
2.88531
2.87531
2.87531
2.8603099999999997
2.85531
2.8603099999999997
2.85031
2.8403099999999997
2.83031
2.83031
2.8353099999999998
2.86531
2.87531
2.85531
2.83031
2.8603099999999997
2.8803099999999997
2.9003099999999997
2.90531
2.9003099999999997
2.89031
2.9003099999999997
2.89031
2.88531
2.87531
2.8603099999999997
2.86531
2.85031
2.84531
2.84531
2.8403099999999997
2.8403099999999997
2.8353099999999998
2.8353099999999998
2.87031
2.86531
2.8803099999999997
2.8803099999999997
2.89031
2.8803099999999997
2.85031
2.84531
2.85531
2.85531
2.84531
2.85031
2.87531
2.8803099999999997
2.87531
2.86531
2.8603099999999997
2.87531
2.89531
2.90531
2.9003099999999997
2.93531
2.9253099999999996
2.91031
2.89031
2.87531
2.8803099999999997
2.84531
2.8353099999999998
2.8353099999999998
2.83031
2.8403099999999997
2.8403099999999997
2.82531
2.8353099999999998
2.82531
2.8153099999999998
2.80531
2.79031
2.7953099999999997
2.80531
2.8003099999999996
2.78531
2.77031
2.76531
2.78531
2.8203099999999997
2.8403099999999997
2.82531
2.83031
2.83031
2.8353099999999998
2.8203099999999997
2.8203099999999997
2.80531
2.81031
2.81031
2.7953099999999997
2.78531
2.78531
2.78531
2.81031
2.81031
2.81031
2.81031
2.81031
2.81031
2.80531
2.8003099999999996
2.79031
2.8003099999999996
2.8153099999999998
2.80531
2.8003099999999996
2.7953099999999997
2.81031
2.8353099999999998
2.84531
2.84531
2.87031
2.88531
2.87531
2.88531
2.89531
2.88531
2.89031
2.88531
2.8803099999999997
2.8803099999999997
2.8603099999999997
2.85031
2.8603099999999997
2.87531
2.86531
2.86531
2.89031
2.90531
2.91031
2.89031
2.89031
2.91031
2.90531
2.90531
2.89031
2.89531
2.89031
2.8803099999999997
2.86531
2.85531
2.8403099999999997
2.83031
2.8203099999999997
2.81031
2.79031
2.79031
2.7753099999999997
2.77031
2.76031
2.76031
2.74031
2.72531
2.72031
2.7103099999999998
2.70531
2.7103099999999998
2.70031
2.70031
2.70531
2.70031
2.70531
2.70031
2.6953099999999997
2.70031
2.70031
2.6953099999999997
2.68031
2.68531
2.68531
2.68031
2.68531
2.68531
2.68031
2.6753099999999996
2.6703099999999997
2.68031
2.68031
2.6703099999999997
2.6703099999999997
2.6753099999999996
2.6753099999999996
2.6753099999999996
2.68031
2.68531
2.6903099999999998
2.7103099999999998
2.70031
2.6953099999999997
2.70531
2.7103099999999998
2.7103099999999998
2.7153099999999997
2.70531
2.70531
2.70531
2.70531
2.70531
2.70531
2.72031
2.7103099999999998
2.70531
2.7103099999999998
2.7103099999999998
2.7103099999999998
2.70531
2.70531
2.72031
2.75031
2.76031
2.77031
2.78531
2.7753099999999997
2.78031
2.7753099999999997
2.76531
2.7553099999999997
2.74531
2.74531
2.74031
2.74031
2.75031
2.75031
2.74031
2.7353099999999997
2.73031
2.74031
2.74531
2.74031
2.73031
2.74031
2.75031
2.7553099999999997
2.76031
2.76031
2.78531
2.8203099999999997
2.82531
2.84531
2.87531
2.86531
2.87531
2.9003099999999997
2.91031
2.91531
2.90531
2.9003099999999997
2.91531
2.93031
2.9203099999999997
2.9203099999999997
2.91031
2.9003099999999997
2.90531
2.8803099999999997
2.87531
2.86531
2.87031
2.85531
2.85031
2.8603099999999997
2.87531
2.86531
2.85531
2.85531
2.85531
2.89031
2.9403099999999998
2.95031
2.9403099999999998
2.9403099999999998
2.9453099999999997
2.9453099999999997
2.95531
2.93531
2.93531
2.9203099999999997
2.90531
2.89531
2.88531
2.88531
2.89031
2.8803099999999997
2.88531
2.8803099999999997
2.89031
2.8803099999999997
2.88531
2.8803099999999997
2.87531
2.87031
2.8603099999999997
2.86531
2.91031
2.93531
2.9203099999999997
2.93
2.99031
3.0253099999999997
3.03031
3.01531
3.01531
3.02031
3.04031
3.03031
3.02031
3.01031
2.99531
2.99031
3.00031
3.0253099999999997
3.01531
3.03031
3.0503099999999996
3.04031
3.02031
3.0053099999999997
3.0053099999999997
2.9853099999999997
2.9853099999999997
2.9603099999999998
2.95531
2.95031
2.9453099999999997
2.9453099999999997
2.95531
2.9453099999999997
2.93031
2.91531
2.91031
2.9003099999999997
2.89031
2.9003099999999997
2.90531
2.89531
2.88531
2.89531
2.9003099999999997
2.88531
2.89031
2.87031
2.86531
2.8603099999999997
2.85531
2.87531
2.87031
2.88531
2.90531
2.90531
2.89031
2.8803099999999997
2.87531
2.87031
2.87031
2.87031
2.87031
2.85531
2.85531
2.85031
2.85531
2.8403099999999997
2.84531
2.85531
2.8403099999999997
2.83031
2.83031
2.8203099999999997
2.8203099999999997
2.83031
2.8203099999999997
2.8203099999999997
2.81031
2.8003099999999996
2.7953099999999997
2.8153099999999998
2.80531
2.81031
2.8203099999999997
2.82531
2.81031
2.8153099999999998
2.8153099999999998
2.80531
2.81031
2.79031
2.78031
2.77031
2.76531
2.79031
2.82531
2.8403099999999997
2.85531
2.89531
2.9203099999999997
2.91031
2.9003099999999997
2.89031
2.8803099999999997
2.8803099999999997
2.88531
2.8803099999999997
2.8803099999999997
2.8803099999999997
2.87531
2.89031
2.87031
2.88531
2.8603099999999997
2.85031
2.85031
2.84531
2.8403099999999997
2.83031
2.82531
2.8203099999999997
2.81031
2.81031
2.80531
2.81031
2.80531
2.7953099999999997
2.8003099999999996
2.80531
2.80531
2.8003099999999996
2.8003099999999996
2.8003099999999996
2.7953099999999997
2.78531
2.7753099999999997
2.76531
2.77031
2.7753099999999997
2.76531
2.77031
2.77031
2.76531
2.75031
2.74531
2.75031
2.75031
2.74531
2.74031
2.74031
2.75031
2.74531
2.76031
2.76531
2.7753099999999997
2.78531
2.78531
2.7753099999999997
2.78031
2.79031
2.79031
2.78531
2.7753099999999997
2.77031
2.76031
2.76031
2.76031
2.76031
2.76031
2.7553099999999997
2.76531
2.76531
2.77031
2.76531
2.77031
2.7953099999999997
2.8203099999999997
2.80531
2.80531
2.8003099999999996
2.8003099999999996
2.81031
2.79031
2.78531
2.78031
2.7753099999999997
2.77031
2.77031
2.76031
2.7553099999999997
2.74031
2.72531
2.72031
2.70531
2.70031
2.68531
2.6703099999999997
2.6503099999999997
2.6503099999999997
2.6503099999999997
2.63531
2.6303099999999997
2.63531
2.62531
2.61531
2.62531
2.62531
2.62531
2.62031
2.61531
2.60531
2.60031
2.6103099999999997
2.60531
2.60531
2.59531
2.5903099999999997
2.5903099999999997
2.5903099999999997
2.60531
2.6103099999999997
2.60531
2.62531
2.61531
2.6103099999999997
2.60531
2.60031
2.6103099999999997
2.62031
2.61531
2.6103099999999997
2.62031
2.62
2.6103099999999997
2.6103099999999997
2.6103099999999997
2.60031
2.60031
2.59531
2.5853099999999998
2.585
2.5903099999999997
2.58031
2.59531
2.61531
2.61531
2.60531
2.61531
2.64031
2.66531
2.66531
2.6753099999999996
2.6903099999999998
2.6903099999999998
2.68031
2.6703099999999997
2.64531
2.64031
2.63531
2.64531
2.6503099999999997
2.64031
2.64031
2.64531
2.6303099999999997
2.62031
2.61531
2.60531
2.60031
2.5903099999999997
2.61531
2.6303099999999997
2.64
2.665
2.6753099999999996
2.6753099999999996
2.66531
2.6503099999999997
2.63531
2.64531
2.65531
2.64531
2.64531
2.6303099999999997
2.6303099999999997
2.62031
2.62531
2.5903099999999997
2.5853099999999998
2.5853099999999998
2.5703099999999997
2.5653099999999998
2.56031
2.5503099999999996
2.5653099999999998
2.5853099999999998
2.5703099999999997
2.57
2.56031
2.5453099999999997
2.53031
2.53031
2.5453099999999997
2.5503099999999996
2.5453099999999997
2.5503099999999996
2.55531
2.56
2.5653099999999998
2.56031
2.5503099999999996
2.5503099999999996
2.56031
2.56031
2.54031
2.53531
2.52031
2.5053099999999997
2.49531
2.48031
2.47031
2.4603099999999998
2.47031
2.47031
2.4653099999999997
2.4853099999999997
2.4853099999999997
2.4853099999999997
2.4653099999999997
2.45531
2.45531
2.45031
2.4403099999999998
2.43031
2.43031
2.4203099999999997
2.40531
2.4003099999999997
2.39531
2.3803099999999997
2.36531
2.3603099999999997
2.35531
2.3403099999999997
2.32531
2.3153099999999998
2.3153099999999998
2.31031
2.31031
2.3003099999999996
2.30531
2.28031
2.27031
2.26031
2.2553099999999997
2.24531
2.2353099999999997
2.24031
2.27031
2.27031
2.29
2.3003099999999996
2.3003099999999996
2.31031
2.3003099999999996
2.30531
2.3203099999999997
2.31031
2.3003099999999996
2.30531
2.3203099999999997
2.31031
2.3003099999999996
2.285
2.3153099999999998
2.3353099999999998
2.33031
2.3203099999999997
2.3153099999999998
2.3203099999999997
2.32531
2.31031
2.3003099999999996
2.2953099999999997
2.28531
2.28531
2.2753099999999997
2.27031
2.27031
2.2553099999999997
2.25031
2.24531
2.24531
2.24031
2.255
2.2553099999999997
2.2553099999999997
2.2553099999999997
2.2753099999999997
2.29031
2.27031
2.28
2.2953099999999997
2.30531
2.3003099999999996
2.28531
2.28031
2.27031
2.26531
2.25031
2.2553099999999997
2.26531
2.25031
2.25031
2.26
2.24531
2.23031
2.22531
2.22031
2.2153099999999997
2.2103099999999998
2.20531
2.1953099999999997
2.20531
2.2
2.20531
2.2153099999999997
2.2103099999999998
2.20531
2.20531
2.22031
2.22031
2.2153099999999997
2.2153099999999997
2.20531
2.20031
2.20531
2.19
2.1903099999999998
2.18531
2.1953099999999997
2.215
2.23031
2.23031
2.22031
2.2153099999999997
2.20531
2.20031
2.1903099999999998
2.175
2.1703099999999997
2.1703099999999997
2.16031
2.1703099999999997
2.18031
2.1903099999999998
2.18531
2.1953099999999997
2.2103099999999998
2.1953099999999997
2.22031
2.1953099999999997
2.1953099999999997
2.20031
2.1953099999999997
2.1753099999999996
2.1753099999999996
2.1703099999999997
2.18031
2.1953099999999997
2.1903099999999998
2.18031
2.1703099999999997
2.165
2.18031
2.195
2.20531
2.1953099999999997
2.1903099999999998
2.18031
2.1703099999999997
2.16531
2.16531
2.1753099999999996
2.1703099999999997
2.1703099999999997
2.16031
2.15531
2.14531
2.14031
2.13531
2.13531
2.14031
2.14
2.1503099999999997
2.14031
2.14531
2.14031
2.14531
2.14031
2.13531
2.12031
2.12531
2.11531
2.10531
2.10031
2.09531
2.095
2.1103099999999997
2.12531
2.11531
2.11531
2.1103099999999997
2.11531
2.1103099999999997
2.1103099999999997
2.10531
2.11531
2.12531
2.125
2.13531
2.1503099999999997
2.14531
2.14031
2.1503099999999997
2.14531
2.1503099999999997
2.1503099999999997
2.14531
2.155
2.15531
2.1503099999999997
2.15531
2.16531
2.16031
2.17
2.195
2.20531
2.1903099999999998
2.1903099999999998
2.18031
2.1753099999999996
2.1703099999999997
2.1703099999999997
2.1703099999999997
2.16531
2.1503099999999997
2.16031
2.14531
2.1503099999999997
2.1503099999999997
2.14031
2.1303099999999997
2.13531
2.1303099999999997
2.12531
2.1103099999999997
2.12031
2.12531
2.1303099999999997
2.1503099999999997
2.15
2.17
2.18531
2.18531
2.1903099999999998
2.1953099999999997
2.1903099999999998
2.1903099999999998
2.2153099999999997
2.2153099999999997
2.2103099999999998
2.20531
2.20531
2.2103099999999998
2.20031
2.1903099999999998
2.1903099999999998
2.1953099999999997
2.18531
2.18
2.1753099999999996
2.16531
2.15531
2.15531
2.1703099999999997
2.1703099999999997
2.16531
2.16531
2.15531
2.1503099999999997
2.16031
2.185
2.18531
2.18031
2.1753099999999996
2.16531
2.1503099999999997
2.1503099999999997
2.15
2.14031
2.14531
2.1503099999999997
2.16531
2.1753099999999996
2.175
2.1953099999999997
2.1953099999999997
2.1903099999999998
2.18031
2.16031
2.1753099999999996
2.16031
2.16031
2.15531
2.1503099999999997
2.1503099999999997
2.16531
2.15531
2.1503099999999997
2.14531
2.14031
2.12531
2.12031
2.115
2.105
2.105
2.10031
2.0903099999999997
2.08031
2.07531
2.07531
2.0703099999999997
2.0653099999999998
2.04031
2.0503099999999996
2.0503099999999996
2.05531
2.0653099999999998
2.05531
2.06031
2.06
2.075
2.08031
2.08031
2.0903099999999997
2.09531
2.0903099999999997
2.07531
2.07531
2.07531
2.0903099999999997
2.085
2.08031
2.0703099999999997
2.06031
2.0853099999999998
2.1103099999999997
2.10031
2.11531
2.12531
2.1303099999999997
2.12031
2.12531
2.12031
2.1103099999999997
2.10031
2.095
2.1103099999999997
2.12031
2.11531
2.12
2.12531
2.12031
2.12
2.115
2.10531
2.11531
2.1103099999999997
2.10531
2.09531
2.0903099999999997
2.0903099999999997
2.10031
2.09531
2.105
2.1103099999999997
2.11
2.11531
2.1
2.0903099999999997
2.0853099999999998
2.075
2.08031
2.0903099999999997
2.095
2.0903099999999997
2.09531
2.0903099999999997
2.09531
2.08031
2.0853099999999998
2.10531
2.1103099999999997
2.11531
2.1103099999999997
2.12531
2.1303099999999997
2.13531
2.135
2.13531
2.15
2.175
2.185
2.18531
2.1953099999999997
2.20531
2.2103099999999998
2.20031
2.1953099999999997
2.1953099999999997
2.18531
2.18531
2.18531
2.18031
2.1753099999999996
2.16031
2.16531
2.16031
2.16531
2.155
2.15531
2.14031
2.14531
2.13531
2.1303099999999997
2.15
2.15531
2.14031
2.1303099999999997
2.12031
2.11531
2.1103099999999997
2.11531
2.12031
2.12031
2.12031
2.10531
2.1103099999999997
2.1103099999999997
2.10031
2.09531
2.085
2.08031
2.0703099999999997
2.07
2.075
2.07531
2.0653099999999998
2.0653099999999998
2.0703099999999997
2.08031
2.07531
2.0903099999999997
2.1103099999999997
2.10531
2.10531
2.10031
2.12031
2.12031
2.12531
2.14031
2.13531
2.13531
2.15531
2.16031
2.1503099999999997
2.145
2.14531
2.145
2.14531
2.14031
2.14531
2.13531
2.12531
2.11
2.12
2.11531
2.12031
2.1103099999999997
2.11531
2.10531
2.0903099999999997
2.0853099999999998
2.08031
2.07531
2.07531
2.0703099999999997
2.06
2.05
2.04031
2.04031
2.04031
2.03531
2.03531
2.03531
2.02
2.03031
2.0253099999999997
2.0253099999999997
2.03031
2.03031
2.04031
2.0253099999999997
2.04031
2.0503099999999996
2.0503099999999996
2.04031
2.03031
2.025
2.01531
2.01031
2.00031
2.00031
1.99531
1.98531
1.98531
1.99531
2.0053099999999997
1.9903099999999998
2.00031
1.9903099999999998
2.00031
2.00031
2.01531
2.03031
2.03531
2.0253099999999997
2.01531
2.01531
2.01031
2.02031
2.01
2.01031
2.00031
1.99
1.985
1.975
1.9703099999999998
1.9553099999999999
1.9603099999999998
1.9803099999999998
1.98531
1.98531
1.9803099999999998
1.9903099999999998
2.00031
2.01531
2.01031
2.0053099999999997
1.99531
1.98531
1.9903099999999998
1.9803099999999998
1.975
1.96531
1.96
1.9553099999999999
1.96531
1.965
1.965
1.975
1.97531
1.96531
1.9603099999999998
1.9453099999999999
1.9553099999999999
1.96
1.9553099999999999
1.9553099999999999
1.9553099999999999
1.96531
1.9553099999999999
1.9453099999999999
1.9403099999999998
1.9353099999999999
1.9253099999999999
1.92031
1.9153099999999998
1.9053099999999998
1.9
1.91031
1.91
1.92
1.9303099999999997
1.905
1.9153099999999998
1.91031
1.90031
1.90031
1.89031
1.88031
1.8753099999999998
1.87031
1.8653099999999998
1.86
1.8553099999999998
1.85031
1.86031
1.86
1.8653099999999998
1.8553099999999998
1.845
1.845
1.8353099999999998
1.8353099999999998
1.8453099999999998
1.845
1.84
1.85031
1.8553099999999998
1.86031
1.8453099999999998
1.84031
1.84031
1.84031
1.85031
1.85031
1.8553099999999998
1.86031
1.86031
1.8553099999999998
1.84031
1.8353099999999998
1.8303099999999999
1.815
1.805
1.8003099999999999
1.79531
1.7903099999999998
1.7903099999999998
1.79531
1.8003099999999999
1.8103099999999999
1.815
1.815
1.8103099999999999
1.8003099999999999
1.78531
1.78531
1.77531
1.7703099999999998
1.7603099999999998
1.75531
1.74531
1.735
1.7303099999999998
1.72
1.7103099999999998
1.7003099999999998
1.695
1.6903099999999998
1.68
1.675
1.67031
1.66031
1.655
1.6553099999999998
1.6453099999999998
1.63531
1.63531
1.63
1.63
1.6203100000000001
1.62531
1.63
1.64031
1.65031
1.645
1.645
1.635
1.64
1.6203100000000001
1.63531
1.63031
1.62531
1.63031
1.6203100000000001
1.62531
1.63031
1.64
1.63531
1.62531
1.62531
1.625
1.61531
1.6203100000000001
1.6203100000000001
1.60531
1.605
1.6103100000000001
1.6103100000000001
1.6103100000000001
1.625
1.6203100000000001
1.61531
1.615
1.60531
1.585
1.5903100000000001
1.6003100000000001
1.58031
1.58031
1.58
1.5903100000000001
1.5903100000000001
1.585
1.59531
1.595
1.595
1.6003100000000001
1.595
1.585
1.57031
1.565
1.565
1.57531
1.555
1.545
1.53531
1.53
1.52031
1.52031
1.51531
1.50031
1.495
1.49
1.4853100000000001
1.48
1.47031
1.47031
1.48031
1.495
1.515
1.53531
1.52531
1.53
1.52
1.52531
1.52031
1.50531
1.505
1.5
1.4953100000000001
1.4953100000000001
1.4853100000000001
1.4753100000000001
1.47031
1.47031
1.4753100000000001
1.48
1.49031
1.5
1.5
1.49
1.4953100000000001
1.4953100000000001
1.495
1.48
1.46
1.48
1.4853100000000001
1.48031
1.47031
1.4653100000000001
1.46031
1.46031
1.45531
1.45031
1.445
1.435
1.425
1.42531
1.41531
1.41031
1.40031
1.40031
1.39531
1.385
1.38
1.38
1.36531
1.355
1.35
1.34531
1.33031
1.34531
1.3603100000000001
1.345
1.36
1.365
1.3703100000000001
1.3703100000000001
1.37531
1.38031
1.38031
1.37531
1.39031
1.39531
1.395
1.41031
1.40031
1.41031
1.43031
1.41
1.41031
1.41
1.405
1.39031
1.39031
1.38531
1.37531
1.37531
1.3703100000000001
1.365
1.3603100000000001
1.3503100000000001
1.345
1.345
1.34
1.33031
1.315
1.32
1.30531
1.31031
1.31031
1.31031
1.305
1.3
1.3
1.29531
1.305
1.30531
1.3
1.30531
1.31531
1.315
1.31531
1.31
1.31
1.295
1.295
1.29031
1.30031
1.31
1.305
1.29531
1.31
1.31031
1.30031
1.3
1.30531
1.30531
1.305
1.30531
1.3
1.295
1.30531
1.30531
1.30531
1.30531
1.3
1.30031
1.29531
1.295
1.30531
1.31531
1.3503100000000001
1.35
1.3603100000000001
1.3503100000000001
1.3603100000000001
1.3603100000000001
1.35531
1.35531
1.345
1.34
1.34531
1.335
1.335
1.33031
1.32531
1.32031
1.32031
1.32031
1.31531
1.31031
1.30031
1.30031
1.295
1.29531
1.29531
1.29031
1.305
1.31531
1.31031
1.31031
1.305
1.30031
1.30031
1.295
1.29531
1.30031
1.32031
1.32031
1.33531
1.3503100000000001
1.36
1.3603100000000001
1.35531
1.3603100000000001
1.37531
1.375
1.3703100000000001
1.375
1.36531
1.355
1.3503100000000001
1.3403100000000001
1.335
1.33
1.32531
1.32031
1.31031
1.31531
1.31031
1.305
1.3
1.29
1.285
1.28
1.27
1.28531
1.30531
1.305
