1.58031
1.6003100000000001
1.61531
1.6203100000000001
1.6203100000000001
1.62531
1.6453099999999998
1.6553099999999998
1.6653099999999998
1.67031
1.6753099999999999
1.6653099999999998
1.6653099999999998
1.66031
1.67031
1.6803099999999997
1.6853099999999999
1.6803099999999997
1.6803099999999997
1.6903099999999998
1.695
1.7053099999999999
1.7003099999999998
1.6953099999999999
1.6953099999999999
1.6953099999999999
1.7003099999999998
1.6853099999999999
1.72531
1.75531
1.75531
1.7703099999999998
1.7903099999999998
1.7903099999999998
1.7803099999999998
1.77531
1.7803099999999998
1.79531
1.7903099999999998
1.7903099999999998
1.7803099999999998
1.78531
1.7903099999999998
1.77531
1.7703099999999998
1.77531
1.7803099999999998
1.7703099999999998
1.76531
1.75531
1.75531
1.7403099999999998
1.7303099999999998
1.7203099999999998
1.7103099999999998
1.71531
1.7103099999999998
1.6953099999999999
1.7003099999999998
1.6903099999999998
1.7053099999999999
1.71531
1.7103099999999998
1.71531
1.72531
1.7303099999999998
1.7303099999999998
1.73531
1.7303099999999998
1.7403099999999998
1.7303099999999998
1.72531
1.72531
1.7303099999999998
1.73531
1.7503099999999998
1.75531
1.7503099999999998
1.7603099999999998
1.7803099999999998
1.7903099999999998
1.8003099999999999
1.7903099999999998
1.78531
1.77531
1.76531
1.7603099999999998
1.7603099999999998
1.785
1.8153099999999998
1.8353099999999998
1.8303099999999999
1.8253099999999998
1.8353099999999998
1.85031
1.8453099999999998
1.8553099999999998
1.8453099999999998
1.84031
1.8303099999999999
1.8303099999999999
1.8153099999999998
1.8053099999999997
1.8103099999999999
1.8153099999999998
1.84031
1.88031
1.8953099999999998
1.9453099999999999
1.98531
1.99531
1.98531
1.9803099999999998
1.9703099999999998
1.9553099999999999
1.96531
1.9453099999999999
1.9453099999999999
1.9353099999999999
1.9303099999999997
1.9253099999999999
1.9403099999999998
1.9453099999999999
1.9353099999999999
1.9353099999999999
1.9353099999999999
1.9353099999999999
1.9253099999999999
1.91031
1.9053099999999998
1.91031
1.91031
1.91031
1.90031
1.89031
1.89031
1.885
1.9053099999999998
1.91031
1.90031
1.8953099999999998
1.8953099999999998
1.8853099999999998
1.88031
1.87031
1.8653099999999998
1.87031
1.87031
1.86031
1.85031
1.84031
1.8303099999999999
1.8253099999999998
1.8203099999999999
1.8253099999999998
1.8253099999999998
1.8303099999999999
1.8353099999999998
1.8353099999999998
1.8453099999999998
1.8303099999999999
1.85031
1.8553099999999998
1.8553099999999998
1.87031
1.88031
1.8753099999999998
1.89031
1.9153099999999998
1.9453099999999999
1.9503099999999998
1.985
2.03531
2.05531
2.05531
2.06031
2.0703099999999997
2.07531
2.0703099999999997
2.06031
2.04031
2.04031
2.03531
2.03031
2.03031
2.02031
2.03531
2.03531
2.03531
2.04031
2.03531
2.03031
2.0253099999999997
2.04031
2.03531
2.03531
2.0253099999999997
2.01531
2.01031
2.00031
2.02031
2.04031
2.06031
2.0653099999999998
2.0903099999999997
2.10031
2.0903099999999997
2.0903099999999997
2.0853099999999998
2.08031
2.0853099999999998
2.08031
2.0903099999999997
2.09531
2.08031
2.07531
2.0703099999999997
2.0703099999999997
2.08031
2.0903099999999997
2.0853099999999998
2.0903099999999997
2.0853099999999998
2.09531
2.11531
2.1103099999999997
2.10031
2.10031
2.10031
2.0853099999999998
2.0853099999999998
2.08031
2.0703099999999997
2.06031
2.05531
2.0503099999999996
2.0503099999999996
2.06031
2.0653099999999998
2.07531
2.0853099999999998
2.0853099999999998
2.08031
2.08031
2.08031
2.0653099999999998
2.06031
2.04031
2.06031
2.0503099999999996
2.06031
2.05531
2.06031
2.06031
2.0653099999999998
2.05531
2.0503099999999996
2.0453099999999997
2.06031
2.08031
2.07531
2.07531
2.0703099999999997
2.0653099999999998
2.0653099999999998
2.07531
2.08031
2.07
2.0853099999999998
2.0903099999999997
2.08031
2.08031
2.0703099999999997
2.0653099999999998
2.06031
2.0653099999999998
2.06031
2.06031
2.0503099999999996
2.0503099999999996
2.05531
2.0453099999999997
2.04031
2.03031
2.0253099999999997
2.03531
2.03031
2.03031
2.0453099999999997
2.0503099999999996
2.0453099999999997
2.0503099999999996
2.0703099999999997
2.05531
2.0503099999999996
2.05531
2.06031
2.06031
2.0653099999999998
2.05531
2.0503099999999996
2.06031
2.08031
2.10031
2.09531
2.12531
2.14531
2.15531
2.1503099999999997
2.14031
2.13531
2.1303099999999997
2.12031
2.09531
2.1103099999999997
2.11531
2.11531
2.1103099999999997
2.10031
2.10031
2.10531
2.09531
2.0853099999999998
2.0853099999999998
2.08031
2.0853099999999998
2.09531
2.0903099999999997
2.08031
2.0853099999999998
2.0903099999999997
2.0853099999999998
2.0853099999999998
2.0903099999999997
2.0703099999999997
2.08031
2.06031
2.07531
2.0853099999999998
2.08031
2.0903099999999997
2.10031
2.10031
2.10531
2.10031
2.0903099999999997
2.08031
2.08031
2.07531
2.0703099999999997
2.06031
2.0503099999999996
2.0503099999999996
2.0453099999999997
2.05531
2.03531
2.0453099999999997
2.0503099999999996
2.04031
2.0453099999999997
2.04031
2.03531
2.03531
2.04031
2.04031
2.03531
2.0253099999999997
2.02031
2.02031
2.01531
2.03031
2.0903099999999997
2.10531
2.16031
2.1953099999999997
2.2103099999999998
2.2103099999999998
2.2103099999999998
2.18531
2.18031
2.1953099999999997
2.2153099999999997
2.20531
2.1953099999999997
2.18531
2.18031
2.1703099999999997
2.16531
2.15531
2.14531
2.12531
2.14031
2.14031
2.1503099999999997
2.14031
2.1303099999999997
2.12031
2.12531
2.1103099999999997
2.11531
2.10031
2.1103099999999997
2.12031
2.11531
2.10531
2.09531
2.08031
2.08031
2.0703099999999997
2.0653099999999998
2.0503099999999996
2.06031
2.06031
2.05531
2.05531
2.06031
2.0453099999999997
2.03531
2.03031
2.01031
2.0053099999999997
2.0053099999999997
1.99531
1.9903099999999998
1.97531
1.96531
1.9553099999999999
1.9503099999999998
1.9453099999999999
1.9453099999999999
1.9503099999999998
1.9453099999999999
1.9403099999999998
1.9403099999999998
1.9303099999999997
1.9253099999999999
1.92031
1.9303099999999997
1.93
1.98531
2.03031
2.04031
2.0253099999999997
2.03031
2.03531
2.03031
2.03031
2.05531
2.06031
2.06031
2.06031
2.06031
2.04031
2.03531
2.03531
2.0253099999999997
2.02031
2.0253099999999997
2.0253099999999997
2.02031
2.02031
2.01531
2.01531
2.0053099999999997
1.98531
1.98531
1.97531
1.96531
1.9603099999999998
1.9703099999999998
1.9703099999999998
1.9703099999999998
1.96531
1.9803099999999998
2.01031
2.01031
2.01531
2.0053099999999997
2.0053099999999997
2.02031
2.03531
2.03031
2.03031
2.0253099999999997
2.0253099999999997
2.01531
2.0053099999999997
2.0053099999999997
2.00031
2.0053099999999997
1.99531
1.9903099999999998
2.01031
2.01031
2.00031
2.00031
1.99531
1.98531
1.9803099999999998
1.9803099999999998
1.99531
2.03031
2.0653099999999998
2.08031
2.08031
2.12031
2.18031
2.20531
2.1953099999999997
2.1903099999999998
2.2153099999999997
2.20531
2.1903099999999998
2.18531
2.1753099999999996
2.1703099999999997
2.14531
2.1503099999999997
2.1753099999999996
2.18531
2.18031
2.1903099999999998
2.1903099999999998
2.1903099999999998
2.18031
2.16531
2.16031
2.1503099999999997
2.14031
2.13531
2.12531
2.1303099999999997
2.13531
2.1303099999999997
2.13531
2.12531
2.12531
2.1103099999999997
2.10031
2.09531
2.0853099999999998
2.0903099999999997
2.10531
2.10531
2.10031
2.11531
2.12531
2.1303099999999997
2.13531
2.12531
2.12531
2.1303099999999997
2.15531
2.18031
2.18031
2.1753099999999996
2.1753099999999996
2.18031
2.18531
2.18031
2.18531
2.20531
2.22531
2.22531
2.23031
2.24031
2.25031
2.26031
2.2553099999999997
2.26531
2.29031
2.3003099999999996
2.30531
2.35031
2.38531
2.37031
2.3603099999999997
2.36531
2.39031
2.41031
2.40531
2.39031
2.38531
2.37531
2.3603099999999997
2.35531
2.34531
2.34531
2.3353099999999998
2.3403099999999997
2.3403099999999997
2.33031
2.32531
2.33031
2.32531
2.3353099999999998
2.3153099999999998
2.3003099999999996
2.3003099999999996
2.2953099999999997
2.28031
2.28031
2.3153099999999998
2.32531
2.3203099999999997
2.33031
2.3353099999999998
2.34531
2.36531
2.3603099999999997
2.3603099999999997
2.3603099999999997
2.37031
2.36531
2.38531
2.425
2.4403099999999998
2.43531
2.43031
2.4203099999999997
2.4253099999999996
2.4203099999999997
2.41031
2.39531
2.43031
2.45531
2.4653099999999997
2.50031
2.52031
2.51531
2.5053099999999997
2.50031
2.50031
2.49531
2.49031
2.4853099999999997
2.49531
2.4853099999999997
2.4853099999999997
2.49031
2.49531
2.48031
2.5053099999999997
2.50031
2.53031
2.53531
2.54031
2.56031
2.57531
2.5703099999999997
2.60531
2.64031
2.6503099999999997
2.6503099999999997
2.6753099999999996
2.70031
2.7153099999999997
2.7153099999999997
2.72531
2.73031
2.73031
2.72031
2.72031
2.72531
2.72031
2.74031
2.75031
2.73031
2.73031
2.72031
2.72031
2.7553099999999997
2.80531
2.84531
2.8403099999999997
2.87031
2.9003099999999997
2.9253099999999996
2.95531
2.99031
2.98031
2.97031
2.97531
2.99531
3.0053099999999997
3.0053099999999997
3.03031
3.0253099999999997
3.03531
3.03531
3.02031
3.0053099999999997
3.01031
3.02031
3.0053099999999997
3.0053099999999997
2.99031
2.97531
2.9653099999999997
2.9603099999999998
2.95031
2.9603099999999998
2.97531
2.98031
2.9603099999999998
2.95531
2.9603099999999998
2.95531
2.9453099999999997
2.93031
2.9203099999999997
2.91031
2.89531
2.89031
2.87531
2.87531
2.87031
2.86531
2.8603099999999997
2.85031
2.8603099999999997
2.89031
2.89531
2.88531
2.91031
2.9403099999999998
2.95031
2.9853099999999997
3.01031
3.02031
3.0253099999999997
3.0253099999999997
3.02031
3.03031
3.0453099999999997
3.03531
3.03531
3.03031
3.02031
3.03531
3.03031
3.02031
3.01031
3.01031
3.02031
3.01031
3.0053099999999997
3.01531
3.04031
3.0503099999999996
3.05531
3.0503099999999996
3.0653099999999998
3.0653099999999998
3.0453099999999997
3.03031
3.03031
3.04031
3.03531
3.0253099999999997
3.01531
3.0053099999999997
3.00031
3.0053099999999997
3.00031
3.01031
3.0053099999999997
3.02031
3.03031
3.03531
3.03031
3.0053099999999997
3.03531
3.03531
3.0503099999999996
3.04031
3.05531
3.0503099999999996
3.04031
3.03031
3.02031
3.01031
3.0053099999999997
2.99531
2.99531
3.0053099999999997
3.0053099999999997
2.99531
2.9853099999999997
2.99031
2.9853099999999997
2.99031
3.0053099999999997
3.0053099999999997
3.01031
3.0053099999999997
3.0053099999999997
3.0053099999999997
3.0053099999999997
3.03031
3.05531
3.0503099999999996
3.0453099999999997
3.06031
3.0853099999999998
3.1103099999999997
3.10031
3.10031
3.12031
3.1303099999999997
3.13531
3.14531
3.1503099999999997
3.1703099999999997
3.1953099999999997
3.1953099999999997
3.2103099999999998
3.22531
3.22531
3.24531
3.2553099999999997
3.2553099999999997
3.24531
3.24031
3.25031
3.2553099999999997
3.26531
3.25031
3.2353099999999997
3.23031
3.2353099999999997
3.22031
3.20531
3.20531
3.2103099999999998
3.1953099999999997
3.2103099999999998
3.22031
3.22031
3.23031
3.26531
3.26531
3.26531
3.28531
3.3003099999999996
3.3153099999999998
3.32531
3.35531
3.37031
3.3803099999999997
3.37031
3.3603099999999997
3.37031
3.4003099999999997
3.4253099999999996
3.41531
3.41531
3.4453099999999997
3.45531
3.43031
3.41031
3.4003099999999997
3.38531
3.3603099999999997
3.35031
3.33031
3.3153099999999998
3.3003099999999996
3.3003099999999996
3.33031
3.3603099999999997
3.3603099999999997
3.35031
3.35031
3.3403099999999997
3.32531
3.37031
3.41531
3.4253099999999996
3.4203099999999997
3.4203099999999997
3.40531
3.39031
3.4003099999999997
3.41031
3.4453099999999997
3.45531
3.48031
3.54031
3.5503099999999996
3.5453099999999997
3.53031
3.51531
3.51531
3.52031
3.5053099999999997
3.5053099999999997
3.49031
3.47531
3.45031
3.45031
3.43031
3.43531
3.41531
3.39531
3.39031
3.40531
3.39031
3.4003099999999997
3.39531
3.3803099999999997
3.39031
3.37531
3.37531
3.37531
3.3603099999999997
3.37031
3.37531
3.37531
3.35531
3.3403099999999997
3.3203099999999997
3.3203099999999997
3.29031
3.27031
3.26031
3.25031
3.2753099999999997
3.29031
3.28531
3.29031
3.28531
3.27031
3.26031
3.25031
3.25031
3.25031
3.25031
3.24031
3.22531
3.22531
3.2153099999999997
3.20531
3.1953099999999997
3.1953099999999997
3.2153099999999997
3.18531
3.1753099999999996
3.18031
3.16031
3.1503099999999997
3.1703099999999997
3.16031
3.1753099999999996
3.18031
3.18031
3.1753099999999996
3.1953099999999997
3.1953099999999997
3.1903099999999998
3.1903099999999998
3.18031
3.1703099999999997
3.16031
3.16031
3.1753099999999996
3.18531
3.18531
3.1903099999999998
3.22031
3.22531
3.22031
3.2153099999999997
3.2103099999999998
3.20531
3.1953099999999997
3.1903099999999998
3.18031
3.1753099999999996
3.1703099999999997
3.1753099999999996
3.1953099999999997
3.1953099999999997
3.20031
3.20531
3.1953099999999997
3.1953099999999997
3.18031
3.18031
3.18031
3.16531
3.1503099999999997
3.14031
3.1303099999999997
3.11531
3.12031
3.14031
3.14031
3.13531
3.13531
3.1303099999999997
3.1103099999999997
3.10531
3.10531
3.1103099999999997
3.10531
3.09531
3.09531
3.09531
3.11531
3.0853099999999998
3.0853099999999998
3.09531
3.10031
3.0903099999999997
3.09531
3.0853099999999998
3.08031
3.08031
3.0653099999999998
3.05531
3.04031
3.03531
3.02031
3.01531
3.0053099999999997
3.00031
2.99531
3.00031
2.99031
3.00031
2.9853099999999997
2.9653099999999997
2.98031
2.97531
2.9603099999999998
2.9653099999999997
2.9653099999999997
2.9653099999999997
2.9653099999999997
2.9653099999999997
2.9653099999999997
2.97531
2.9853099999999997
2.98031
3.0053099999999997
2.99531
3.00031
3.0053099999999997
3.00031
3.0053099999999997
2.99031
2.9853099999999997
2.9853099999999997
2.98031
2.9853099999999997
2.97031
2.9653099999999997
2.97531
2.97531
2.97531
2.97031
3.00031
3.03531
3.0453099999999997
3.04031
3.03031
3.02031
3.03031
3.04031
3.04031
3.03031
3.03531
3.0453099999999997
3.0253099999999997
3.01531
3.02031
3.04031
3.03531
3.0503099999999996
3.0653099999999998
3.0653099999999998
3.05531
3.03531
3.03531
3.03531
3.03031
3.0053099999999997
3.01031
3.03531
3.03031
3.02031
3.04031
3.07531
3.08031
3.0703099999999997
3.05531
3.08031
3.0653099999999998
3.0503099999999996
3.06031
3.08031
3.0703099999999997
3.0903099999999997
3.12031
3.10031
3.10031
3.10031
3.10531
3.10531
3.0853099999999998
3.10031
3.11531
3.10531
3.1103099999999997
3.1303099999999997
3.14031
3.12531
3.10031
3.10531
3.11531
3.10031
3.08031
3.0703099999999997
3.05531
3.04031
3.0253099999999997
3.01031
3.00031
3.01531
3.03031
3.02031
3.03531
3.03531
3.03531
3.0453099999999997
3.0503099999999996
3.0903099999999997
3.14031
3.15531
3.14031
3.13531
3.16531
3.16531
3.16531
3.15531
3.14531
3.1503099999999997
3.16031
3.1503099999999997
3.16031
3.16031
3.14531
3.16531
3.1953099999999997
3.20031
3.1903099999999998
3.18031
3.1953099999999997
3.2103099999999998
3.1903099999999998
3.18531
3.16531
3.1503099999999997
3.14031
3.13531
3.12531
3.14031
3.1703099999999997
3.1903099999999998
3.1903099999999998
3.22531
3.2353099999999997
3.2103099999999998
3.2103099999999998
3.22031
3.20531
3.1903099999999998
3.18531
3.18031
3.20031
3.22531
3.22531
3.23031
3.2553099999999997
3.2353099999999997
3.22531
3.20031
3.1903099999999998
3.1703099999999997
3.1503099999999997
3.1303099999999997
3.11531
3.10031
3.0853099999999998
3.0853099999999998
3.08031
3.0703099999999997
3.06031
3.0453099999999997
3.03531
3.03031
3.03031
3.0253099999999997
3.02031
3.01031
3.02031
3.01531
3.01031
3.0053099999999997
3.02031
3.02031
3.0253099999999997
3.02031
3.02031
3.01031
3.03031
3.04031
3.0453099999999997
3.03531
3.03031
3.03031
3.03531
3.0453099999999997
3.03031
3.02031
3.01031
3.00031
2.9853099999999997
2.9653099999999997
2.9603099999999998
2.95031
2.93531
2.93031
2.93031
2.91531
2.91031
2.9203099999999997
2.9253099999999996
2.9203099999999997
2.9203099999999997
2.93031
2.9453099999999997
2.9403099999999998
2.9403099999999998
2.9403099999999998
2.9603099999999998
2.9653099999999997
2.97031
2.9653099999999997
2.97031
2.98031
2.9653099999999997
2.9603099999999998
2.95031
2.9453099999999997
2.93531
2.93531
2.9253099999999996
2.91531
2.9203099999999997
2.91531
2.91031
2.91031
2.90531
2.9003099999999997
2.89031
2.88531
2.87531
2.87531
2.8803099999999997
2.87031
2.87031
2.87031
2.87031
2.86531
2.8603099999999997
2.85531
2.85531
2.85531
2.85031
2.85031
2.8403099999999997
2.84531
2.8353099999999998
2.85531
2.88531
2.88531
2.89031
2.9003099999999997
2.91031
2.93031
2.9403099999999998
2.9203099999999997
2.93531
2.93531
2.9253099999999996
2.9253099999999996
2.9253099999999996
2.93531
2.93531
2.93531
2.95031
2.95031
2.95031
2.95531
2.95031
2.9603099999999998
2.97031
2.99531
2.99531
2.99031
2.98031
2.99031
3.0053099999999997
3.0053099999999997
3.00031
3.01531
3.0253099999999997
3.0253099999999997
3.0253099999999997
3.03031
3.0253099999999997
3.0253099999999997
3.03031
3.0253099999999997
3.01031
3.0253099999999997
3.02031
3.01031
3.01031
3.01031
3.01031
2.99031
2.9853099999999997
2.9853099999999997
2.97531
2.95531
2.95031
2.9453099999999997
2.9403099999999998
2.93531
2.93031
2.9253099999999996
2.91531
2.91031
2.91531
2.9203099999999997
2.91031
2.91531
2.9003099999999997
2.9003099999999997
2.89031
2.8803099999999997
2.87531
2.8803099999999997
2.87031
2.85031
2.85031
2.85031
2.83031
2.8153099999999998
2.81031
2.8203099999999997
2.85031
2.85031
2.85031
2.8803099999999997
2.89531
2.89031
2.89031
2.89531
2.88531
2.8803099999999997
2.87031
2.89031
2.89031
2.87531
2.85531
2.85531
2.83031
2.84531
2.85031
2.8403099999999997
2.83031
2.81031
2.81031
2.8153099999999998
2.8003099999999996
2.79031
2.79031
2.78531
2.7753099999999997
2.76531
2.77031
2.78031
2.76531
2.75031
2.74031
2.73031
2.72531
2.73031
2.73031
2.72531
2.7353099999999997
2.7353099999999997
2.70031
2.70531
2.7153099999999997
2.7153099999999997
2.70031
2.6903099999999998
2.68531
2.68531
2.6753099999999996
2.66531
2.64531
2.63531
2.62031
2.61531
2.60531
2.5903099999999997
2.5903099999999997
2.58031
2.5703099999999997
2.55531
2.5453099999999997
2.5453099999999997
2.55531
2.5453099999999997
2.5453099999999997
2.56031
2.57531
2.57531
2.5653099999999998
2.5653099999999998
2.56031
2.5853099999999998
2.60531
2.59531
2.5853099999999998
2.5903099999999997
2.6103099999999997
2.6303099999999997
2.63531
2.62531
2.6303099999999997
2.62531
2.61531
2.60531
2.60031
2.59531
2.5853099999999998
2.5703099999999997
2.5653099999999998
2.5653099999999998
2.55531
2.54031
2.5453099999999997
2.53531
2.5253099999999997
2.52031
2.53531
2.5503099999999996
2.5453099999999997
2.53031
2.5253099999999997
2.5053099999999997
2.53031
2.5653099999999998
2.5653099999999998
2.5653099999999998
2.5453099999999997
2.54031
2.53031
2.52031
2.51031
2.5053099999999997
2.49031
2.48031
2.4653099999999997
2.45531
2.47031
2.47531
2.47031
2.4853099999999997
2.50031
2.49531
2.4853099999999997
2.4653099999999997
2.4453099999999997
2.4403099999999998
2.4253099999999996
2.4003099999999997
2.4003099999999997
2.41531
2.41531
2.41531
2.39531
2.38531
2.38531
2.39031
2.39031
2.40531
2.39531
2.39031
2.3803099999999997
2.37531
2.37531
2.36531
2.37531
2.36531
2.36531
2.35531
2.35031
2.3403099999999997
2.3353099999999998
2.3403099999999997
2.34531
2.3353099999999998
2.33031
2.3203099999999997
2.31031
2.31031
2.31031
2.31031
2.32531
2.35031
2.35531
2.3403099999999997
2.3403099999999997
2.33031
2.3403099999999997
2.33031
2.3153099999999998
2.31031
2.31031
2.3003099999999996
2.2953099999999997
2.29031
2.28031
2.27031
2.28031
2.30531
2.3003099999999996
2.32531
2.3403099999999997
2.34531
2.33031
2.3153099999999998
2.31031
2.3203099999999997
2.3403099999999997
2.3353099999999998
2.3003099999999996
2.32531
2.34531
2.3403099999999997
2.3403099999999997
2.33031
2.3153099999999998
2.30531
2.3003099999999996
2.2953099999999997
2.28531
2.2753099999999997
2.2753099999999997
2.28531
2.2953099999999997
2.29031
2.2953099999999997
2.30531
2.2953099999999997
2.2953099999999997
2.30531
2.30531
2.32531
2.3403099999999997
2.32531
2.3203099999999997
2.33031
2.3403099999999997
2.35531
2.34531
2.3603099999999997
2.37031
2.3603099999999997
2.35531
2.34531
2.37031
2.4203099999999997
2.43031
2.45031
2.49031
2.49531
2.48031
2.4853099999999997
2.47031
2.4653099999999997
2.45531
2.4403099999999998
2.4403099999999998
2.43531
2.41531
2.4203099999999997
2.4203099999999997
2.41031
2.4003099999999997
2.39531
2.39031
2.3803099999999997
2.36531
2.3603099999999997
2.3603099999999997
2.34531
2.34531
2.32531
2.33031
2.3153099999999998
2.3203099999999997
2.32531
2.31031
2.3003099999999996
2.29031
2.28031
2.28031
2.28031
2.3003099999999996
2.3003099999999996
2.2953099999999997
2.29031
2.295
2.32531
2.34531
2.35031
2.34531
2.34531
2.3603099999999997
2.37531
2.37031
2.36531
2.37531
2.37031
2.37531
2.37031
2.35531
2.36531
2.37031
2.36531
2.35531
2.35531
2.3603099999999997
2.35531
2.35031
2.3403099999999997
2.3403099999999997
2.36531
2.3803099999999997
2.3803099999999997
2.37531
2.3803099999999997
2.39531
2.4003099999999997
2.41031
2.40531
2.41531
2.41031
2.40531
2.41031
2.41031
2.39031
2.3803099999999997
2.37531
2.37531
2.36531
2.37031
2.37031
2.37031
2.36531
2.36531
2.36531
2.36531
2.35531
2.36531
2.37531
2.36531
2.3603099999999997
2.35531
2.37531
2.37031
2.36531
2.3803099999999997
2.3803099999999997
2.37531
2.37531
2.3803099999999997
2.39031
2.385
2.39031
2.4003099999999997
2.39531
2.39031
2.39531
2.41031
2.41031
2.4203099999999997
2.43031
2.43031
2.43531
2.4403099999999998
2.45531
2.4603099999999998
2.45531
2.4603099999999998
2.45031
2.45031
2.45531
2.4653099999999997
2.45531
2.4453099999999997
2.4403099999999998
2.4453099999999997
2.45531
2.45031
2.4453099999999997
2.43531
2.4453099999999997
2.4253099999999996
2.4003099999999997
2.4253099999999996
2.4453099999999997
2.4403099999999998
2.43031
2.4403099999999998
2.45031
2.45531
2.4453099999999997
2.43531
2.4253099999999996
2.4253099999999996
2.4253099999999996
2.45031
2.47031
2.45531
2.4603099999999998
2.4653099999999997
2.505
2.5503099999999996
2.57531
2.55531
2.56031
2.5503099999999996
2.55531
2.54031
2.53031
2.52031
2.51031
2.50031
2.4853099999999997
2.47531
2.4653099999999997
2.45531
2.4453099999999997
2.43531
2.43031
2.4203099999999997
2.41031
2.4003099999999997
2.39531
2.40531
2.41531
2.40531
2.4003099999999997
2.39031
2.39031
2.39031
2.39031
2.38531
2.37531
2.37531
2.3603099999999997
2.35531
2.35531
2.35531
2.35031
2.3403099999999997
2.3353099999999998
2.35031
2.34531
2.3403099999999997
2.34531
2.3603099999999997
2.3603099999999997
2.35031
2.35031
2.3403099999999997
2.33031
2.34531
2.3803099999999997
2.3803099999999997
2.40531
2.4253099999999996
2.43531
2.43031
2.4403099999999998
2.4203099999999997
2.43531
2.43531
2.43031
2.4253099999999996
2.41031
2.41031
2.4253099999999996
2.43031
2.43031
2.41031
2.41531
2.4253099999999996
2.4253099999999996
2.4203099999999997
2.41531
2.39531
2.39031
2.3803099999999997
2.3803099999999997
2.39031
2.39031
2.3803099999999997
2.37531
2.3803099999999997
2.3803099999999997
2.37031
2.36531
2.3603099999999997
2.35031
2.34531
2.3353099999999998
2.3403099999999997
2.34531
2.3353099999999998
2.3403099999999997
2.37031
2.38531
2.415
2.4403099999999998
2.45031
2.4403099999999998
2.43031
2.4253099999999996
2.41031
2.40531
2.41031
2.43031
2.45031
2.4403099999999998
2.45531
2.47031
2.4603099999999998
2.4653099999999997
2.4603099999999998
2.4603099999999998
2.48031
2.49031
2.49031
2.48031
2.50031
2.5053099999999997
2.49531
2.50031
2.4853099999999997
2.4853099999999997
2.4853099999999997
2.47531
2.4603099999999998
2.47031
2.5053099999999997
2.52031
2.525
2.5653099999999998
2.5903099999999997
2.5853099999999998
2.5903099999999997
2.5903099999999997
2.58031
2.57531
2.5703099999999997
2.56031
2.5503099999999996
2.5653099999999998
2.5853099999999998
2.5853099999999998
2.57531
2.575
2.60031
2.59531
2.59531
2.58031
2.5703099999999997
2.5653099999999998
2.56031
2.5503099999999996
2.5503099999999996
2.58031
2.5853099999999998
2.5703099999999997
2.5853099999999998
2.58031
2.58031
2.56031
2.5703099999999997
2.56031
2.5703099999999997
2.56031
2.5703099999999997
2.5703099999999997
2.56031
2.5503099999999996
2.5453099999999997
2.5453099999999997
2.5453099999999997
2.5453099999999997
2.53031
2.53031
2.51031
2.51031
2.51031
2.49031
2.48031
2.47031
2.4603099999999998
2.4603099999999998
2.48031
2.48031
2.48031
2.49031
2.50031
2.49531
2.4853099999999997
2.50031
2.50031
2.5
2.5053099999999997
2.49531
2.50031
2.49031
2.4853099999999997
2.47531
2.4603099999999998
2.4603099999999998
2.47031
2.47031
2.49031
2.50031
2.49031
2.50031
2.49531
2.49031
2.49031
2.49031
2.4853099999999997
2.48031
2.48031
2.47531
2.47531
2.48031
2.48031
2.4853099999999997
2.48031
2.47531
2.47031
2.48031
2.47031
2.4653099999999997
2.47031
2.4653099999999997
2.45031
2.45031
2.4853099999999997
2.5053099999999997
2.50031
2.5053099999999997
2.50031
2.50031
2.5053099999999997
2.5053099999999997
2.50031
2.5053099999999997
2.5253099999999997
2.51531
2.5253099999999997
2.5253099999999997
2.5453099999999997
2.5453099999999997
2.53531
2.53531
2.5253099999999997
2.53531
2.54031
2.53531
2.53031
2.53031
2.52031
2.52031
2.5503099999999996
2.5853099999999998
2.5853099999999998
2.62531
2.6703099999999997
2.68531
2.68031
2.6753099999999996
2.68031
2.68531
2.6903099999999998
2.70531
2.70031
2.6903099999999998
2.6753099999999996
2.6903099999999998
2.6903099999999998
2.7103099999999998
2.7103099999999998
2.6953099999999997
2.6903099999999998
2.68531
2.6703099999999997
2.6703099999999997
2.6903099999999998
2.70531
2.7153099999999997
2.7153099999999997
2.74031
2.75031
2.76531
2.7553099999999997
2.74531
2.75031
2.77031
2.78531
2.78031
2.76531
2.76531
2.76531
2.7553099999999997
2.76031
2.74531
2.74531
2.75031
2.76031
2.7553099999999997
2.7553099999999997
2.76531
2.76531
2.76531
2.7553099999999997
2.74031
2.72531
2.7153099999999997
2.7153099999999997
2.73031
2.72531
2.72031
2.7153099999999997
2.7153099999999997
2.73031
2.74531
2.74031
2.7353099999999997
2.7353099999999997
2.74531
2.7353099999999997
2.72531
2.7153099999999997
2.7103099999999998
2.72031
2.7153099999999997
2.72031
2.7103099999999998
2.70531
2.70031
2.70031
2.6903099999999998
2.68031
2.6703099999999997
2.66031
2.6503099999999997
2.6503099999999997
2.65531
2.6503099999999997
2.64531
2.6503099999999997
2.64531
2.6503099999999997
2.64531
2.64031
2.64031
2.63531
2.61531
2.62531
2.62031
2.61531
2.61531
2.61531
2.6103099999999997
2.59531
2.59531
2.5903099999999997
2.58031
2.5703099999999997
2.58031
2.60031
2.5903099999999997
2.5903099999999997
2.5903099999999997
2.6103099999999997
2.62031
2.62031
2.62031
2.6103099999999997
2.60531
2.61531
2.62031
2.64031
2.63531
2.63531
2.6303099999999997
2.64031
2.6303099999999997
2.62531
2.64031
2.6503099999999997
2.6503099999999997
2.64031
2.6303099999999997
2.62031
2.62031
2.61531
2.60531
2.60031
2.59531
2.60531
2.5853099999999998
2.58031
2.5703099999999997
2.57531
2.57531
2.58031
2.60531
2.62031
2.62531
2.64531
2.64531
2.63531
2.63531
2.63531
2.6303099999999997
2.62031
2.62531
2.63531
2.63531
2.63531
2.6303099999999997
2.62531
2.62531
2.62031
2.60531
2.60031
2.60031
2.62531
2.62031
2.61531
2.59531
2.5903099999999997
2.58031
2.58031
2.5903099999999997
2.58031
2.5853099999999998
2.5903099999999997
2.5853099999999998
2.60531
2.62031
2.62031
2.61531
2.62031
2.6303099999999997
2.64531
2.62531
2.61531
2.60031
2.5903099999999997
2.57531
2.5653099999999998
2.56031
2.55531
2.56031
2.5903099999999997
2.60531
2.60031
2.62031
2.64531
2.6503099999999997
2.64031
2.63531
2.65531
2.65531
2.64531
2.65531
2.64031
2.63531
2.62031
2.62031
2.63531
2.62531
2.61531
2.61531
2.6303099999999997
2.64531
2.64531
2.65531
2.65531
2.6503099999999997
2.66031
2.66031
2.65531
2.66031
2.65531
2.63531
2.62531
2.61531
2.60531
2.60031
2.5853099999999998
2.58031
2.57531
2.5653099999999998
2.5653099999999998
2.5703099999999997
2.56031
2.56031
2.55531
2.5453099999999997
2.54031
2.5453099999999997
2.5453099999999997
2.56031
2.56031
2.56031
2.5653099999999998
2.53531
2.53531
2.54031
2.54031
2.58031
2.59531
2.61
2.65
2.6903099999999998
2.6903099999999998
2.6753099999999996
2.66031
2.6503099999999997
2.64031
2.62531
2.61531
2.61531
2.60531
2.60531
2.59531
2.60531
2.66031
2.72031
2.72
2.7953099999999997
2.8003099999999996
2.80531
2.8203099999999997
2.8003099999999996
2.7753099999999997
2.78031
2.77031
2.7553099999999997
2.7353099999999997
2.72031
2.70531
2.6953099999999997
2.72031
2.7353099999999997
2.7353099999999997
2.7353099999999997
2.7553099999999997
2.76531
2.7553099999999997
2.75031
2.73031
2.72031
2.72531
2.74031
2.7353099999999997
2.72531
2.7103099999999998
2.70031
2.70531
2.70531
2.6953099999999997
2.6753099999999996
2.6703099999999997
2.65531
2.65531
2.6703099999999997
2.68031
2.68031
2.6753099999999996
2.70531
2.73031
2.74531
2.72531
2.7153099999999997
2.7153099999999997
2.72031
2.72031
2.7103099999999998
2.7153099999999997
2.7153099999999997
2.7103099999999998
2.6903099999999998
2.68031
2.6753099999999996
2.66531
2.66531
2.6503099999999997
2.6503099999999997
2.64531
2.64031
2.64031
2.62531
2.62031
2.6303099999999997
2.60531
2.5903099999999997
2.5853099999999998
2.5903099999999997
2.5853099999999998
2.58031
2.5853099999999998
2.57531
2.5653099999999998
2.56031
2.56031
2.55531
2.55531
2.5453099999999997
2.53531
2.55531
2.59531
2.60031
2.64531
2.6903099999999998
2.7103099999999998
2.70531
2.7103099999999998
2.7153099999999997
2.70531
2.70031
2.68531
2.68031
2.7103099999999998
2.70531
2.70531
2.70531
2.7153099999999997
2.72031
2.70531
2.70031
2.6953099999999997
2.6953099999999997
2.6903099999999998
2.70031
2.6953099999999997
2.6953099999999997
2.68531
2.6903099999999998
2.6903099999999998
2.6753099999999996
2.70531
2.72031
2.7153099999999997
2.72031
2.72531
2.72031
2.7153099999999997
2.70531
2.70031
2.70031
2.70031
2.68531
2.68031
2.68031
2.68031
2.68531
2.68531
2.68531
2.6753099999999996
2.6703099999999997
2.6703099999999997
2.6703099999999997
2.66031
2.65531
2.64531
2.64531
2.6503099999999997
2.66031
2.66531
2.6753099999999996
2.6953099999999997
2.70031
2.70031
2.6903099999999998
2.68531
2.68031
2.6753099999999996
2.6703099999999997
2.66531
2.66531
2.6753099999999996
2.6753099999999996
2.6703099999999997
2.6753099999999996
2.68531
2.68531
2.68531
2.6753099999999996
2.66031
2.6703099999999997
2.6703099999999997
2.66531
2.6703099999999997
2.66531
2.66531
2.65531
2.65531
2.65531
2.64531
2.6503099999999997
2.6703099999999997
2.6753099999999996
2.70031
2.68031
2.6953099999999997
2.6953099999999997
2.70031
2.68531
2.68031
2.68031
2.6753099999999996
2.66531
2.66531
2.66531
2.6503099999999997
2.6503099999999997
2.64031
2.63531
2.62531
2.61531
2.6103099999999997
2.60531
2.5903099999999997
2.5853099999999998
2.5703099999999997
2.5703099999999997
2.5653099999999998
2.56031
2.5503099999999996
2.5453099999999997
2.55531
2.55531
2.5503099999999996
2.55531
2.55531
2.56031
2.55531
2.5503099999999996
2.5453099999999997
2.5453099999999997
2.54031
2.53031
2.53531
2.5253099999999997
2.5053099999999997
2.51531
2.51531
2.51031
2.50031
2.49531
2.4853099999999997
2.48031
2.49031
2.4853099999999997
2.49031
2.4853099999999997
2.4853099999999997
2.49531
2.48031
2.47031
2.47531
2.48031
2.47531
2.48031
2.48031
2.4853099999999997
2.48031
2.4853099999999997
2.4853099999999997
2.48031
2.4853099999999997
2.47531
2.47531
2.4653099999999997
2.45531
2.45031
2.45031
2.4453099999999997
2.43531
2.4253099999999996
2.4253099999999996
2.41031
2.41531
2.4453099999999997
2.4453099999999997
2.45531
2.47531
2.49531
2.49031
2.4853099999999997
2.49031
2.47531
2.4653099999999997
2.4603099999999998
2.45531
2.4403099999999998
2.43531
2.4253099999999996
2.4203099999999997
2.4203099999999997
2.41031
2.4003099999999997
2.4003099999999997
2.4003099999999997
2.39531
2.38531
2.37031
2.3803099999999997
2.39531
2.39531
2.38531
2.4003099999999997
2.41031
2.4003099999999997
2.41031
2.4203099999999997
2.4203099999999997
2.41531
2.40531
2.39531
2.39531
2.40531
2.4203099999999997
2.4203099999999997
2.41531
2.4003099999999997
2.38531
2.39031
2.39031
2.37531
2.37031
2.3803099999999997
2.36531
2.37031
2.375
2.4003099999999997
2.4003099999999997
2.39031
2.38531
2.4003099999999997
2.43531
2.4453099999999997
2.43031
2.4403099999999998
2.45531
2.47531
2.48031
2.47031
2.45531
2.4453099999999997
2.43531
2.43031
2.4203099999999997
2.41531
2.4003099999999997
2.39031
2.38531
2.38531
2.37031
2.3603099999999997
2.37531
2.4003099999999997
2.39031
2.415
2.47031
2.50031
2.4853099999999997
2.48031
2.47031
2.45531
2.4403099999999998
2.43531
2.41531
2.41031
2.41031
2.41031
2.38531
2.37031
2.37031
2.36531
2.36531
2.38531
2.3803099999999997
2.39031
2.39531
2.39531
2.37531
2.365
2.35531
2.34531
2.34531
2.34531
2.35031
2.33031
2.3203099999999997
2.325
2.33031
2.3153099999999998
2.3203099999999997
2.3353099999999998
2.36531
2.3603099999999997
2.40531
2.43531
2.43531
2.43031
2.4403099999999998
2.4253099999999996
2.41531
2.39531
2.4003099999999997
2.40531
2.39531
2.39031
2.40531
2.41531
2.41031
2.39031
2.36531
2.37031
2.3603099999999997
2.3403099999999997
2.32531
2.3203099999999997
2.3353099999999998
2.33031
2.3153099999999998
2.3203099999999997
2.3153099999999998
2.30531
2.2953099999999997
2.30531
2.30531
2.305
2.2953099999999997
2.29031
2.30531
2.30531
2.3003099999999996
2.3003099999999996
2.2953099999999997
2.2753099999999997
2.27031
2.26531
2.2553099999999997
2.24531
2.24031
2.24531
2.2553099999999997
2.26031
2.25031
2.2553099999999997
2.2553099999999997
2.2553099999999997
2.26
2.26031
2.25031
2.24531
2.2353099999999997
2.23031
2.23031
2.24531
2.25031
2.26031
2.26531
2.2553099999999997
2.26031
2.3003099999999996
2.3203099999999997
2.3203099999999997
2.35031
2.38531
2.415
2.43531
2.43031
2.4403099999999998
2.4403099999999998
2.43031
2.41531
2.41531
2.4203099999999997
2.43031
2.4253099999999996
2.41531
2.4253099999999996
2.4403099999999998
2.43031
2.43531
2.47031
2.47031
2.45531
2.45531
2.4603099999999998
2.43531
2.43031
2.4203099999999997
2.41531
2.41031
2.41531
2.4203099999999997
2.40531
2.41031
2.41531
2.4403099999999998
2.4403099999999998
2.45531
2.47031
2.47031
2.47531
2.4653099999999997
2.47531
2.50031
2.52031
2.53031
2.54031
2.5853099999999998
2.60531
2.59531
2.61531
2.60531
2.6
2.60531
2.60531
2.64031
2.64531
2.64531
2.66531
2.6953099999999997
2.72031
2.70531
2.6903099999999998
2.68531
2.68531
2.6903099999999998
2.7103099999999998
2.7153099999999997
2.70531
2.6953099999999997
2.7103099999999998
2.7103099999999998
2.72531
2.76031
2.7753099999999997
2.77031
2.76031
2.76531
2.77031
2.78031
2.7753099999999997
2.76031
2.7553099999999997
2.73031
2.7553099999999997
2.78531
2.80531
2.8153099999999998
2.80531
2.8203099999999997
2.83031
2.82531
2.82531
2.82531
2.81031
2.8003099999999996
2.80531
2.8153099999999998
2.81031
2.7953099999999997
2.79031
2.78031
2.7753099999999997
2.76531
2.74031
2.75031
2.7353099999999997
2.74531
2.74031
2.74531
2.77031
2.79031
2.79031
2.78531
2.7753099999999997
2.77031
2.76031
2.75031
2.74531
2.74531
2.74031
2.74531
2.74031
2.73031
2.74031
2.74031
2.74031
2.76031
2.74531
2.74531
2.73031
2.72531
2.72031
2.72031
2.72031
2.72531
2.72031
2.7103099999999998
2.72531
2.72531
2.72031
2.7153099999999997
2.70531
2.6953099999999997
2.6903099999999998
2.6753099999999996
2.6753099999999996
2.68031
2.6953099999999997
2.7103099999999998
2.70031
2.72531
2.7553099999999997
2.76031
2.76031
2.7753099999999997
2.77031
2.78031
2.78531
2.7753099999999997
2.76531
2.76531
2.76031
2.74531
2.74031
2.7353099999999997
2.7353099999999997
2.7353099999999997
2.74031
2.75031
2.73031
2.74531
2.74031
2.73031
2.7353099999999997
2.7353099999999997
2.7353099999999997
2.74031
2.73031
2.72531
2.7153099999999997
2.7103099999999998
2.70031
2.6903099999999998
2.68531
2.68031
2.6703099999999997
2.6753099999999996
2.68031
2.6703099999999997
2.66531
2.6503099999999997
2.66031
2.6753099999999996
2.6503099999999997
2.64031
2.64031
2.6303099999999997
2.63531
2.63531
2.6303099999999997
2.64531
2.65531
2.66031
2.65531
2.65531
2.64031
2.64031
2.6503099999999997
2.66531
2.66531
2.65531
2.6503099999999997
2.65531
2.64031
2.64031
2.6303099999999997
2.62031
2.61531
2.62031
2.62531
2.62031
2.6103099999999997
2.61531
2.60531
2.61531
2.6103099999999997
2.6103099999999997
2.6103099999999997
2.63531
2.66531
2.6753099999999996
2.6703099999999997
2.66531
2.66031
2.6903099999999998
2.6903099999999998
2.68031
2.6753099999999996
2.66031
2.6503099999999997
2.66031
2.6703099999999997
2.66031
2.66031
2.6503099999999997
2.64031
2.62531
2.6303099999999997
2.62531
2.61531
2.60031
2.59531
2.59531
2.5903099999999997
2.6103099999999997
2.6103099999999997
2.61531
2.61531
2.6303099999999997
2.6303099999999997
2.62531
2.62031
2.60031
2.5903099999999997
2.5903099999999997
2.59531
2.60531
2.60531
2.6103099999999997
2.60031
2.5903099999999997
2.5903099999999997
2.5853099999999998
2.5853099999999998
2.5853099999999998
2.56031
2.5503099999999996
2.53031
2.5253099999999997
2.51031
2.5053099999999997
2.5053099999999997
2.4853099999999997
2.47031
2.47531
2.47531
2.47031
2.4603099999999998
2.45531
2.45531
2.4603099999999998
2.45031
2.43531
2.43531
2.43031
2.4253099999999996
2.43531
2.4403099999999998
2.43031
2.4203099999999997
2.4253099999999996
2.43531
2.43031
2.4203099999999997
2.41031
2.41031
2.4003099999999997
2.39531
2.39531
2.39531
2.38531
2.37531
2.37
2.38
2.4003099999999997
2.39531
2.39031
2.40531
2.43031
2.43531
2.45531
2.465
2.47531
2.47031
2.45531
2.4403099999999998
2.4453099999999997
2.4403099999999998
2.43031
2.40531
2.39031
2.3803099999999997
2.36531
2.3603099999999997
2.35531
2.34531
2.3403099999999997
2.32531
2.32531
2.30531
2.29031
2.28031
2.2753099999999997
2.26531
2.26
2.26031
2.25031
2.24031
2.24031
2.23031
2.22031
2.2153099999999997
2.2153099999999997
2.20531
2.1953099999999997
2.1903099999999998
2.1953099999999997
2.20531
2.2153099999999997
2.20531
2.20531
2.20531
2.1903099999999998
2.18031
2.1703099999999997
2.15531
2.14031
2.14031
2.1303099999999997
2.12031
2.10531
2.10531
2.1103099999999997
2.10531
2.09531
2.09531
2.09531
2.0853099999999998
2.0903099999999997
2.0853099999999998
2.08031
2.08031
2.07531
2.0703099999999997
2.07531
2.06031
2.05531
2.0453099999999997
2.04031
2.0453099999999997
2.03531
2.03531
2.05531
2.06031
2.06031
2.05531
2.0503099999999996
2.0453099999999997
2.05531
2.0653099999999998
2.0703099999999997
2.085
2.09531
2.0853099999999998
2.10531
2.1103099999999997
2.105
2.12031
2.10031
2.10531
2.0903099999999997
2.0903099999999997
2.0853099999999998
2.0853099999999998
2.0703099999999997
2.08031
2.08031
2.0853099999999998
2.0903099999999997
2.0853099999999998
2.0903099999999997
2.0853099999999998
2.0903099999999997
2.0903099999999997
2.1103099999999997
2.13
2.14031
2.1303099999999997
2.13531
2.13531
2.12031
2.1303099999999997
2.15531
2.15531
2.16
2.1703099999999997
2.15531
2.15531
2.14031
2.13531
2.12531
2.12031
2.1103099999999997
2.10531
2.10531
2.12031
2.11531
2.10531
2.11
2.12031
2.12031
2.09531
2.10531
2.12031
2.0903099999999997
2.08031
2.09
2.08031
2.0653099999999998
2.0653099999999998
2.0503099999999996
2.0453099999999997
2.04031
2.04031
2.03531
2.04031
2.0653099999999998
2.0903099999999997
2.10031
2.1303099999999997
2.16
2.185
2.18531
2.1703099999999997
2.16031
2.15531
2.1503099999999997
2.14531
2.14031
2.12531
2.13531
2.1303099999999997
2.12531
2.1303099999999997
2.12031
2.1303099999999997
2.135
2.12531
2.1103099999999997
2.10031
2.09531
2.0853099999999998
2.07531
2.0653099999999998
2.06031
2.0503099999999996
2.04031
2.0453099999999997
2.0453099999999997
2.04
2.0503099999999996
2.0503099999999996
2.0453099999999997
2.04031
2.03531
2.03531
2.03531
2.0253099999999997
2.03031
2.0503099999999996
2.0453099999999997
2.04031
2.04031
2.04
2.04031
2.03531
2.0253099999999997
2.03031
2.02031
2.0053099999999997
2.0053099999999997
1.9903099999999998
1.9903099999999998
1.98531
1.97531
1.96531
1.96531
1.9603099999999998
1.9603099999999998
1.9503099999999998
1.95
1.9453099999999999
1.94
1.9453099999999999
1.9503099999999998
1.9453099999999999
1.9453099999999999
1.9403099999999998
1.9353099999999999
1.9303099999999997
1.9453099999999999
1.9253099999999999
1.92031
1.9253099999999999
1.9403099999999998
1.9453099999999999
1.9403099999999998
1.9353099999999999
1.9453099999999999
1.9603099999999998
1.96531
1.97
1.96531
1.97531
2.0053099999999997
2.03031
2.04031
2.0653099999999998
2.09
2.0903099999999997
2.08031
2.07531
2.07531
2.08031
2.0703099999999997
2.0703099999999997
2.07531
2.06031
2.05531
2.05531
2.04031
2.03031
2.03031
2.02031
2.01031
2.01531
2.03031
2.0253099999999997
2.04031
2.0503099999999996
2.06
2.065
2.0453099999999997
2.03531
2.03531
2.04031
2.0503099999999996
2.045
2.0453099999999997
2.05531
2.0503099999999996
2.04031
2.0503099999999996
2.05531
2.06031
2.06031
2.06
2.05531
2.06031
2.0653099999999998
2.0703099999999997
2.0703099999999997
2.08031
2.0853099999999998
2.09
2.1
2.10031
2.09531
2.09531
2.09531
2.0853099999999998
2.0703099999999997
2.0653099999999998
2.06031
2.055
2.0503099999999996
2.0453099999999997
2.0453099999999997
2.035
2.03031
2.02031
2.01031
2.01031
2.0053099999999997
1.9903099999999998
1.99531
1.97531
1.9703099999999998
1.9603099999999998
1.9603099999999998
1.95
1.9353099999999999
1.9253099999999999
1.9253099999999999
1.9153099999999998
1.9153099999999998
1.915
1.91
1.90031
1.8953099999999998
1.89031
1.8853099999999998
1.89031
1.90031
1.89031
1.895
1.8953099999999998
1.90031
1.9
1.90031
1.9053099999999998
1.89031
1.8853099999999998
1.89
1.875
1.865
1.8653099999999998
1.8753099999999998
1.89031
1.89
1.8953099999999998
1.91
1.9053099999999998
1.90031
1.90031
1.92031
1.9303099999999997
1.9353099999999999
1.9353099999999999
1.9703099999999998
1.97531
1.98531
1.9803099999999998
1.98531
1.98531
1.9803099999999998
1.9803099999999998
1.9803099999999998
1.96531
1.9703099999999998
1.96531
1.955
1.9603099999999998
1.96
1.9503099999999998
1.9403099999999998
1.9353099999999999
1.9303099999999997
1.9153099999999998
1.9153099999999998
1.90031
1.9053099999999998
1.89031
1.88031
1.8753099999999998
1.87031
1.87031
1.8553099999999998
1.845
1.8303099999999999
1.8303099999999999
1.82
1.8103099999999999
1.8053099999999997
1.8103099999999999
1.8103099999999999
1.8103099999999999
1.8103099999999999
1.81
1.8103099999999999
1.8103099999999999
1.8053099999999997
1.79531
1.79
1.8103099999999999
1.8103099999999999
1.8303099999999999
1.845
1.85
1.855
1.87031
1.87031
1.8753099999999998
1.8953099999999998
1.8953099999999998
1.89
1.9153099999999998
1.9403099999999998
1.9453099999999999
1.9403099999999998
1.9403099999999998
1.9403099999999998
1.9353099999999999
1.9303099999999997
1.9553099999999999
1.965
1.9603099999999998
1.9453099999999999
1.9453099999999999
1.9303099999999997
1.9253099999999999
1.9153099999999998
1.9153099999999998
1.9153099999999998
1.9053099999999998
1.90031
1.8953099999999998
1.8953099999999998
1.90031
1.8953099999999998
1.8753099999999998
1.88031
1.8853099999999998
