0.8953120000000001
0.9103120000000001
0.8953120000000001
0.8953120000000001
0.9
0.905
0.8953120000000001
0.9153120000000001
0.9153120000000001
0.9253120000000001
0.930312
0.935312
0.930312
0.930312
0.9253120000000001
0.9253120000000001
0.9253120000000001
0.935312
0.94
0.935312
0.940313
0.940313
0.950312
0.940313
0.930312
0.935312
0.930312
0.9203120000000001
0.9203120000000001
0.9103120000000001
0.9103120000000001
0.9053120000000001
0.9203120000000001
0.930312
0.940313
0.950312
0.955312
0.955312
0.955312
0.955312
0.960312
0.960312
0.955312
0.955312
0.945313
0.945313
0.940313
0.94
0.940313
0.935312
0.935312
0.930312
0.9253120000000001
0.92
0.91
0.915
0.9103120000000001
0.9153120000000001
0.925
0.9203120000000001
0.9253120000000001
0.930312
0.94
0.945313
0.945313
0.955312
0.935312
0.935312
0.940313
0.935312
0.940313
0.935312
0.930312
0.930312
0.960312
0.965
0.975
0.9953120000000001
1.015
1.01531
1.00531
1.00531
1.00031
0.99
0.9903120000000001
0.9853120000000001
0.9653120000000001
0.9753120000000001
0.955
0.9653120000000001
0.960312
0.950312
0.945313
0.935312
0.940313
0.935312
0.9253120000000001
0.9203120000000001
0.9153120000000001
0.930312
0.93
0.94
0.945313
0.955312
0.955312
0.950312
0.95
0.95
0.950312
0.960312
0.9653120000000001
0.98
1.01
1.04
1.04031
1.04531
1.04031
1.04531
1.05031
1.05031
1.05031
1.055
1.05031
1.05031
1.04531
1.04531
1.05031
1.05031
1.05531
1.06
1.05
1.04031
1.04031
1.04031
1.03
1.03031
1.03031
1.02531
1.02031
1.01531
1.01031
1.00531
1.00531
0.9953120000000001
0.9903120000000001
0.9903120000000001
0.9903120000000001
1.00531
1.02031
1.02
1.02531
1.04031
1.045
1.05531
1.05531
1.05
1.05031
1.06531
1.06531
1.07031
1.06531
1.06031
1.05531
1.05531
1.05031
1.03531
1.05531
1.06031
1.07031
1.07031
1.07531
1.07531
1.07531
1.07531
1.10531
1.1103100000000001
1.12
1.14531
1.17031
1.17531
1.16531
1.17531
1.17031
1.17031
1.17531
1.17531
1.19531
1.2153100000000001
1.22031
1.22031
1.23
1.24031
1.25531
1.26531
1.29031
1.29031
1.31531
1.3503100000000001
1.36531
1.3703100000000001
1.39531
1.41531
1.43531
1.43531
1.43531
1.43531
1.45531
1.46031
1.45
1.44031
1.43531
1.44031
1.43531
1.42531
1.42531
1.42031
1.40531
1.42531
1.44531
1.45031
1.45531
1.47031
1.4953100000000001
1.50031
1.52031
1.555
1.57531
1.56531
1.57531
1.57531
1.5903100000000001
1.59531
1.5903100000000001
1.5903100000000001
1.6103100000000001
1.61531
1.62531
1.63031
1.61531
1.6103100000000001
1.6203100000000001
1.61531
1.6203100000000001
1.63531
1.65031
1.6453099999999998
1.65031
1.6553099999999998
1.64031
1.64031
1.63031
1.62531
1.62531
1.63531
1.64031
1.6453099999999998
1.6803099999999997
1.7053099999999999
1.71531
1.7103099999999998
1.73531
1.7703099999999998
1.8053099999999997
1.7903099999999998
1.8003099999999999
1.8103099999999999
1.8153099999999998
1.79531
1.8053099999999997
1.8053099999999997
1.8053099999999997
1.79531
1.7803099999999998
1.77531
1.76531
1.76531
1.76531
1.76531
1.7603099999999998
1.75531
1.74531
1.74531
1.73531
1.73531
1.72531
1.7203099999999998
1.72531
1.72531
1.71531
1.7203099999999998
1.72531
1.7103099999999998
1.71531
1.7403099999999998
1.7503099999999998
1.7603099999999998
1.77531
1.78531
1.78531
1.78531
1.8003099999999999
1.79531
1.8153099999999998
1.8153099999999998
1.8153099999999998
1.8203099999999999
1.8453099999999998
1.8303099999999999
1.8253099999999998
1.8203099999999999
1.8153099999999998
1.8203099999999999
1.8103099999999999
1.8053099999999997
1.8053099999999997
1.8253099999999998
1.8353099999999998
1.86031
1.86031
1.8853099999999998
1.90031
1.9053099999999998
1.9153099999999998
1.9253099999999999
1.9403099999999998
1.9453099999999999
1.9503099999999998
1.9453099999999999
1.9453099999999999
1.9453099999999999
1.9503099999999998
1.9603099999999998
1.9503099999999998
1.9553099999999999
1.9503099999999998
1.9553099999999999
1.9703099999999998
1.9903099999999998
2.00031
2.0053099999999997
2.01531
2.0253099999999997
2.02031
2.04031
2.0653099999999998
2.0853099999999998
2.09531
2.12531
2.14531
2.13531
2.15531
2.1503099999999997
2.16031
2.18031
2.1753099999999996
2.18531
2.20031
2.20031
2.2103099999999998
2.23031
2.24531
2.2353099999999997
2.24031
2.2553099999999997
2.27031
2.2753099999999997
2.28031
2.30531
2.3003099999999996
2.29031
2.28531
2.28031
2.28531
2.28531
2.3003099999999996
2.3003099999999996
2.3003099999999996
2.31031
2.3153099999999998
2.31031
2.30531
2.2953099999999997
2.29031
2.2953099999999997
2.2953099999999997
2.2953099999999997
2.31031
2.30531
2.31031
2.32531
2.3153099999999998
2.3153099999999998
2.31031
2.3003099999999996
2.29031
2.28031
2.27031
2.26531
2.26031
2.2553099999999997
2.24531
2.24031
2.2353099999999997
2.24031
2.22531
2.22531
2.22531
2.22531
2.22531
2.22531
2.2353099999999997
2.25031
2.2553099999999997
2.25031
2.28531
2.3153099999999998
2.33031
2.33031
2.32531
2.32531
2.32531
2.33031
2.35531
2.38531
2.3803099999999997
2.39531
2.4003099999999997
2.4253099999999996
2.4203099999999997
2.4203099999999997
2.4453099999999997
2.47031
2.47031
2.48031
2.49031
2.5053099999999997
2.50031
2.5053099999999997
2.5053099999999997
2.5053099999999997
2.49531
2.48031
2.48031
2.47531
2.49031
2.5053099999999997
2.50031
2.4853099999999997
2.47531
2.48031
2.49031
2.50031
2.49031
2.5053099999999997
2.5053099999999997
2.5053099999999997
2.5253099999999997
2.51531
2.51031
2.49031
2.50031
2.51531
2.49531
2.5053099999999997
2.51031
2.49531
2.4853099999999997
2.47531
2.47531
2.47031
2.4603099999999998
2.45031
2.4403099999999998
2.4453099999999997
2.4603099999999998
2.4603099999999998
2.4603099999999998
2.4603099999999998
2.47031
2.4603099999999998
2.4603099999999998
2.45531
2.4453099999999997
2.43531
2.43031
2.4253099999999996
2.43531
2.47531
2.4853099999999997
2.48031
2.49031
2.48031
2.4853099999999997
2.5053099999999997
2.51031
2.50031
2.49031
2.49031
2.4853099999999997
2.47531
2.5053099999999997
2.50031
2.49531
2.48031
2.47031
2.4653099999999997
2.4653099999999997
2.4603099999999998
2.4603099999999998
2.47031
2.4603099999999998
2.4603099999999998
2.45531
2.4603099999999998
2.4453099999999997
2.43531
2.43031
2.4203099999999997
2.40531
2.39531
2.38531
2.3603099999999997
2.39031
2.4003099999999997
2.41531
2.4203099999999997
2.4453099999999997
2.47031
2.47531
2.47031
2.4853099999999997
2.49031
2.47531
2.48031
2.48031
2.47531
2.48031
2.47031
2.48031
2.47531
2.47031
2.4653099999999997
2.4603099999999998
2.4653099999999997
2.47031
2.48031
2.51031
2.5253099999999997
2.5653099999999998
2.60031
2.6103099999999997
2.6303099999999997
2.6503099999999997
2.64031
2.64531
2.6503099999999997
2.6503099999999997
2.64531
2.6503099999999997
2.6703099999999997
2.6703099999999997
2.66031
2.66531
2.66531
2.66531
2.66531
2.66531
2.64531
2.66531
2.6703099999999997
2.65531
2.64031
2.64031
2.63531
2.63531
2.63531
2.63531
2.66031
2.6953099999999997
2.6903099999999998
2.6953099999999997
2.6903099999999998
2.6953099999999997
2.6953099999999997
2.70031
2.68031
2.6903099999999998
2.6953099999999997
2.70031
2.72031
2.7103099999999998
2.70031
2.70531
2.7103099999999998
2.7153099999999997
2.73031
2.7353099999999997
2.72531
2.70531
2.70531
2.70031
2.6903099999999998
2.6753099999999996
2.66531
2.65531
2.63531
2.64031
2.6503099999999997
2.66031
2.6503099999999997
2.64531
2.66531
2.66031
2.65531
2.65531
2.64531
2.6503099999999997
2.66531
2.6703099999999997
2.65531
2.64531
2.63531
2.64031
2.63531
2.6303099999999997
2.64031
2.6503099999999997
2.64031
2.6503099999999997
2.6753099999999996
2.68531
2.68031
2.66531
2.6703099999999997
2.66031
2.65531
2.64531
2.65531
2.66531
2.6503099999999997
2.63531
2.63531
2.62031
2.62531
2.62531
2.61531
2.6103099999999997
2.60031
2.5853099999999998
2.57531
2.5703099999999997
2.5703099999999997
2.5903099999999997
2.59531
2.60031
2.5903099999999997
2.5853099999999998
2.58031
2.5853099999999998
2.58031
2.58031
2.5703099999999997
2.56031
2.5453099999999997
2.54031
2.53031
2.5253099999999997
2.52031
2.54031
2.5503099999999996
2.55531
2.5653099999999998
2.5503099999999996
2.55531
2.54031
2.5453099999999997
2.5453099999999997
2.53531
2.5253099999999997
2.51531
2.5053099999999997
2.50031
2.49531
2.49031
2.48031
2.4853099999999997
2.49531
2.5053099999999997
2.51031
2.5253099999999997
2.54031
2.53531
2.53531
2.53031
2.5253099999999997
2.51531
2.52031
2.53031
2.51531
2.52031
2.5253099999999997
2.52031
2.53031
2.5253099999999997
2.52031
2.52031
2.51031
2.51031
2.51031
2.50031
2.49031
2.49031
2.50031
2.5053099999999997
2.51531
2.5253099999999997
2.5253099999999997
2.53531
2.5453099999999997
2.53031
2.51531
2.52031
2.52031
2.51531
2.51531
2.51531
2.5053099999999997
2.51031
2.51531
2.5253099999999997
2.51531
2.5253099999999997
2.52031
2.51531
2.5053099999999997
2.50031
2.5053099999999997
2.51531
2.5053099999999997
2.50031
2.49031
2.4853099999999997
2.47531
2.47531
2.47031
2.47031
2.47031
2.47031
2.47031
2.4653099999999997
2.47031
2.5253099999999997
2.5653099999999998
2.57
2.6103099999999997
2.6503099999999997
2.66031
2.65531
2.66031
2.6703099999999997
2.6703099999999997
2.66031
2.64531
2.64531
2.68031
2.6753099999999996
2.66531
2.66031
2.65531
2.6753099999999996
2.7153099999999997
2.7353099999999997
2.74031
2.74031
2.75031
2.76531
2.76031
2.74531
2.74031
2.74531
2.74031
2.74531
2.76531
2.76531
2.76531
2.7953099999999997
2.8003099999999996
2.78531
2.78531
2.7953099999999997
2.7753099999999997
2.76531
2.76531
2.76531
2.74531
2.7353099999999997
2.72031
2.7103099999999998
2.6953099999999997
2.70531
2.7103099999999998
2.7153099999999997
2.70531
2.6903099999999998
2.68031
2.66031
2.68031
2.66031
2.65531
2.6503099999999997
2.64031
2.6303099999999997
2.61531
2.60031
2.5903099999999997
2.57531
2.5703099999999997
2.5853099999999998
2.5903099999999997
2.57531
2.5653099999999998
2.55531
2.54031
2.53531
2.54031
2.53531
2.5253099999999997
2.5253099999999997
2.5053099999999997
2.5053099999999997
2.51031
2.5053099999999997
2.50031
2.5053099999999997
2.5053099999999997
2.51531
2.53031
2.5503099999999996
2.55531
2.5853099999999998
2.5853099999999998
2.59531
2.58031
2.5703099999999997
2.5703099999999997
2.56031
2.5653099999999998
2.5853099999999998
2.5903099999999997
2.59531
2.62031
2.6103099999999997
2.60531
2.59531
2.60031
2.59531
2.60031
2.62531
2.63531
2.62531
2.61531
2.60031
2.60531
2.60531
2.59531
2.5903099999999997
2.58031
2.5703099999999997
2.5703099999999997
2.5703099999999997
2.57531
2.56031
2.56031
2.5503099999999996
2.5453099999999997
2.53031
2.53531
2.53531
2.56031
2.5853099999999998
2.5853099999999998
2.59531
2.61531
2.62031
2.61531
2.6103099999999997
2.61531
2.59531
2.5903099999999997
2.59531
2.60031
2.59531
2.59531
2.61531
2.62531
2.60031
2.60531
2.62031
2.6103099999999997
2.60031
2.60031
2.59531
2.5903099999999997
2.5903099999999997
2.57531
2.5653099999999998
2.5653099999999998
2.57531
2.58031
2.5703099999999997
2.5703099999999997
2.5653099999999998
2.56031
2.5503099999999996
2.54031
2.5253099999999997
2.52031
2.52031
2.51031
2.50031
2.49031
2.48031
2.48031
2.4653099999999997
2.45531
2.4453099999999997
2.4453099999999997
2.45031
2.4653099999999997
2.4653099999999997
2.4603099999999998
2.45531
2.4653099999999997
2.4853099999999997
2.49531
2.50031
2.5053099999999997
2.51031
2.51031
2.50031
2.4853099999999997
2.48031
2.47531
2.50031
2.53031
2.5253099999999997
2.54031
2.55531
2.5503099999999996
2.55531
2.5503099999999996
2.5503099999999996
2.54031
2.57531
2.6103099999999997
2.60531
2.6103099999999997
2.62531
2.66531
2.6703099999999997
2.66531
2.66031
2.65531
2.66531
2.6753099999999996
2.6903099999999998
2.6703099999999997
2.6703099999999997
2.6703099999999997
2.6703099999999997
2.70031
2.72531
2.7103099999999998
2.70531
2.7153099999999997
2.72031
2.73031
2.7553099999999997
2.76031
2.78031
2.80531
2.85031
2.84531
2.8353099999999998
2.84531
2.84531
2.83031
2.8203099999999997
2.8003099999999996
2.7953099999999997
2.78031
2.76031
2.75031
2.7353099999999997
2.72031
2.70031
2.6903099999999998
2.68031
2.6753099999999996
2.6753099999999996
2.66031
2.64531
2.6503099999999997
2.64031
2.6303099999999997
2.62031
2.60531
2.60031
2.5903099999999997
2.58031
2.58031
2.58031
2.5853099999999998
2.58031
2.57531
2.5703099999999997
2.5703099999999997
2.5903099999999997
2.5903099999999997
2.60031
2.60531
2.61531
2.6103099999999997
2.59531
2.5903099999999997
2.5853099999999998
2.57531
2.5703099999999997
2.5703099999999997
2.56031
2.55531
2.5503099999999996
2.5503099999999996
2.53531
2.5253099999999997
2.53031
2.53031
2.53531
2.53531
2.54031
2.56031
2.60031
2.60531
2.63531
2.6753099999999996
2.70031
2.6903099999999998
2.68531
2.6753099999999996
2.6753099999999996
2.6703099999999997
2.6503099999999997
2.6503099999999997
2.6503099999999997
2.64531
2.63531
2.63531
2.65531
2.66031
2.6503099999999997
2.64031
2.62531
2.62031
2.62031
2.61531
2.6303099999999997
2.6303099999999997
2.61531
2.62031
2.6103099999999997
2.62031
2.62031
2.6103099999999997
2.60031
2.62031
2.6303099999999997
2.63531
2.62031
2.62031
2.61531
2.6103099999999997
2.6303099999999997
2.6503099999999997
2.64531
2.64531
2.6503099999999997
2.64031
2.6303099999999997
2.62031
2.62031
2.6103099999999997
2.6103099999999997
2.60531
2.59531
2.59531
2.5853099999999998
2.5703099999999997
2.57531
2.57531
2.5853099999999998
2.60031
2.60031
2.5903099999999997
2.62031
2.6753099999999996
2.7153099999999997
2.7153099999999997
2.70531
2.7103099999999998
2.72531
2.74531
2.7553099999999997
2.77031
2.77031
2.76531
2.7753099999999997
2.79031
2.7753099999999997
2.77031
2.78031
2.7953099999999997
2.79031
2.78531
2.7953099999999997
2.82531
2.85031
2.84531
2.85531
2.87031
2.8603099999999997
2.8603099999999997
2.84531
2.85031
2.8353099999999998
2.8153099999999998
2.80531
2.79031
2.78531
2.77031
2.75031
2.7353099999999997
2.72531
2.7153099999999997
2.7103099999999998
2.6903099999999998
2.68531
2.66531
2.65531
2.65531
2.66531
2.66531
2.66531
2.6703099999999997
2.6703099999999997
2.6903099999999998
2.6953099999999997
2.6903099999999998
2.6953099999999997
2.68531
2.6703099999999997
2.65531
2.6703099999999997
2.6703099999999997
2.66531
2.66531
2.66531
2.6703099999999997
2.66031
2.65531
2.6503099999999997
2.66031
2.66531
2.65531
2.6703099999999997
2.68531
2.66531
2.64531
2.6503099999999997
2.64031
2.6303099999999997
2.62531
2.61531
2.62031
2.62531
2.64031
2.6503099999999997
2.64531
2.68531
2.72531
2.74031
2.74031
2.73031
2.7353099999999997
2.73031
2.7153099999999997
2.70531
2.7103099999999998
2.70531
2.70031
2.68531
2.6753099999999996
2.66031
2.65531
2.6503099999999997
2.6503099999999997
2.66531
2.6753099999999996
2.66531
2.6903099999999998
2.72031
2.72531
2.73031
2.74531
2.73031
2.72031
2.72531
2.72531
2.7153099999999997
2.70031
2.6953099999999997
2.68031
2.6753099999999996
2.68031
2.68031
2.7153099999999997
2.7553099999999997
2.7553099999999997
2.78531
2.8203099999999997
2.8403099999999997
2.84531
2.8403099999999997
2.8403099999999997
2.8803099999999997
2.87031
2.86531
2.85531
2.8403099999999997
2.8403099999999997
2.82531
2.8203099999999997
2.8003099999999996
2.79031
2.78531
2.76531
2.77031
2.7553099999999997
2.74031
2.74531
2.73031
2.73031
2.7353099999999997
2.72531
2.7153099999999997
2.72031
2.7103099999999998
2.70031
2.6953099999999997
2.6953099999999997
2.6903099999999998
2.68531
2.66531
2.65531
2.6503099999999997
2.63531
2.6303099999999997
2.6103099999999997
2.60531
2.61531
2.61531
2.6103099999999997
2.61531
2.62531
2.6303099999999997
2.6303099999999997
2.62031
2.6103099999999997
2.6103099999999997
2.62031
2.61531
2.61531
2.61531
2.60031
2.60031
2.60531
2.59531
2.60531
2.61531
2.60531
2.61531
2.6103099999999997
2.61531
2.60031
2.59531
2.59531
2.5853099999999998
2.5853099999999998
2.58031
2.5903099999999997
2.5853099999999998
2.57531
2.5703099999999997
2.58031
2.60031
2.60531
2.61531
2.6103099999999997
2.6103099999999997
2.6103099999999997
2.62531
2.6103099999999997
2.62031
2.6103099999999997
2.60531
2.60031
2.59531
2.5903099999999997
2.5903099999999997
2.59531
2.5903099999999997
2.59531
2.60531
2.59531
2.5903099999999997
2.58031
2.58031
2.5703099999999997
2.5653099999999998
2.5653099999999998
2.5703099999999997
2.5503099999999996
2.5503099999999996
2.56031
2.5503099999999996
2.54031
2.5503099999999996
2.54031
2.54031
2.53031
2.52031
2.51031
2.5053099999999997
2.51031
2.51031
2.5053099999999997
2.51031
2.51031
2.50031
2.49531
2.4853099999999997
2.48031
2.47031
2.4603099999999998
2.45531
2.45031
2.4453099999999997
2.43531
2.43031
2.4253099999999996
2.4203099999999997
2.41031
2.41031
2.41531
2.41531
2.41531
2.41531
2.41031
2.4003099999999997
2.39531
2.39031
2.39531
2.39531
2.39031
2.4003099999999997
2.39531
2.39031
2.38531
2.37531
2.37031
2.36531
2.3603099999999997
2.36531
2.36531
2.35531
2.35531
2.35531
2.34531
2.3403099999999997
2.3403099999999997
2.33031
2.32531
2.32531
2.3153099999999998
2.33031
2.33031
2.3203099999999997
2.32531
2.32531
2.32531
2.3153099999999998
2.3153099999999998
2.3153099999999998
2.3153099999999998
2.33031
2.3353099999999998
2.34531
2.37531
2.37031
2.36531
2.37031
2.37031
2.35531
2.35031
2.34531
2.3353099999999998
2.3203099999999997
2.30531
2.30531
2.30531
2.31031
2.30531
2.2953099999999997
2.2953099999999997
2.30531
2.3203099999999997
2.3153099999999998
2.31031
2.2953099999999997
2.28531
2.28031
2.29031
2.2953099999999997
2.29031
2.28031
2.2753099999999997
2.26531
2.2553099999999997
2.27031
2.29031
2.3003099999999996
2.3003099999999996
2.3003099999999996
2.3153099999999998
2.30531
2.28531
2.28031
2.2753099999999997
2.2753099999999997
2.2753099999999997
2.26031
2.26031
2.2553099999999997
2.24531
2.2353099999999997
2.22531
2.2153099999999997
2.23031
2.22531
2.24531
2.26531
2.27031
2.27031
2.25031
2.24531
2.24031
2.23031
2.2153099999999997
2.20031
2.18531
2.18031
2.1753099999999996
2.15531
2.14531
2.14531
2.14031
2.12531
2.12031
2.11531
2.12031
2.12531
2.13531
2.12531
2.12031
2.12531
2.12531
2.12531
2.12531
2.12031
2.11531
2.10531
2.09531
2.08031
2.0703099999999997
2.06031
2.04031
2.03031
2.0253099999999997
2.02031
2.01031
2.00031
1.98531
1.97531
1.9703099999999998
1.96531
1.98
2.0053099999999997
2.01531
2.02031
2.0453099999999997
2.0653099999999998
2.05531
2.0503099999999996
2.0653099999999998
2.06031
2.0503099999999996
2.04031
2.04031
2.02031
2.0053099999999997
2.00031
1.99531
1.9803099999999998
1.97531
1.96531
1.96531
1.97531
1.9703099999999998
1.96531
1.9803099999999998
1.9803099999999998
1.97531
1.9703099999999998
1.9703099999999998
1.9803099999999998
1.96531
1.9553099999999999
1.955
1.9603099999999998
1.9703099999999998
1.9603099999999998
1.9553099999999999
1.9453099999999999
1.9403099999999998
1.9303099999999997
1.9153099999999998
1.91031
1.9053099999999998
1.90031
1.89031
1.8753099999999998
1.8653099999999998
1.8653099999999998
1.87031
1.8553099999999998
1.85031
1.85031
1.85031
1.86
1.8653099999999998
1.8753099999999998
1.87031
1.8653099999999998
1.86031
1.85031
1.8553099999999998
1.8753099999999998
1.8753099999999998
1.88031
1.8653099999999998
1.87031
1.87031
1.87031
1.875
1.8853099999999998
1.8853099999999998
1.88031
1.8853099999999998
1.8853099999999998
1.8753099999999998
1.87031
1.87031
1.85031
1.8453099999999998
1.84031
1.8353099999999998
1.8353099999999998
1.8453099999999998
1.84031
1.84031
1.8353099999999998
1.8303099999999999
1.8353099999999998
1.8303099999999999
1.8253099999999998
1.8203099999999999
1.8103099999999999
1.8253099999999998
1.8353099999999998
1.8353099999999998
1.85031
1.86031
1.86031
1.85031
1.8453099999999998
1.8553099999999998
1.89031
1.8953099999999998
1.9053099999999998
1.92031
1.9353099999999999
1.9303099999999997
1.9303099999999997
1.9153099999999998
1.90031
1.89031
1.88031
1.87031
1.8653099999999998
1.86031
1.8453099999999998
1.85031
1.87031
1.89031
1.885
1.91031
1.9253099999999999
1.9253099999999999
1.9303099999999997
1.9253099999999999
1.9253099999999999
1.9253099999999999
1.92031
1.92031
1.9253099999999999
1.9053099999999998
1.91031
1.91031
1.9253099999999999
1.9303099999999997
1.9403099999999998
1.9503099999999998
1.9503099999999998
1.9453099999999999
1.9403099999999998
1.9403099999999998
1.9353099999999999
1.9353099999999999
1.9253099999999999
1.9503099999999998
1.97531
1.98531
2.02031
2.03531
2.04031
2.04031
2.0453099999999997
2.0453099999999997
2.04031
2.03531
2.0253099999999997
2.01531
2.02031
2.03031
2.03531
2.03031
2.03031
2.03031
2.03531
2.0253099999999997
2.0253099999999997
2.02031
2.01031
2.00031
2.00031
1.99531
1.99531
1.98531
1.9703099999999998
1.9703099999999998
1.96531
1.9553099999999999
1.9553099999999999
1.9453099999999999
1.9503099999999998
1.9503099999999998
1.97531
1.97531
1.98
2.00031
2.0053099999999997
2.0053099999999997
2.01031
2.01031
2.00031
1.99531
2.0053099999999997
1.9903099999999998
1.98531
1.98531
1.96531
1.98531
1.9703099999999998
1.9703099999999998
1.98531
1.99531
2.00031
2.02031
2.03031
2.03031
2.0253099999999997
2.02031
2.0253099999999997
2.03031
2.0253099999999997
2.02031
2.01531
2.0253099999999997
2.03031
2.02031
2.0503099999999996
2.06031
2.0653099999999998
2.05531
2.05531
2.06031
2.0653099999999998
2.0653099999999998
2.06031
2.06031
2.05531
2.0503099999999996
2.0453099999999997
2.03531
2.03531
2.03031
2.0253099999999997
2.03031
2.0253099999999997
2.02031
2.00031
2.0053099999999997
1.98531
1.9903099999999998
1.9903099999999998
1.9803099999999998
1.97531
1.9703099999999998
1.9603099999999998
1.9603099999999998
1.96531
1.9553099999999999
1.9503099999999998
1.9503099999999998
1.9453099999999999
1.94
1.9353099999999999
1.9353099999999999
1.9303099999999997
1.9253099999999999
1.92031
1.9153099999999998
1.9153099999999998
1.9153099999999998
1.9303099999999997
1.9403099999999998
1.9303099999999997
1.9403099999999998
1.9453099999999999
1.9403099999999998
1.9453099999999999
1.9453099999999999
1.9553099999999999
1.9603099999999998
1.9703099999999998
1.96531
1.96531
1.97531
1.97531
1.9803099999999998
1.97531
1.9703099999999998
1.9603099999999998
1.9603099999999998
1.9503099999999998
1.9453099999999999
1.9303099999999997
1.9303099999999997
1.9153099999999998
1.9303099999999997
1.9303099999999997
1.9403099999999998
1.9403099999999998
1.9503099999999998
1.9403099999999998
1.96531
1.97531
1.9803099999999998
1.9803099999999998
1.98531
1.98531
1.98531
1.98531
1.98531
1.9803099999999998
1.9803099999999998
1.96531
1.9703099999999998
1.96531
1.9603099999999998
1.9503099999999998
1.9453099999999999
1.9403099999999998
1.9403099999999998
1.9403099999999998
1.9403099999999998
1.9353099999999999
1.9303099999999997
1.9253099999999999
1.92031
1.92031
1.9053099999999998
1.9053099999999998
1.91031
1.9053099999999998
1.90031
1.9053099999999998
1.91031
1.91031
1.9303099999999997
1.9303099999999997
1.9403099999999998
1.9353099999999999
1.9253099999999999
1.9253099999999999
1.9353099999999999
1.9253099999999999
1.92031
1.91031
1.9153099999999998
1.9303099999999997
1.9353099999999999
1.9253099999999999
1.9253099999999999
1.9253099999999999
1.92031
1.91031
1.9053099999999998
1.90031
1.8853099999999998
1.8753099999999998
1.87031
1.84031
1.86031
1.8553099999999998
1.85031
1.84031
1.84031
1.8353099999999998
1.8303099999999999
1.8203099999999999
1.8203099999999999
1.8303099999999999
1.8353099999999998
1.8353099999999998
1.8553099999999998
1.87031
1.8753099999999998
1.8653099999999998
1.8653099999999998
1.87031
1.87031
1.8553099999999998
1.8353099999999998
1.85031
1.8453099999999998
1.8553099999999998
1.85031
1.8353099999999998
1.8353099999999998
1.8553099999999998
1.85031
1.8453099999999998
1.8353099999999998
1.8453099999999998
1.84031
1.8353099999999998
1.8303099999999999
1.8203099999999999
1.8203099999999999
1.8253099999999998
1.8203099999999999
1.8203099999999999
1.8253099999999998
1.8153099999999998
1.8103099999999999
1.8053099999999997
1.8053099999999997
1.8053099999999997
1.8103099999999999
1.8003099999999999
1.8003099999999999
1.7903099999999998
1.78531
1.78531
1.79531
1.79
1.8203099999999999
1.845
1.8453099999999998
1.8303099999999999
1.8303099999999999
1.825
1.8153099999999998
1.8153099999999998
1.8003099999999999
1.7903099999999998
1.7803099999999998
1.7803099999999998
1.7703099999999998
1.77531
1.7903099999999998
1.78531
1.7903099999999998
1.8003099999999999
1.79531
1.78531
1.7703099999999998
1.7603099999999998
1.7503099999999998
1.75531
1.76531
1.76531
1.76
1.76
1.7603099999999998
1.7603099999999998
1.755
1.74531
1.7103099999999998
1.72531
1.7303099999999998
1.73531
1.73531
1.7303099999999998
1.7203099999999998
1.7203099999999998
1.71531
1.7103099999999998
1.7003099999999998
1.6903099999999998
1.6803099999999997
1.6803099999999997
1.7003099999999998
1.7203099999999998
1.72
1.75531
1.77531
1.77531
1.7603099999999998
1.75531
1.7503099999999998
1.7603099999999998
1.7403099999999998
1.7403099999999998
1.74531
1.73531
1.7303099999999998
1.72531
1.7203099999999998
1.72531
1.7103099999999998
1.7103099999999998
1.7053099999999999
1.715
1.72531
1.71531
1.7103099999999998
1.7053099999999999
1.7003099999999998
1.7003099999999998
1.6953099999999999
1.6903099999999998
1.6903099999999998
1.6803099999999997
1.6753099999999999
1.6853099999999999
1.6953099999999999
1.7053099999999999
1.6903099999999998
1.6803099999999997
1.67031
1.6753099999999999
1.6653099999999998
1.66031
1.655
1.6453099999999998
1.63531
1.63031
1.6203100000000001
1.6103100000000001
1.5903100000000001
1.5903100000000001
1.57531
1.57531
1.57031
1.56031
1.56031
1.55531
1.54531
1.54031
1.53531
1.53031
1.53031
1.53031
1.53031
1.52531
1.53531
1.54031
1.53531
1.52531
1.52031
1.51531
1.52031
1.52031
1.51031
1.52031
1.52531
1.53031
1.53031
1.54031
1.56031
1.56031
1.56031
1.54531
1.54531
1.55031
1.54531
1.53531
1.54031
1.54531
1.55531
1.55531
1.57031
1.57531
1.58031
1.59531
1.61
1.62
1.645
1.64031
1.63531
1.62531
1.6203100000000001
1.62531
1.6103100000000001
1.60531
1.6003100000000001
1.6003100000000001
1.6003100000000001
1.6003100000000001
1.6003100000000001
1.6003100000000001
1.6003100000000001
1.6003100000000001
1.60531
1.5903100000000001
1.575
1.57531
1.57031
1.57031
1.56531
1.58031
1.57531
1.58031
1.58031
1.58031
1.58031
1.57531
1.57031
1.56031
1.56031
1.55531
1.55531
1.56531
1.56531
1.56031
1.57031
1.56531
1.57531
1.58031
1.56031
1.55531
1.56031
1.55031
1.55031
1.55031
1.54531
1.55031
1.54031
1.54531
1.55031
1.54531
1.58031
1.58
1.5903100000000001
1.59531
1.59531
1.6003100000000001
1.6003100000000001
1.5903100000000001
1.6003100000000001
1.60531
1.63531
1.63031
1.62531
1.62
1.62531
1.63031
1.62531
1.6203100000000001
1.61531
1.62531
1.62
1.6103100000000001
1.61531
1.60531
1.6103100000000001
1.61531
1.61531
1.6203100000000001
1.62531
1.61531
1.6103100000000001
1.5903100000000001
1.59531
1.58531
1.5903100000000001
1.5903100000000001
1.59531
1.58531
1.58031
1.57531
1.57531
1.56531
1.57031
1.58031
1.58531
1.58531
1.58531
1.57531
1.57031
1.56531
1.56031
1.565
1.55531
1.55531
1.55031
1.54531
1.54531
1.535
1.53031
1.53031
1.54031
1.55531
1.56031
1.57031
1.585
1.59531
1.59531
1.60531
1.6103100000000001
1.625
1.63531
1.6453099999999998
1.65031
1.6453099999999998
1.6453099999999998
1.6453099999999998
1.6653099999999998
1.66031
1.665
1.67
1.6653099999999998
1.66031
1.65031
1.65031
1.6453099999999998
1.64031
1.64031
1.64031
1.62531
1.6203100000000001
1.6103100000000001
1.60531
1.595
1.58531
1.58531
1.6003100000000001
1.59531
1.5903100000000001
1.59531
1.6003100000000001
1.6003100000000001
1.5903100000000001
1.5903100000000001
1.58031
1.57531
1.57031
1.59531
1.60531
1.6003100000000001
1.6003100000000001
1.60531
1.62531
1.66031
1.67031
1.67031
1.67031
1.66031
1.6653099999999998
1.65031
1.6653099999999998
1.6903099999999998
1.67031
1.66031
1.6653099999999998
1.6553099999999998
1.6453099999999998
1.6553099999999998
1.6453099999999998
1.65031
1.65031
1.67031
1.6753099999999999
1.6753099999999999
1.7003099999999998
1.7053099999999999
1.7103099999999998
1.7053099999999999
1.71531
1.7053099999999999
1.7053099999999999
1.7103099999999998
1.71531
1.72
1.72531
1.71531
1.7053099999999999
1.6953099999999999
1.6953099999999999
1.6953099999999999
1.6903099999999998
1.6853099999999999
1.6753099999999999
1.67031
1.665
1.6553099999999998
1.65031
1.6453099999999998
1.63531
1.62531
1.61531
1.6103100000000001
1.615
1.6003100000000001
1.5903100000000001
1.58531
1.58031
1.57031
1.57031
1.56531
1.57031
1.57031
1.56531
1.56
1.55531
1.54531
1.54531
1.54531
1.55031
1.54531
1.54031
1.53531
1.53031
1.52031
1.52031
1.53531
1.52531
1.52531
1.52531
1.52531
1.53031
1.52031
1.51531
1.51531
1.52531
1.52031
1.52531
1.53031
1.54
1.53531
1.53
1.53031
1.53531
1.53531
1.53531
1.535
1.55531
1.56531
1.57031
1.56031
1.56031
1.56531
1.56031
1.55031
1.55031
1.54531
1.54031
1.53031
1.52531
1.52031
1.51531
1.50531
1.50531
1.50031
1.51531
1.52531
1.54
1.55031
1.56031
1.56031
1.55031
1.55031
1.54531
1.53531
1.53531
1.52031
1.51
1.51531
1.51031
1.50531
1.50531
1.5
1.50031
1.50031
1.4953100000000001
1.4953100000000001
1.49031
1.49031
1.4853100000000001
1.50031
1.4853100000000001
1.48031
1.48031
1.4853100000000001
1.48
1.4953100000000001
1.4953100000000001
1.49031
1.4853100000000001
1.475
1.47031
1.47031
1.47031
1.46031
1.46031
1.45031
1.46031
1.48031
1.4753100000000001
1.49031
1.4953100000000001
1.4953100000000001
1.4953100000000001
1.51531
1.52531
1.52531
1.52531
1.54031
1.54031
1.53531
1.53031
1.52531
1.51531
1.52031
1.51531
1.505
1.50531
1.50031
1.50031
1.51531
1.52531
1.53031
1.52531
1.53031
1.51031
1.52031
1.50531
1.50031
1.4953100000000001
1.4753100000000001
1.47031
1.47031
1.46031
1.45531
1.445
1.44
1.43031
1.42531
1.42
1.42031
1.415
1.41031
1.40031
1.40031
1.38531
1.38031
1.37531
1.37531
1.3703100000000001
1.3603100000000001
1.35531
1.3503100000000001
1.34531
1.33031
1.33031
1.32531
1.32031
1.33
1.325
1.32531
1.32031
1.315
1.32531
1.32531
1.32531
1.33031
1.33
1.33031
1.33531
1.34531
1.35
1.3603100000000001
1.35531
1.35531
1.3703100000000001
1.3703100000000001
1.39031
1.38531
1.38031
1.38
1.38531
1.38531
1.3703100000000001
1.36531
1.35531
1.3603100000000001
1.3503100000000001
1.3403100000000001
1.33531
1.3403100000000001
1.32031
1.31531
1.31531
1.31031
1.31
1.30031
1.29031
1.28031
1.27531
1.265
1.26031
1.26031
1.25031
1.25531
1.25031
1.25531
1.25031
1.25531
1.26031
1.26
1.27031
1.275
1.29
1.27031
1.26531
1.265
1.25531
1.25031
1.25531
1.2453100000000001
1.2453100000000001
1.2353100000000001
1.235
1.23
1.2253100000000001
1.22031
1.22031
1.215
1.205
1.205
1.20531
1.19531
1.19031
1.19031
1.18031
1.16531
1.185
1.195
1.20531
1.20031
1.19031
1.19531
1.20031
1.2153100000000001
1.2153100000000001
1.2153100000000001
1.2253100000000001
1.2253100000000001
1.225
1.22031
1.21031
1.2153100000000001
1.21031
1.21
1.19531
1.18531
1.18031
1.17531
1.17031
1.17031
1.16531
1.155
1.15031
1.14531
1.14031
1.14531
1.14531
1.14531
1.15031
1.145
1.15031
1.16
1.16531
1.165
1.18
1.19031
1.20531
1.19031
1.18031
1.18531
1.18531
1.18031
1.18031
1.17
1.16031
1.155
1.14531
1.14
1.13031
1.135
1.12531
1.1203100000000001
1.11531
1.1203100000000001
1.135
1.13
1.15
1.17031
1.16531
1.15031
1.15031
1.15031
1.15031
1.17031
1.16531
1.18531
1.19031
1.19031
1.18531
1.19531
1.20031
1.20031
1.19531
1.18531
1.18531
1.18531
1.18031
1.17531
1.17031
1.16031
1.15031
1.15031
1.15
1.14031
1.13031
1.12531
1.14031
1.14531
1.15
1.15531
1.16
1.17031
1.16531
1.165
1.15531
1.15031
1.14531
1.14531
1.14031
1.13531
1.14031
1.13531
1.13
1.12531
1.13
1.125
1.12
1.11531
1.11531
1.11
1.11
1.105
1.10531
1.105
1.09531
1.09
1.085
1.075
1.07531
1.06531
1.06031
1.05531
1.05531
1.05031
1.06031
1.06031
1.05531
1.06031
1.06531
1.07031
1.07531
1.095
1.0903100000000001
1.0903100000000001
1.0903100000000001
1.095
1.115
1.11
1.105
1.105
1.1
1.095
1.09531
1.09531
1.10531
1.08531
1.1
1.09531
1.09531
1.09
1.08531
1.07031
1.095
1.11
1.125
1.11531
1.11531
1.11531
1.1203100000000001
1.1203100000000001
1.11531
1.115
1.1103100000000001
1.11
1.10531
1.115
1.1103100000000001
1.1203100000000001
1.105
1.1103100000000001
1.10531
1.11531
1.11
1.10531
1.10531
1.1003100000000001
1.1003100000000001
1.1103100000000001
1.115
1.13031
1.145
1.14531
1.13531
1.13531
1.14031
1.14
1.14
1.135
1.14
1.14031
1.14031
1.14031
1.14031
1.14
1.13531
1.12531
1.14531
1.14531
1.15031
1.15531
1.14531
1.14531
1.15
1.16531
1.16031
1.16531
1.17
1.17
1.16031
1.16031
1.16531
1.18031
1.18031
1.205
1.22031
1.225
1.2153100000000001
1.2153100000000001
1.21031
1.21031
1.20031
1.19531
1.19531
1.19031
1.18031
1.18031
1.18
1.17531
1.16531
1.16531
1.16031
1.165
1.15531
1.16
1.15031
1.14531
1.13531
1.15031
1.16031
1.17031
1.18031
1.20031
1.20031
1.20531
1.19531
1.19531
1.18531
1.18531
1.19031
1.20031
1.19531
1.19531
1.19031
1.19031
1.19531
1.18031
1.17031
1.17031
1.16531
1.16531
1.16031
1.16031
1.15531
1.16531
1.17031
1.17031
1.17031
1.17
1.165
1.16531
1.16531
1.16531
1.17
1.17
1.155
1.16
1.16031
1.16031
1.16031
1.155
1.16031
1.16531
1.16531
1.16031
1.15031
1.15031
1.14531
1.15531
1.14031
1.13531
1.13531
1.13
1.125
1.1203100000000001
1.12531
1.11
1.115
1.115
1.11531
1.11531
1.105
1.1103100000000001
1.11531
1.11531
1.11531
1.115
1.11531
1.11531
1.1103100000000001
1.10531
1.11
1.1003100000000001
1.1
1.1003100000000001
1.09531
1.09531
1.09531
1.1
1.115
1.1103100000000001
1.0903100000000001
1.105
1.10531
1.09531
1.1003100000000001
1.09531
1.09
1.09
1.08531
1.0903100000000001
1.1003100000000001
1.105
1.125
1.1103100000000001
1.1203100000000001
1.125
1.135
1.13531
1.13531
1.13031
