2.37031
2.39531
2.4003099999999997
2.39031
2.39031
2.38531
2.36531
2.35031
2.36531
2.35531
2.37531
2.41531
2.4203099999999997
2.45
2.47531
2.48031
2.47031
2.4603099999999998
2.4603099999999998
2.48031
2.50031
2.49531
2.49531
2.48031
2.47531
2.5053099999999997
2.52031
2.51031
2.49031
2.49531
2.4853099999999997
2.4853099999999997
2.47031
2.47531
2.47531
2.47531
2.4653099999999997
2.45531
2.45531
2.4603099999999998
2.45531
2.4453099999999997
2.43031
2.4203099999999997
2.41031
2.4003099999999997
2.40531
2.4003099999999997
2.41031
2.41531
2.43031
2.4653099999999997
2.47031
2.45531
2.45531
2.4603099999999998
2.45531
2.4453099999999997
2.4403099999999998
2.43031
2.45031
2.4653099999999997
2.4603099999999998
2.47031
2.47531
2.4653099999999997
2.4603099999999998
2.4603099999999998
2.4653099999999997
2.4603099999999998
2.45531
2.4603099999999998
2.47031
2.45531
2.47531
2.45531
2.45531
2.4653099999999997
2.4653099999999997
2.4653099999999997
2.51031
2.5253099999999997
2.5253099999999997
2.51031
2.5053099999999997
2.49531
2.49531
2.50031
2.52031
2.52031
2.51031
2.5053099999999997
2.49531
2.50031
2.51531
2.51031
2.52031
2.5253099999999997
2.57531
2.6303099999999997
2.6303099999999997
2.65531
2.65531
2.68531
2.7553099999999997
2.8203099999999997
2.84531
2.8403099999999997
2.84531
2.87031
2.89031
2.89531
2.88531
2.89031
2.8803099999999997
2.87531
2.8603099999999997
2.86531
2.88531
2.89031
2.8803099999999997
2.86531
2.85531
2.8603099999999997
2.85531
2.87531
2.91031
2.9603099999999998
2.98031
2.9653099999999997
2.97031
2.99031
2.99031
3.01031
3.0903099999999997
3.12531
3.1753099999999996
3.28531
3.35531
3.3403099999999997
3.3603099999999997
3.38531
3.37531
3.3603099999999997
3.3403099999999997
3.3403099999999997
3.3203099999999997
3.3203099999999997
3.31031
3.3353099999999998
3.3403099999999997
3.32531
3.3153099999999998
3.35031
3.39531
3.4003099999999997
3.38531
3.4003099999999997
3.38531
3.37031
3.34531
3.30531
3.30531
3.2953099999999997
3.2753099999999997
3.26531
3.24531
3.28031
3.3403099999999997
3.35031
3.4003099999999997
3.43531
3.4453099999999997
3.43531
3.4203099999999997
3.41531
3.4453099999999997
3.4653099999999997
3.45031
3.43031
3.4203099999999997
3.4003099999999997
3.39031
3.37531
3.39031
3.41031
3.43031
3.4253099999999996
3.41531
3.41031
3.40531
3.40531
3.41531
3.41531
3.4003099999999997
3.39531
3.39031
3.3803099999999997
3.37031
3.3603099999999997
3.35031
3.35531
3.39031
3.41031
3.41031
3.4253099999999996
3.4603099999999998
3.47031
3.45531
3.45031
3.4453099999999997
3.47031
3.5253099999999997
3.53031
3.57531
3.64031
3.66531
3.6703099999999997
3.6503099999999997
3.6503099999999997
3.65531
3.65531
3.65531
3.6503099999999997
3.63531
3.6303099999999997
3.64031
3.64531
3.64531
3.66031
3.6503099999999997
3.6753099999999996
3.7103099999999998
3.73031
3.7153099999999997
3.74031
3.72531
3.72531
3.7153099999999997
3.7103099999999998
3.7103099999999998
3.70031
3.70531
3.70531
3.70031
3.6903099999999998
3.6753099999999996
3.66531
3.65531
3.65531
3.66531
3.6753099999999996
3.6703099999999997
3.66531
3.68531
3.68031
3.68031
3.70031
3.73031
3.7353099999999997
3.74531
3.78531
3.8203099999999997
3.82531
3.8153099999999998
3.82531
3.82531
3.8203099999999997
3.83031
3.8403099999999997
3.84531
3.8603099999999997
3.8803099999999997
3.88531
3.87531
3.87031
3.8803099999999997
3.91031
3.93031
3.9253099999999996
3.9253099999999996
3.95031
3.9653099999999997
3.95531
3.9653099999999997
3.9653099999999997
3.97031
3.97031
3.9453099999999997
3.93031
3.9403099999999998
3.93531
3.9453099999999997
3.95531
3.9453099999999997
3.95031
3.9403099999999998
3.91531
3.91031
3.9003099999999997
3.89531
3.88531
3.88531
3.89031
3.89031
3.91031
3.9403099999999998
3.9403099999999998
3.98031
4.03531
4.0553099999999995
4.04531
4.03531
4.060309999999999
4.1003099999999995
4.16031
4.15531
4.16531
4.17531
4.16031
4.1403099999999995
4.12531
4.11531
4.11031
4.1003099999999995
4.09531
4.07031
4.0553099999999995
4.04531
4.0553099999999995
4.05031
4.0553099999999995
4.04531
4.0553099999999995
4.08031
4.09531
4.08031
4.08531
4.08031
4.07031
4.07031
4.10531
4.11531
4.1003099999999995
4.08031
4.08531
4.11031
4.1403099999999995
4.14531
4.12531
4.12031
4.11031
4.10531
4.12031
4.14531
4.1403099999999995
4.17531
4.1803099999999995
4.16531
4.16531
4.16531
4.1403099999999995
4.13531
4.13031
4.11031
4.11031
4.1003099999999995
4.08031
4.06531
4.06531
4.04531
4.03031
4.0153099999999995
4.01031
3.99531
3.9853099999999997
3.98031
4.0153099999999995
4.03031
4.02031
4.04531
4.060309999999999
4.05031
4.03531
4.03031
4.03031
4.02531
4.01031
4.00531
4.00531
3.9853099999999997
3.97531
3.99531
4.02531
4.03031
4.02531
4.02531
4.03531
4.05031
4.04031
4.04531
4.04031
4.02031
4.0153099999999995
4.03031
4.04031
4.04531
4.02531
4.0153099999999995
3.99531
3.99031
3.99031
4.00531
4.0153099999999995
4.00531
4.01031
4.01031
4.00531
3.99031
3.97031
3.9603099999999998
3.93531
3.9003099999999997
3.9003099999999997
3.89531
3.9003099999999997
3.89531
3.8803099999999997
3.89031
3.88531
3.91531
3.95531
3.97531
3.9603099999999998
3.9453099999999997
3.9603099999999998
3.99031
3.9853099999999997
3.99531
3.99531
3.99031
3.9603099999999998
3.95031
3.95531
3.9453099999999997
3.93531
3.95031
3.93531
3.9203099999999997
3.91031
3.9003099999999997
3.90531
3.91531
3.91531
3.91031
3.89031
3.87031
3.86531
3.86531
3.88531
3.89531
3.87531
3.85531
3.84531
3.87531
3.9003099999999997
3.89031
3.87031
3.87031
3.88531
3.87531
3.87031
3.87031
3.87531
3.90531
3.9253099999999996
3.9203099999999997
3.9203099999999997
3.91531
3.9003099999999997
3.8803099999999997
3.88531
3.88531
3.86531
3.85531
3.86531
3.86531
3.87531
3.86531
3.8353099999999998
3.8153099999999998
3.7953099999999997
3.7753099999999997
3.78531
3.7753099999999997
3.76531
3.75031
3.74031
3.72531
3.7153099999999997
3.70531
3.6903099999999998
3.6903099999999998
3.68531
3.68031
3.68531
3.68531
3.66531
3.6753099999999996
3.65531
3.65531
3.64531
3.6303099999999997
3.61531
3.60031
3.5853099999999998
3.5853099999999998
3.58031
3.5653099999999998
3.5703099999999997
3.5903099999999997
3.59531
3.59531
3.60531
3.59531
3.60531
3.60031
3.5903099999999997
3.57531
3.55531
3.54031
3.5253099999999997
3.50031
3.49531
3.4853099999999997
3.4853099999999997
3.51031
3.51031
3.49031
3.48031
3.47031
3.45031
3.4403099999999998
3.45531
3.47031
3.4653099999999997
3.45031
3.4403099999999998
3.43531
3.45031
3.4603099999999998
3.47031
3.4603099999999998
3.45031
3.4603099999999998
3.47031
3.4653099999999997
3.47031
3.51531
3.54031
3.54031
3.56031
3.56031
3.55531
3.5503099999999996
3.53531
3.54031
3.53531
3.5253099999999997
3.51031
3.5053099999999997
3.51031
3.50031
3.49531
3.51031
3.53531
3.54031
3.5253099999999997
3.51531
3.52031
3.5253099999999997
3.54031
3.5453099999999997
3.53531
3.54031
3.5503099999999996
3.5503099999999996
3.5503099999999996
3.53531
3.5253099999999997
3.53531
3.5653099999999998
3.5703099999999997
3.57531
3.5853099999999998
3.6103099999999997
3.5903099999999997
3.58031
3.5703099999999997
3.55531
3.55531
3.54031
3.5253099999999997
3.5053099999999997
3.4853099999999997
3.4603099999999998
3.4453099999999997
3.4453099999999997
3.4603099999999998
3.45531
3.45531
3.47031
3.48031
3.48031
3.4653099999999997
3.4403099999999998
3.4403099999999998
3.43531
3.4453099999999997
3.4203099999999997
3.4203099999999997
3.4253099999999996
3.41531
3.41031
3.41031
3.41531
3.4203099999999997
3.4003099999999997
3.4003099999999997
3.39531
3.39031
3.38531
3.36531
3.3603099999999997
3.36531
3.37031
3.3803099999999997
3.38531
3.41031
3.4253099999999996
3.4003099999999997
3.39531
3.39031
3.38531
3.38531
3.37531
3.3603099999999997
3.3403099999999997
3.32531
3.33031
3.3203099999999997
3.31031
3.3153099999999998
3.3003099999999996
3.2953099999999997
3.28531
3.2753099999999997
3.2753099999999997
3.26531
3.25031
3.24031
3.24531
3.24031
3.23031
3.2153099999999997
3.2153099999999997
3.2103099999999998
3.2103099999999998
3.20531
3.20531
3.2103099999999998
3.1953099999999997
3.1953099999999997
3.1953099999999997
3.1903099999999998
3.18031
3.18031
3.18031
3.1703099999999997
3.15531
3.14531
3.1503099999999997
3.16531
3.14031
3.14531
3.13531
3.11531
3.1103099999999997
3.1103099999999997
3.10031
3.09531
3.10531
3.12531
3.1303099999999997
3.12531
3.1303099999999997
3.12531
3.14531
3.1503099999999997
3.14031
3.1303099999999997
3.13531
3.14531
3.14531
3.16531
3.16031
3.18531
3.16531
3.16531
3.1753099999999996
3.20031
3.20031
3.1903099999999998
3.1903099999999998
3.18531
3.18531
3.1953099999999997
3.1903099999999998
3.20031
3.1903099999999998
3.18531
3.1953099999999997
3.18531
3.18031
3.18531
3.1753099999999996
3.18031
3.1703099999999997
3.15531
3.14531
3.13531
3.13531
3.13531
3.12531
3.1303099999999997
3.1303099999999997
3.12531
3.1303099999999997
3.12531
3.11531
3.12031
3.1303099999999997
3.12531
3.10531
3.09531
3.08031
3.07531
3.06031
3.06031
3.06031
3.08031
3.12031
3.1303099999999997
3.1503099999999997
3.18531
3.18531
3.1703099999999997
3.15531
3.14531
3.15531
3.16031
3.16031
3.1753099999999996
3.1703099999999997
3.16031
3.14031
3.13531
3.14031
3.1303099999999997
3.11531
3.1103099999999997
3.10031
3.10531
3.10031
3.12031
3.12531
3.12531
3.14031
3.14531
3.14531
3.14031
3.16031
3.15531
3.13531
3.12531
3.1103099999999997
3.0903099999999997
3.0853099999999998
3.0903099999999997
3.08031
3.08031
3.11531
3.09531
3.0853099999999998
3.09531
3.09531
3.1103099999999997
3.11531
3.1103099999999997
3.11531
3.11531
3.09531
3.0903099999999997
3.07531
3.0653099999999998
3.0503099999999996
3.03531
3.03531
3.0653099999999998
3.05531
3.05531
3.06031
3.0453099999999997
3.03031
3.0053099999999997
3.00031
2.99531
2.99031
2.98031
2.9603099999999998
2.9603099999999998
2.9453099999999997
2.9403099999999998
2.9253099999999996
2.91531
2.90531
2.89031
2.8803099999999997
2.86531
2.85531
2.87031
2.8803099999999997
2.87531
2.8803099999999997
2.87031
2.8803099999999997
2.8803099999999997
2.88531
2.87031
2.87531
2.87531
2.86531
2.86531
2.87531
2.8803099999999997
2.87031
2.8603099999999997
2.8603099999999997
2.85031
2.84531
2.83031
2.82531
2.8353099999999998
2.85031
2.85531
2.85031
2.85031
2.83031
2.8353099999999998
2.85031
2.8403099999999997
2.8353099999999998
2.8403099999999997
2.8203099999999997
2.8153099999999998
2.8003099999999996
2.79031
2.78031
2.76531
2.77031
2.78031
2.78031
2.7753099999999997
2.79031
2.78531
2.78531
2.77031
2.76531
2.75031
2.7553099999999997
2.75031
2.7353099999999997
2.72531
2.72031
2.7153099999999997
2.70531
2.6953099999999997
2.6903099999999998
2.6753099999999996
2.6753099999999996
2.66531
2.6703099999999997
2.68031
2.68531
2.6703099999999997
2.66531
2.66031
2.66031
2.6503099999999997
2.66031
2.66031
2.64531
2.6703099999999997
2.66531
2.6753099999999996
2.725
2.7553099999999997
2.75031
2.75031
2.75031
2.74031
2.7353099999999997
2.73031
2.7353099999999997
2.74531
2.7353099999999997
2.7353099999999997
2.7353099999999997
2.72531
2.72031
2.7103099999999998
2.70531
2.6903099999999998
2.68531
2.70031
2.7103099999999998
2.70031
2.70531
2.70531
2.70031
2.6903099999999998
2.6903099999999998
2.68031
2.66531
2.64531
2.64031
2.6303099999999997
2.6303099999999997
2.6303099999999997
2.62531
2.6103099999999997
2.60531
2.59531
2.59531
2.60031
2.60531
2.60531
2.62031
2.61531
2.61531
2.60531
2.60031
2.60531
2.64031
2.66
2.65531
2.6703099999999997
2.72031
2.75031
2.74531
2.78031
2.8353099999999998
2.85031
2.85031
2.83031
2.8403099999999997
2.85031
2.8603099999999997
2.84531
2.8353099999999998
2.8203099999999997
2.81031
2.80531
2.78531
2.7753099999999997
2.76031
2.75031
2.75031
2.73031
2.7153099999999997
2.70031
2.70531
2.70031
2.6903099999999998
2.6903099999999998
2.6953099999999997
2.6753099999999996
2.66031
2.64531
2.64031
2.64031
2.6303099999999997
2.62031
2.62031
2.6103099999999997
2.59531
2.57531
2.5653099999999998
2.5503099999999996
2.5453099999999997
2.53531
2.5253099999999997
2.51531
2.53031
2.53031
2.5253099999999997
2.5253099999999997
2.53531
2.5453099999999997
2.53031
2.51531
2.5253099999999997
2.5253099999999997
2.5253099999999997
2.52031
2.51031
2.50031
2.49531
2.49531
2.48031
2.47531
2.4603099999999998
2.45531
2.45031
2.4403099999999998
2.4603099999999998
2.48031
2.49031
2.51031
2.51531
2.51531
2.51031
2.51531
2.50031
2.51031
2.5053099999999997
2.5053099999999997
2.49531
2.49031
2.49031
2.49031
2.485
2.49531
2.52031
2.5253099999999997
2.5253099999999997
2.55531
2.5903099999999997
2.5853099999999998
2.60531
2.62031
2.61531
2.61531
2.6103099999999997
2.64531
2.65531
2.65531
2.68031
2.70031
2.70531
2.70031
2.6953099999999997
2.70031
2.6903099999999998
2.6753099999999996
2.6703099999999997
2.6753099999999996
2.6703099999999997
2.6753099999999996
2.68531
2.6703099999999997
2.66031
2.64031
2.62031
2.60531
2.60531
2.5853099999999998
2.57531
2.5703099999999997
2.5703099999999997
2.5653099999999998
2.55531
2.5503099999999996
2.5453099999999997
2.54031
2.5253099999999997
2.5253099999999997
2.51031
2.5053099999999997
2.5053099999999997
2.50031
2.49031
2.48031
2.4653099999999997
2.4603099999999998
2.4403099999999998
2.4453099999999997
2.45031
2.47031
2.4653099999999997
2.47031
2.48031
2.47531
2.4653099999999997
2.47031
2.4653099999999997
2.48
2.4853099999999997
2.47531
2.47531
2.49031
2.5053099999999997
2.5053099999999997
2.49031
2.4853099999999997
2.47531
2.47531
2.47031
2.48031
2.4603099999999998
2.4453099999999997
2.4453099999999997
2.4453099999999997
2.4453099999999997
2.43531
2.43031
2.4203099999999997
2.41531
2.41031
2.41031
2.40531
