2.10031
2.10031
2.09531
2.07531
2.08031
2.0903099999999997
2.0903099999999997
2.10531
2.10031
2.10031
2.11531
2.12031
2.13531
2.15531
2.16031
2.14531
2.13531
2.1303099999999997
2.12031
2.12531
2.1103099999999997
2.11531
2.10531
2.1103099999999997
2.1103099999999997
2.1103099999999997
2.11531
2.11531
2.1103099999999997
2.10031
2.10031
2.10031
2.10031
2.10031
2.10031
2.10531
2.11531
2.1303099999999997
2.1303099999999997
2.12031
2.13531
2.14531
2.16031
2.15531
2.1753099999999996
2.1903099999999998
2.1903099999999998
2.1753099999999996
2.1703099999999997
2.1753099999999996
2.1703099999999997
2.16031
2.14531
2.1503099999999997
2.1503099999999997
2.14531
2.13531
2.14531
2.16031
2.16031
2.1753099999999996
2.18031
2.18531
2.2153099999999997
2.2103099999999998
2.20031
2.2153099999999997
2.22531
2.22031
2.23031
2.2353099999999997
2.2353099999999997
2.22531
2.22031
2.22031
2.22031
2.22531
2.2153099999999997
2.20531
2.20031
2.1953099999999997
2.22031
2.25031
2.25031
2.27031
2.28531
2.25031
2.2753099999999997
2.26531
2.25031
2.26031
2.26531
2.26531
2.26031
2.2553099999999997
2.24531
2.26031
2.28531
2.28531
2.31031
2.32531
2.33031
2.32531
2.3153099999999998
2.3203099999999997
2.3203099999999997
2.31031
2.3003099999999996
2.2953099999999997
2.3003099999999996
2.29031
2.28031
2.2753099999999997
2.27031
2.26531
2.26531
2.26031
2.26031
2.25031
2.24531
2.2353099999999997
2.23031
2.22531
2.22031
2.2153099999999997
2.20531
2.20531
2.2153099999999997
2.22531
2.22031
2.2103099999999998
2.20531
2.20031
2.20531
2.2103099999999998
2.2153099999999997
2.2153099999999997
2.2153099999999997
2.22031
2.2153099999999997
2.24531
2.28031
2.29031
2.33
2.38531
2.4203099999999997
2.4203099999999997
2.41531
2.40531
2.41531
2.43031
2.43031
2.43531
2.4453099999999997
2.45531
2.47031
2.45531
2.45531
2.4403099999999998
2.43031
2.4253099999999996
2.43531
2.43031
2.4253099999999996
2.4253099999999996
2.45031
2.4603099999999998
2.45531
2.45531
2.45531
2.45531
2.4653099999999997
2.45031
2.45031
2.43031
2.4403099999999998
2.4453099999999997
2.45531
2.45031
2.45531
2.45531
2.4603099999999998
2.45031
2.47031
2.51031
2.52031
2.53031
2.5653099999999998
2.5703099999999997
2.5653099999999998
2.5703099999999997
2.56031
2.5653099999999998
2.59531
2.61531
2.62531
2.6103099999999997
2.60531
2.6303099999999997
2.63531
2.62531
2.61531
2.6103099999999997
2.59531
2.5853099999999998
2.5903099999999997
2.6103099999999997
2.61531
2.60031
2.60531
2.62031
2.62531
2.62531
2.62031
2.6303099999999997
2.62031
2.63531
2.66031
2.66031
2.65531
2.64531
2.6503099999999997
2.64031
2.63531
2.6303099999999997
2.64031
2.65531
2.66031
2.6503099999999997
2.66531
2.6703099999999997
2.65531
2.6503099999999997
2.64531
2.6503099999999997
2.64531
2.64531
2.66031
2.66031
2.66031
2.66031
2.66031
2.66031
2.64531
2.64531
2.64531
2.65531
2.64531
2.63531
2.62031
2.6303099999999997
2.63531
2.6303099999999997
2.63531
2.6303099999999997
2.62031
2.61531
2.60531
2.59531
2.5853099999999998
2.5903099999999997
2.5903099999999997
2.60531
2.60531
2.6103099999999997
2.61531
2.6303099999999997
2.62031
2.62531
2.62531
2.66031
2.6903099999999998
2.6953099999999997
2.73031
2.74531
2.7353099999999997
2.72031
2.73031
2.75031
2.74531
2.74531
2.7353099999999997
2.7353099999999997
2.7353099999999997
2.72031
2.73031
2.76531
2.78031
2.7953099999999997
2.82531
2.8403099999999997
2.83031
2.8353099999999998
2.85531
2.85531
2.8603099999999997
2.87531
2.87531
2.89031
2.88531
2.9003099999999997
2.9003099999999997
2.89531
2.89031
2.87531
2.87031
2.85031
2.85531
2.86531
2.87031
2.86531
2.89031
2.89031
2.9203099999999997
2.9653099999999997
2.95531
2.98031
2.9853099999999997
2.99031
2.99531
3.00031
3.01531
3.01531
3.00031
2.99031
3.00031
3.01031
3.0053099999999997
3.01531
3.02031
3.0053099999999997
3.01031
3.0053099999999997
2.99531
2.9853099999999997
2.97531
2.9603099999999998
2.95531
2.9453099999999997
2.9403099999999998
2.9253099999999996
2.91031
2.90531
2.91031
2.9253099999999996
2.9203099999999997
2.90531
2.89531
2.9003099999999997
2.91031
2.89031
2.88531
2.87031
2.86531
2.88531
2.91031
2.91531
2.91531
2.93031
2.9453099999999997
2.93531
2.93031
2.9203099999999997
2.91031
2.90531
2.93031
2.9653099999999997
2.97531
2.9603099999999998
3.0053099999999997
3.03531
3.0653099999999998
3.05531
3.05531
3.0653099999999998
3.0653099999999998
3.0503099999999996
3.03031
3.02031
3.01031
3.00031
2.9853099999999997
2.97531
2.9653099999999997
2.9653099999999997
2.9653099999999997
2.95031
2.9653099999999997
2.97031
2.9653099999999997
2.9603099999999998
2.9653099999999997
2.9603099999999998
2.95031
2.95031
2.95031
2.9653099999999997
2.9653099999999997
2.95531
2.9453099999999997
2.9453099999999997
2.97531
2.99031
2.99031
3.0053099999999997
3.03031
3.04031
3.03531
3.04031
3.02031
3.0253099999999997
3.02031
3.0053099999999997
3.01031
3.00031
2.99531
2.99531
2.99031
2.97531
2.97031
2.97531
2.97031
2.97031
2.9653099999999997
2.97531
3.0053099999999997
3.0253099999999997
3.03031
3.06031
3.0703099999999997
3.0653099999999998
3.05531
3.0453099999999997
3.0503099999999996
3.02031
3.04031
3.03531
3.03531
3.02031
3.00031
3.00031
3.00031
2.99031
2.98031
2.9653099999999997
2.95031
2.9453099999999997
2.93031
2.9253099999999996
2.9203099999999997
2.91031
2.90531
2.89531
2.89031
2.89031
2.89031
2.8803099999999997
2.86531
2.8603099999999997
2.8603099999999997
2.87031
2.8803099999999997
2.8803099999999997
2.87531
2.87531
2.87031
2.8603099999999997
2.86531
2.87031
2.87031
2.86531
2.8603099999999997
2.8603099999999997
2.85531
2.86531
2.86531
2.85531
2.8603099999999997
2.8603099999999997
2.8603099999999997
2.84531
2.84531
2.8403099999999997
2.85531
2.91031
2.9253099999999996
2.95031
2.97031
3.0053099999999997
3.0253099999999997
3.0253099999999997
3.01031
3.0053099999999997
3.01531
3.0253099999999997
3.01531
3.0053099999999997
2.99031
2.97031
2.9653099999999997
2.9603099999999998
2.95531
2.9453099999999997
2.93531
2.93531
2.9203099999999997
2.91031
2.9003099999999997
2.89031
2.88531
2.88531
2.89031
2.9003099999999997
2.93031
2.9403099999999998
2.97531
3.02031
3.04031
3.04031
3.01031
3.01531
3.0053099999999997
3.02031
3.02031
3.00031
2.99031
2.99031
2.97531
2.97531
2.98031
2.9653099999999997
2.9603099999999998
2.9603099999999998
2.95031
2.9453099999999997
2.93031
2.93031
2.91031
2.91031
2.91531
2.9003099999999997
2.88531
2.86531
2.87531
2.88531
2.87031
2.8603099999999997
2.8603099999999997
2.85531
2.87531
2.87531
2.86531
2.85531
2.85531
2.8803099999999997
2.87031
2.8803099999999997
2.8803099999999997
2.87531
2.8603099999999997
2.84531
2.86531
2.89031
2.90531
2.89531
2.91031
2.89031
2.8803099999999997
2.9003099999999997
2.9203099999999997
2.9253099999999996
2.91031
2.91031
2.9403099999999998
2.97531
2.97531
2.98031
2.98031
2.9603099999999998
2.95031
2.95031
2.95031
2.9453099999999997
2.9653099999999997
2.9603099999999998
2.9603099999999998
2.97531
2.9653099999999997
2.95531
2.9403099999999998
2.9253099999999996
2.91031
2.91531
2.9253099999999996
2.9203099999999997
2.91531
2.93031
2.95031
2.95031
2.93531
2.91531
2.90531
2.89531
2.88531
2.87531
2.88531
2.8803099999999997
2.87031
2.85031
2.84531
2.8353099999999998
2.8153099999999998
2.80531
2.8003099999999996
2.8003099999999996
2.8003099999999996
2.79031
2.81031
2.8403099999999997
2.85531
2.84531
2.87531
2.88531
2.89531
2.88531
2.91031
2.9403099999999998
2.9453099999999997
2.9453099999999997
2.95031
2.93531
2.93031
2.93531
2.9203099999999997
2.91531
2.91031
2.91531
2.9003099999999997
2.88531
2.86531
2.87531
2.8803099999999997
2.87031
2.86531
2.8603099999999997
2.84531
2.83031
2.82531
2.81031
2.79031
2.8003099999999996
2.8203099999999997
2.8153099999999998
2.81031
2.82531
2.84531
2.85531
2.84531
2.86531
2.88531
2.87531
2.88531
2.88531
2.87031
2.8603099999999997
2.85531
2.8403099999999997
2.83031
2.8153099999999998
2.80531
2.79031
2.7953099999999997
2.8003099999999996
2.79031
2.79031
2.7953099999999997
2.79031
2.7753099999999997
2.78031
2.80531
2.80531
2.78531
2.78031
2.7753099999999997
2.7753099999999997
2.78531
2.78531
2.78031
2.8003099999999996
2.80531
2.8003099999999996
2.8003099999999996
2.80531
2.80531
2.8003099999999996
2.8203099999999997
2.83031
2.82531
2.8203099999999997
2.83031
2.83031
2.82531
2.82531
2.8153099999999998
2.81031
2.81031
2.82531
2.8203099999999997
2.8203099999999997
2.8203099999999997
2.8203099999999997
2.82531
2.8353099999999998
2.8403099999999997
2.85531
2.89531
2.9403099999999998
2.9603099999999998
2.97031
3.06031
3.1103099999999997
3.1303099999999997
3.12531
3.13531
3.14031
3.13531
3.11531
3.11531
3.10531
3.10031
3.11531
3.1103099999999997
3.09531
3.10531
3.11531
3.10531
3.10531
3.12031
3.13531
3.12531
3.12531
3.11531
3.12031
3.1303099999999997
3.12031
3.11531
3.12531
3.14531
3.16031
3.1503099999999997
3.14531
3.16531
3.16031
3.13531
3.12531
3.12031
3.1303099999999997
3.12031
3.10531
3.12531
3.1303099999999997
3.16031
3.14531
3.16531
3.18531
3.18031
3.16531
3.16031
3.15531
3.1503099999999997
3.16031
3.18031
3.1753099999999996
3.1753099999999996
3.18531
3.20031
3.1953099999999997
3.1903099999999998
3.1953099999999997
3.18031
3.1703099999999997
3.16531
3.13531
3.14531
3.14531
3.1303099999999997
3.11531
3.10531
3.0903099999999997
3.0903099999999997
3.09531
3.1103099999999997
3.10031
3.11531
3.10031
3.09531
3.08031
3.07531
3.0853099999999998
3.09531
3.0853099999999998
3.08031
3.0703099999999997
3.0703099999999997
3.08031
3.1103099999999997
3.12531
3.14031
3.1903099999999998
3.22531
3.23031
3.22031
3.22031
3.22031
3.2153099999999997
3.2353099999999997
3.2353099999999997
3.22531
3.2103099999999998
3.20031
3.18531
3.18531
3.1903099999999998
3.1753099999999996
3.1753099999999996
3.1953099999999997
3.1953099999999997
3.20531
3.2353099999999997
3.27031
3.27031
3.2553099999999997
3.25031
3.24531
3.2353099999999997
3.2553099999999997
3.28031
3.28531
3.3203099999999997
3.3603099999999997
3.36531
3.3603099999999997
3.37531
3.4003099999999997
3.41531
3.4253099999999996
3.41531
3.40531
3.40531
3.40531
3.39531
3.39031
3.41531
3.4253099999999996
3.4253099999999996
3.43031
3.4253099999999996
3.45531
3.47031
3.4603099999999998
3.47031
3.48031
3.4853099999999997
3.48031
3.4653099999999997
3.45031
3.4453099999999997
3.4453099999999997
3.4253099999999996
3.41531
3.39531
3.38531
3.37531
3.38531
3.39531
3.39031
3.39031
3.40531
3.4003099999999997
3.41531
3.4253099999999996
3.41531
3.4403099999999998
3.45531
3.45031
3.4403099999999998
3.4253099999999996
3.43531
3.4853099999999997
3.49531
3.5503099999999996
3.58031
3.60531
3.5703099999999997
3.56031
3.56031
3.5703099999999997
3.5853099999999998
3.57531
3.56031
3.56031
3.55531
3.5453099999999997
3.55531
3.5653099999999998
3.5653099999999998
3.56031
3.5853099999999998
3.60531
3.60531
3.5903099999999997
3.57531
3.56031
3.54031
3.53031
3.5453099999999997
3.57531
3.5853099999999998
3.5853099999999998
3.60531
3.6103099999999997
3.59531
3.5853099999999998
3.5903099999999997
3.59531
3.60031
3.6303099999999997
3.64031
3.63531
3.62031
3.62531
3.64531
3.66031
3.66531
3.64531
3.64531
3.63531
3.6303099999999997
3.6103099999999997
3.60031
3.58031
3.5703099999999997
3.5703099999999997
3.56031
3.5453099999999997
3.53531
3.5253099999999997
3.5253099999999997
3.51031
3.50031
3.49031
3.47531
3.47031
3.4603099999999998
3.45031
3.45531
3.45531
3.45531
3.4653099999999997
3.47031
3.4603099999999998
3.45531
3.47031
3.48031
3.47031
3.48031
3.4853099999999997
3.49031
3.47531
3.47031
3.49031
3.49031
3.49031
3.49031
3.4853099999999997
3.48031
3.4853099999999997
3.47531
3.47031
3.4603099999999998
3.45031
3.4453099999999997
3.45531
3.4403099999999998
3.4253099999999996
3.4203099999999997
3.4253099999999996
3.4453099999999997
3.4603099999999998
3.45031
3.4603099999999998
3.4603099999999998
3.4453099999999997
3.4403099999999998
3.43031
3.4203099999999997
3.4203099999999997
3.41531
3.39531
3.39031
3.39031
3.37531
3.37031
3.35031
3.3403099999999997
3.33031
3.3203099999999997
3.33031
3.33031
3.32531
3.32531
3.33031
3.32531
3.3153099999999998
3.3153099999999998
3.3003099999999996
3.2953099999999997
3.2953099999999997
3.28531
3.29031
3.27031
3.27031
3.28031
3.28031
3.30531
3.3153099999999998
3.31031
3.3153099999999998
3.31031
3.3003099999999996
3.3153099999999998
3.34531
3.3403099999999997
3.37531
3.40531
3.41531
3.4003099999999997
3.38531
3.3803099999999997
3.37031
3.37031
3.35531
3.35531
3.3603099999999997
3.3603099999999997
3.35531
3.35031
3.3353099999999998
3.3353099999999998
3.3203099999999997
3.3153099999999998
3.30531
3.30531
3.28531
3.28031
3.29031
3.2953099999999997
3.29031
3.27031
3.2753099999999997
3.28031
3.3003099999999996
3.28531
3.2753099999999997
3.29031
3.2753099999999997
3.28031
3.28031
3.2753099999999997
3.27031
3.2753099999999997
3.27031
3.26531
3.25031
3.24531
3.24031
3.22531
3.2103099999999998
3.1953099999999997
3.18031
3.1753099999999996
3.16031
3.14531
3.1303099999999997
3.11531
3.1103099999999997
3.1103099999999997
3.10531
3.10031
3.0853099999999998
3.09531
3.09531
3.0903099999999997
3.0853099999999998
3.09531
3.10531
3.0903099999999997
3.0853099999999998
3.08031
3.0703099999999997
3.06031
3.0503099999999996
3.03031
3.03531
3.04031
3.03531
3.01531
3.03031
3.02031
3.01031
2.99531
2.99031
2.97531
2.97031
2.9603099999999998
2.9603099999999998
2.95531
2.9403099999999998
2.93031
2.9203099999999997
2.91031
2.89531
2.89531
2.89031
2.88531
2.87031
2.86531
2.85031
2.84531
2.83031
2.83031
2.80531
2.80531
2.8353099999999998
2.82531
2.8353099999999998
2.8353099999999998
2.82531
2.8153099999999998
2.80531
2.7953099999999997
2.78531
2.78031
2.78031
2.76531
2.76031
2.7553099999999997
2.74531
2.73031
2.72031
2.7153099999999997
2.72031
2.70531
2.68531
2.7103099999999998
2.6953099999999997
2.70031
2.70031
2.6953099999999997
2.68531
2.6703099999999997
2.66031
2.66531
2.6903099999999998
2.6903099999999998
2.68031
2.68531
2.6903099999999998
2.68531
2.66531
2.66031
2.65531
2.6503099999999997
2.6303099999999997
2.64031
2.6303099999999997
2.62531
2.6103099999999997
2.60531
2.6103099999999997
2.5903099999999997
2.57531
2.59531
2.60031
2.60031
2.5903099999999997
2.57531
2.57531
2.59531
2.5903099999999997
2.58031
2.5703099999999997
2.55531
2.56031
2.5653099999999998
2.54031
2.53531
2.52031
2.52031
2.51531
2.5053099999999997
2.50031
2.49531
2.50031
2.49031
2.47531
2.47031
2.47031
2.4603099999999998
2.45031
2.4403099999999998
2.4453099999999997
2.4403099999999998
2.4253099999999996
2.4203099999999997
2.40531
2.4203099999999997
2.4403099999999998
2.4453099999999997
2.45031
2.4403099999999998
2.43531
2.43031
2.43
2.47031
2.50031
2.49031
2.4853099999999997
2.50031
2.51531
2.51531
2.52031
2.5053099999999997
2.49031
2.4853099999999997
2.47031
2.47031
2.47031
2.47031
2.4603099999999998
2.48031
2.45531
2.47031
2.47531
2.4653099999999997
2.4453099999999997
2.45531
2.4453099999999997
2.4453099999999997
2.43531
2.4253099999999996
2.40531
2.39031
2.38531
2.37031
2.35531
2.3403099999999997
2.33031
2.3153099999999998
2.3003099999999996
2.3003099999999996
2.2953099999999997
2.28031
2.28531
2.27031
2.26031
2.24531
2.2353099999999997
2.23031
2.24031
2.23031
2.2153099999999997
2.22531
2.2353099999999997
2.2353099999999997
2.23031
2.22531
2.2153099999999997
2.20531
2.2103099999999998
2.2103099999999998
2.20531
2.20531
2.20031
2.22031
2.24031
2.24031
2.265
2.30531
2.3153099999999998
2.31031
2.30531
2.29031
2.28031
2.27031
2.28031
2.28531
2.28531
2.28031
2.27031
2.27031
2.26531
2.24531
2.25031
2.2553099999999997
2.24031
2.22531
2.2103099999999998
2.2103099999999998
2.2103099999999998
2.20031
2.1903099999999998
2.18031
2.1753099999999996
2.18531
2.20031
2.20531
2.20531
2.1903099999999998
2.18031
2.18031
2.20031
2.22031
2.24031
2.24031
2.22031
2.25031
2.28531
2.26031
2.25031
2.24531
2.23031
2.22031
2.25031
2.24031
2.24531
2.23031
2.22531
2.2103099999999998
2.2153099999999997
2.2153099999999997
2.20531
2.20531
2.18531
2.1953099999999997
2.2103099999999998
2.2153099999999997
2.2153099999999997
2.2153099999999997
2.20531
2.1903099999999998
2.2103099999999998
2.22531
2.2153099999999997
2.22031
2.20531
2.20531
2.2103099999999998
2.2353099999999997
2.23031
2.22531
2.2103099999999998
2.20031
2.20031
2.2153099999999997
2.23031
2.24031
2.2353099999999997
2.24031
2.24531
2.2353099999999997
2.2353099999999997
2.22031
2.2153099999999997
2.2103099999999998
2.22031
2.2153099999999997
2.2103099999999998
2.2103099999999998
2.2103099999999998
2.20531
2.2103099999999998
2.20031
2.19
2.18031
2.1753099999999996
2.16531
2.1753099999999996
2.18531
2.1903099999999998
