1.06149152351369
0.6741811767921628
0.6206856822941045
0.6560829118959441
0.6939073331522556
0.7346759823065647
0.4831268353067153
0.4957720229705551
0.5931771445871243
0.5140660539550677
0.6852086492678449
0.7394331042233142
0.5736653497639608
0.9658307717242698
0.9176957024111763
0.5278254964695428
0.7440547586318933
0.6400954754638657
0.9297027321475182
0.8731121704412985
0.4540588870157656
0.9977747920929145
0.85730728978529
0.6656094299758335
0.6163406931937883
0.5805690496188831
0.641839529878335
0.9875502431154177
0.6397847995187727
0.4503914891819647
0.7972607983881506
0.37739024558714274
0.7118319557274921
0.4007184458313715
0.5217633749419288
0.630091207979617
0.7147098854500133
0.641224265058091
0.7334049893572951
0.7889146732244448
0.6533670922476733
0.732279577764402
0.6351098327010145
0.5346833022850483
0.734128163050223
0.6241372189743415
0.688314109457385
0.9502200299641714
0.6024763037228422
0.7098942540653126
0.6452111703679935
0.5106261202429216
0.7521840807946942
0.4354167327205556
0.47186393259947823
0.7751734818699265
0.6610247577820754
0.48239506715797775
0.5953722471223868
0.8105215947497093
0.5226341794165359
0.6948160346570194
0.49998715426606677
0.4278666358732972
0.675843091402933
0.6121683982596762
0.6138433322796233
0.7248780796976793
0.570356792507108
0.5817005761914564
0.5828594209441322
0.9403475760141882
0.5661463193186278
0.6383400801082786
0.6906784588849832
1.0387104685479258
0.6127605992900642
0.8595520137656398
0.7481044158973371
0.825703642934239
0.6373609879827873
0.9368370507652324
0.5369619719631262
0.5650593748549324
0.6819894018460699
0.6015897688592571
0.7477628989951373
0.6674379826582146
0.4607442548766809
0.5471172255053938
0.7263333205996403
0.46454103030163996
0.7101795222245253
0.7392111343589194
0.6554020640726841
0.4986582542746403
0.8633466738471518
0.6192231247561601
0.5262933057994506
