0.7957327713652007
0.5535830148299806
0.6170868564350861
0.5818507656733766
0.5999874638540688
0.7574228377424183
0.44655829312294504
0.50981507447696
0.5778652323129629
0.5325222045332983
0.6080601932592212
0.6266760206775892
0.578797109271583
0.7604294676999341
0.8495437710781464
0.49375806256888316
0.570713365458409
0.6049030554036394
0.8031931398048374
0.653380741973441
0.5094872243837765
0.9316899881439049
0.7379667073323202
0.6300097627672506
0.556102989636299
0.5726584311487133
0.586813804539413
0.7679832016908744
0.6534194584875225
0.45706341653556537
0.7444422139184934
0.4118579005268627
0.5859410945128848
0.4393048267093109
0.5157330170723547
0.6060218015989415
0.6505171767111886
0.5774155338092598
0.661845266861722
0.6860944097816217
0.6020392356713762
0.6591362308909062
0.6140933746317604
0.5249111498309326
0.6686657730624481
0.5898742228739451
0.60713306154746
0.7041823452614874
0.5408723035744252
0.6534214141710656
0.5977253756264651
0.48431673657229646
0.7006975551725154
0.5021854949254027
0.44724773718917593
0.7156029338338334
0.5825238207561082
0.4912851336966746
0.5854247865910394
0.6812071331973498
0.4950122222145487
0.6464584679613771
0.4782485263305393
0.4230273161153844
0.5979572452747417
0.6254553018273206
0.5694298430072176
0.6618708196857875
0.4758934103783547
0.5976240710495865
0.5574042890625783
0.7636411573797568
0.5396342827730206
0.5529844963730759
0.6824499407225337
0.742294755811537
0.6210635048755566
0.8141758456062185
0.6111869579915825
0.6239168058338184
0.5875516141637077
0.7897925657296638
0.5438304228732233
0.5513269879590679
0.6323493090917072
0.5695984466654463
0.6545578008275877
0.6530003939349147
0.5097049346379764
0.5212963350525633
0.6613302929343273
0.45451957709458257
0.6235314965819326
0.6531631671067233
0.6317831944001251
0.5120830716385927
0.6932365776480358
0.5246432418666892
0.5096441338347644
